#      time         order        tair      
  4679.000000       1.0000       15.297    
  4679.400000       1.0000       14.951    
  4679.800000       1.0000       14.605    
  4680.000000       1.0000       14.432    
  4680.000000       1.0000       14.434    
  4680.002746       1.0000       14.432    
  4680.005491       1.0000       14.429    
  4680.007168       1.0000       14.428    
  4680.007168       1.0000       14.428    
  4680.009364       1.0000       14.427    
  4680.011560       1.0000       14.425    
  4680.015953       1.0000       14.423    
  4680.024739       1.0000       14.418    
  4680.042311       1.0000       14.408    
  4680.077454       1.0000       14.387    
  4680.147740       1.0000       14.347    
  4680.288312       1.0000       14.266    
  4680.569457       1.0000       14.104    
  4680.677689       1.0000       14.042    
  4680.677689       1.0000       14.042    
  4680.726387       1.0000       14.014    
  4680.775084       1.0000       13.986    
  4680.872480       1.0000       13.929    
  4681.000000       1.0000       13.856    
  4681.000000       1.0000       13.856    
  4681.077916       1.0000       13.821    
  4681.155832       1.0000       13.788    
  4681.311665       1.0000       13.720    
  4681.623329       1.0000       13.586    
  4682.000000       1.0000       13.423    
  4682.000000       1.0000       13.423    
  4682.249332       1.0000       13.315    
  4682.498664       1.0000       13.208    
  4682.997327       1.0000       12.992    
  4683.000000       1.0000       12.991    
  4683.000000       1.0000       12.991    
  4683.398931       1.0000       12.875    
  4683.797862       1.0000       12.760    
  4684.000000       1.0000       12.702    
  4684.000000       1.0000       12.702    
  4684.006383       1.0000       12.700    
  4684.012766       1.0000       12.702    
  4684.023176       1.0000       12.705    
  4684.035077       1.0000       12.708    
  4684.052703       1.0000       12.713    
  4684.076841       1.0000       12.720    
  4684.097822       1.0000       12.726    
  4684.120551       1.0000       12.733    
  4684.139473       1.0000       12.738    
  4684.158205       1.0000       12.744    
  4684.175485       1.0000       12.749    
  4684.192669       1.0000       12.753    
  4684.209402       1.0000       12.758    
  4684.226201       1.0000       12.763    
  4684.243406       1.0000       12.768    
  4684.262049       1.0000       12.773    
  4684.282280       1.0000       12.779    
  4684.304645       1.0000       12.786    
  4684.329681       1.0000       12.793    
  4684.358057       1.0000       12.801    
  4684.390755       1.0000       12.811    
  4684.429120       1.0000       12.822    
  4684.475262       1.0000       12.835    
  4684.532385       1.0000       12.851    
  4684.606075       1.0000       12.873    
  4684.606075       1.0000       12.873    
  4684.614403       1.0000       12.875    
  4684.622731       1.0000       12.877    
  4684.639386       1.0000       12.882    
  4684.672697       1.0000       12.892    
  4684.739319       1.0000       12.911    
  4684.872564       1.0000       12.949    
  4685.000000       1.0000       12.986    
  4685.000000       1.0000       12.986    
  4685.106596       1.0000       13.088    
  4685.213191       1.0000       13.196    
  4685.426382       1.0000       13.411    
  4685.829970       1.0000       13.818    
  4686.000000       1.0000       13.989    
  4686.000000       1.0000       13.989    
  4686.034111       1.0000       14.063    
  4686.068221       1.0000       14.146    
  4686.102458       1.0000       14.230    
  4686.113461       1.0000       14.257    
  4686.135467       1.0000       14.311    
  4686.173404       1.0000       14.404    
  4686.185629       1.0000       14.433    
  4686.210081       1.0000       14.493    
  4686.258985       1.0000       14.613    
  4686.278546       1.0000       14.661    
  4686.317669       1.0000       14.757    
  4686.333318       1.0000       14.795    
  4686.364616       1.0000       14.872    
  4686.377136       1.0000       14.902    
  4686.402174       1.0000       14.964    
  4686.452251       1.0000       15.086    
  4686.472282       1.0000       15.135    
  4686.512344       1.0000       15.233    
  4686.528369       1.0000       15.272    
  4686.560418       1.0000       15.351    
  4686.573238       1.0000       15.382    
  4686.598878       1.0000       15.445    
  4686.650157       1.0000       15.571    
  4686.752715       1.0000       15.822    
  4686.957831       1.0000       16.324    
  4686.958056       1.0000       16.324    
  4686.958056       1.0000       16.324    
  4686.965333       1.0000       16.342    
  4686.972610       1.0000       16.360    
  4686.987164       1.0000       16.396    
  4687.000000       1.0000       16.427    
  4687.000000       1.0000       16.427    
  4687.011643       1.0000       16.457    
  4687.023286       1.0000       16.489    
  4687.046572       1.0000       16.552    
  4687.093144       1.0000       16.680    
  4687.111044       1.0000       16.729    
  4687.118204       1.0000       16.748    
  4687.132525       1.0000       16.788    
  4687.138253       1.0000       16.803    
  4687.149709       1.0000       16.835    
  4687.172621       1.0000       16.897    
  4687.218445       1.0000       17.023    
  4687.266413       1.0000       17.154    
  4687.325406       1.0000       17.315    
  4687.389614       1.0000       17.491    
  4687.468798       1.0000       17.708    
  4687.575177       1.0000       17.999    
  4687.699872       1.0000       18.340    
  4687.853224       1.0000       18.759    
  4687.986302       1.0000       19.124    
  4688.000000       1.0000       19.161    
  4688.000000       1.0000       19.161    
  4688.037258       1.0000       19.254    
  4688.074515       1.0000       19.345    
  4688.149031       1.0000       19.528    
  4688.149031       1.0000       19.528    
  4688.178837       1.0000       19.601    
  4688.208643       1.0000       19.674    
  4688.268256       1.0000       19.820    
  4688.387480       1.0000       20.112    
  4688.387480       1.0000       20.112    
  4688.435170       1.0000       20.228    
  4688.482860       1.0000       20.345    
  4688.578240       1.0000       20.579    
  4688.768999       1.0000       21.046    
  4689.000000       1.0000       21.611    
  4689.000000       1.0000       21.611    
  4689.024840       1.0000       21.667    
  4689.049681       1.0000       21.720    
  4689.099362       1.0000       21.828    
  4689.099362       1.0000       21.828    
  4689.119234       1.0000       21.871    
  4689.139107       1.0000       21.914    
  4689.178851       1.0000       21.999    
  4689.258341       1.0000       22.171    
  4689.417320       1.0000       22.514    
  4689.676495       1.0000       23.074    
  4690.000000       1.0000       23.773    
  4690.000000       1.0000       23.773    
  4690.127183       1.0000       23.961    
  4690.254366       1.0000       24.144    
  4690.508733       1.0000       24.511    
  4690.888597       1.0000       25.058    
  4690.888597       1.0000       25.058    
  4690.944298       1.0000       25.138    
  4691.000000       1.0000       25.218    
  4691.000000       1.0000       25.218    
  4691.044561       1.0000       25.271    
  4691.089123       1.0000       25.323    
  4691.178245       1.0000       25.425    
  4691.356490       1.0000       25.631    
  4691.712980       1.0000       26.041    
  4692.000000       1.0000       26.372    
  4692.000000       1.0000       26.372    
  4692.285192       1.0000       26.580    
  4692.570384       1.0000       26.786    
  4693.000000       1.0000       27.095    
  4693.000000       1.0000       27.095    
  4693.228154       1.0000       27.100    
  4693.456307       1.0000       27.100    
  4693.912615       1.0000       27.100    
  4694.000000       1.0000       27.100    
  4694.000000       1.0000       27.100    
  4694.365046       1.0000       26.791    
  4694.730092       1.0000       26.475    
  4695.000000       1.0000       26.242    
  4695.000000       1.0000       26.242    
  4695.292037       1.0000       25.908    
  4695.584073       1.0000       25.571    
  4696.000000       1.0000       25.092    
  4696.000000       1.0000       25.092    
  4696.026105       1.0000       25.056    
  4696.052211       1.0000       25.019    
  4696.104422       1.0000       24.944    
  4696.104422       1.0000       24.944    
  4696.125306       1.0000       24.914    
  4696.146190       1.0000       24.883    
  4696.187959       1.0000       24.823    
  4696.271496       1.0000       24.703    
  4696.438571       1.0000       24.462    
  4696.772720       1.0000       23.981    
  4697.000000       1.0000       23.654    
  4697.000000       1.0000       23.654    
  4697.005484       1.0000       23.646    
  4697.010968       1.0000       23.635    
  4697.015390       1.0000       23.626    
  4697.020624       1.0000       23.614    
  4697.026095       1.0000       23.603    
  4697.032691       1.0000       23.588    
  4697.040669       1.0000       23.571    
  4697.051837       1.0000       23.547    
  4697.066336       1.0000       23.516    
  4697.083964       1.0000       23.478    
  4697.099858       1.0000       23.443    
  4697.117901       1.0000       23.404    
  4697.136382       1.0000       23.364    
  4697.157403       1.0000       23.319    
  4697.180516       1.0000       23.269    
  4697.207166       1.0000       23.211    
  4697.237854       1.0000       23.145    
  4697.274264       1.0000       23.067    
  4697.318177       1.0000       22.972    
  4697.372883       1.0000       22.854    
  4697.443486       1.0000       22.701    
  4697.539417       1.0000       22.494    
  4697.679040       1.0000       22.192    
  4697.810017       1.0000       21.909    
  4697.810017       1.0000       21.909    
  4697.813554       1.0000       21.902    
  4697.817092       1.0000       21.894    
  4697.824168       1.0000       21.879    
  4697.838319       1.0000       21.848    
  4697.866621       1.0000       21.787    
  4697.923225       1.0000       21.665    
  4698.000000       1.0000       21.499    
  4698.000000       1.0000       21.499    
  4698.045283       1.0000       21.423    
  4698.090567       1.0000       21.352    
  4698.181133       1.0000       21.208    
  4698.362266       1.0000       20.921    
  4698.643955       1.0000       20.475    
  4698.983799       1.0000       19.937    
  4698.983799       1.0000       19.937    
  4698.991899       1.0000       19.924    
  4699.000000       1.0000       19.911    
  4699.000000       1.0000       19.911    
  4699.006480       1.0000       19.901    
  4699.012961       1.0000       19.892    
  4699.025922       1.0000       19.875    
  4699.051844       1.0000       19.842    
  4699.103687       1.0000       19.775    
  4699.207374       1.0000       19.640    
  4699.414749       1.0000       19.371    
  4699.798068       1.0000       18.875    
  4700.000000       1.0000       18.613    
  4700.000000       1.0000       18.613    
  4700.165899       1.0000       18.398    
  4700.331799       1.0000       18.183    
  4700.663598       1.0000       17.753    
  4701.000000       1.0000       17.317    
  4701.000000       1.0000       17.317    
  4701.265439       1.0000       17.047    
  4701.530878       1.0000       16.780    
  4701.842919       1.0000       16.465    
  4701.842919       1.0000       16.465    
  4701.921460       1.0000       16.386    
  4702.000000       1.0000       16.307    
  4702.000000       1.0000       16.307    
  4702.062832       1.0000       16.244    
  4702.125665       1.0000       16.180    
  4702.251329       1.0000       16.054    
  4702.320977       1.0000       15.983    
  4702.320977       1.0000       15.983    
  4702.421509       1.0000       15.882    
  4702.522040       1.0000       15.781    
  4702.648061       1.0000       15.654    
  4702.806394       1.0000       15.494    
  4703.000000       1.0000       15.299    
