#      time         order        tairmean     top       
  4679.000000       1.0000       21.683       21.962    
  4679.400000       1.0000       21.608       21.882    
  4679.800000       1.0000       21.534       21.802    
  4680.000000       1.0000       21.497       21.763    
  4680.000000       1.0000       21.497       21.763    
  4680.002746       1.0000       21.497       21.762    
  4680.005491       1.0000       21.496       21.762    
  4680.007168       1.0000       21.496       21.761    
  4680.007168       1.0000       21.496       21.761    
  4680.009364       1.0000       21.496       21.761    
  4680.011560       1.0000       21.495       21.761    
  4680.015953       1.0000       21.494       21.760    
  4680.024739       1.0000       21.493       21.758    
  4680.042311       1.0000       21.490       21.754    
  4680.077454       1.0000       21.483       21.748    
  4680.147740       1.0000       21.470       21.734    
  4680.288312       1.0000       21.445       21.707    
  4680.569457       1.0000       21.395       21.653    
  4680.677689       1.0000       21.376       21.633    
  4680.677689       1.0000       21.376       21.633    
  4680.726387       1.0000       21.367       21.623    
  4680.775084       1.0000       21.359       21.614    
  4680.872480       1.0000       21.342       21.596    
  4681.000000       1.0000       21.320       21.572    
  4681.000000       1.0000       21.320       21.572    
  4681.077916       1.0000       21.306       21.557    
  4681.155832       1.0000       21.293       21.543    
  4681.311665       1.0000       21.267       21.514    
  4681.623329       1.0000       21.214       21.457    
  4682.000000       1.0000       21.152       21.389    
  4682.000000       1.0000       21.152       21.389    
  4682.249332       1.0000       21.111       21.345    
  4682.498664       1.0000       21.070       21.300    
  4682.997327       1.0000       20.988       21.211    
  4683.000000       1.0000       20.987       21.210    
  4683.000000       1.0000       20.987       21.210    
  4683.398931       1.0000       20.923       21.140    
  4683.797862       1.0000       20.949       21.180    
  4684.000000       1.0000       21.002       21.250    
  4684.000000       1.0000       21.002       21.250    
  4684.006383       1.0000       21.004       21.252    
  4684.012766       1.0000       21.005       21.254    
  4684.023176       1.0000       21.008       21.258    
  4684.035077       1.0000       21.006       21.221    
  4684.052703       1.0000       21.003       21.219    
  4684.076841       1.0000       20.999       21.217    
  4684.097822       1.0000       20.997       21.217    
  4684.120551       1.0000       20.995       21.217    
  4684.139473       1.0000       20.994       21.218    
  4684.158205       1.0000       20.994       21.219    
  4684.175485       1.0000       20.995       21.221    
  4684.192669       1.0000       20.996       21.223    
  4684.209402       1.0000       20.997       21.225    
  4684.226201       1.0000       20.999       21.228    
  4684.243406       1.0000       21.001       21.231    
  4684.262049       1.0000       21.003       21.234    
  4684.282280       1.0000       21.007       21.238    
  4684.304645       1.0000       21.010       21.243    
  4684.329681       1.0000       21.015       21.248    
  4684.358057       1.0000       21.021       21.254    
  4684.390755       1.0000       21.027       21.261    
  4684.429120       1.0000       21.035       21.268    
  4684.475262       1.0000       21.044       21.278    
  4684.532385       1.0000       21.054       21.288    
  4684.606075       1.0000       21.065       21.297    
  4684.606075       1.0000       21.065       21.297    
  4684.614403       1.0000       21.066       21.298    
  4684.622731       1.0000       21.067       21.299    
  4684.639386       1.0000       21.069       21.300    
  4684.672697       1.0000       21.073       21.304    
  4684.739319       1.0000       21.079       21.309    
  4684.872564       1.0000       21.088       21.315    
  4685.000000       1.0000       21.093       21.318    
  4685.000000       1.0000       21.093       21.318    
  4685.106596       1.0000       21.098       21.322    
  4685.213191       1.0000       21.105       21.325    
  4685.426382       1.0000       21.133       21.345    
  4685.829970       1.0000       21.239       21.423    
  4686.000000       1.0000       21.300       21.468    
  4686.000000       1.0000       21.300       21.468    
  4686.034111       1.0000       21.313       21.478    
  4686.068221       1.0000       21.326       21.488    
  4686.102458       1.0000       21.340       21.498    
  4686.113461       1.0000       21.344       21.501    
  4686.135467       1.0000       21.354       21.508    
  4686.173404       1.0000       21.370       21.520    
  4686.185629       1.0000       21.375       21.524    
  4686.210081       1.0000       21.386       21.532    
  4686.258985       1.0000       21.407       21.546    
  4686.278546       1.0000       21.415       21.552    
  4686.317669       1.0000       21.431       21.564    
  4686.333318       1.0000       21.438       21.568    
  4686.364616       1.0000       21.451       21.578    
  4686.377136       1.0000       21.456       21.581    
  4686.402174       1.0000       21.466       21.589    
  4686.452251       1.0000       21.486       21.603    
  4686.472282       1.0000       21.493       21.608    
  4686.512344       1.0000       21.508       21.619    
  4686.528369       1.0000       21.514       21.623    
  4686.560418       1.0000       21.525       21.631    
  4686.573238       1.0000       21.530       21.634    
  4686.598878       1.0000       21.539       21.641    
  4686.650157       1.0000       21.555       21.652    
  4686.752715       1.0000       21.585       21.674    
  4686.957831       1.0000       21.655       21.748    
  4686.958056       1.0000       21.656       21.748    
  4686.958056       1.0000       21.656       21.748    
  4686.965333       1.0000       21.658       21.750    
  4686.972610       1.0000       21.660       21.751    
  4686.987164       1.0000       21.665       21.754    
  4687.000000       1.0000       21.669       21.757    
  4687.000000       1.0000       21.669       21.757    
  4687.011643       1.0000       21.672       21.759    
  4687.023286       1.0000       21.675       21.761    
  4687.046572       1.0000       21.681       21.765    
  4687.093144       1.0000       21.690       21.771    
  4687.111044       1.0000       21.693       21.774    
  4687.118204       1.0000       21.694       21.775    
  4687.132525       1.0000       21.697       21.777    
  4687.138253       1.0000       21.697       21.778    
  4687.149709       1.0000       21.699       21.779    
  4687.172621       1.0000       21.703       21.782    
  4687.218445       1.0000       21.709       21.788    
  4687.266413       1.0000       21.715       21.794    
  4687.325406       1.0000       21.722       21.802    
  4687.389614       1.0000       21.729       21.810    
  4687.468798       1.0000       21.739       21.822    
  4687.575177       1.0000       21.754       21.840    
  4687.699872       1.0000       21.773       21.862    
  4687.853224       1.0000       21.798       21.891    
  4687.986302       1.0000       21.821       21.918    
  4688.000000       1.0000       21.824       21.921    
  4688.000000       1.0000       21.824       21.921    
  4688.037258       1.0000       21.830       21.928    
  4688.074515       1.0000       21.837       21.936    
  4688.149031       1.0000       21.851       21.951    
  4688.149031       1.0000       21.851       21.951    
  4688.178837       1.0000       21.856       21.958    
  4688.208643       1.0000       21.862       21.964    
  4688.268256       1.0000       21.873       21.976    
  4688.387480       1.0000       21.894       22.002    
  4688.387480       1.0000       21.894       22.002    
  4688.435170       1.0000       21.904       22.015    
  4688.482860       1.0000       21.914       22.026    
  4688.578240       1.0000       21.933       22.048    
  4688.768999       1.0000       21.971       22.093    
  4689.000000       1.0000       22.020       22.148    
  4689.000000       1.0000       22.020       22.148    
  4689.024840       1.0000       22.025       22.154    
  4689.049681       1.0000       22.031       22.160    
  4689.099362       1.0000       22.041       22.172    
  4689.099362       1.0000       22.041       22.172    
  4689.119234       1.0000       22.046       22.177    
  4689.139107       1.0000       22.050       22.182    
  4689.178851       1.0000       22.059       22.191    
  4689.258341       1.0000       22.076       22.210    
  4689.417320       1.0000       22.111       22.249    
  4689.676495       1.0000       22.169       22.313    
  4690.000000       1.0000       22.244       22.394    
  4690.000000       1.0000       22.244       22.394    
  4690.127183       1.0000       22.274       22.425    
  4690.254366       1.0000       22.303       22.456    
  4690.508733       1.0000       22.360       22.518    
  4690.888597       1.0000       22.446       22.609    
  4690.888597       1.0000       22.446       22.609    
  4690.944298       1.0000       22.458       22.622    
  4691.000000       1.0000       22.471       22.636    
  4691.000000       1.0000       22.471       22.636    
  4691.044561       1.0000       22.481       22.646    
  4691.089123       1.0000       22.491       22.657    
  4691.178245       1.0000       22.511       22.678    
  4691.356490       1.0000       22.550       22.720    
  4691.712980       1.0000       22.628       22.802    
  4692.000000       1.0000       22.689       22.868    
  4692.000000       1.0000       22.689       22.868    
  4692.285192       1.0000       22.747       22.931    
  4692.570384       1.0000       22.803       22.992    
  4693.000000       1.0000       22.886       23.082    
  4693.000000       1.0000       22.886       23.082    
  4693.228154       1.0000       22.927       23.127    
  4693.456307       1.0000       22.966       23.170    
  4693.912615       1.0000       23.039       23.249    
  4694.000000       1.0000       23.052       23.264    
  4694.000000       1.0000       23.052       23.264    
  4694.365046       1.0000       23.101       23.318    
  4694.730092       1.0000       23.143       23.365    
  4695.000000       1.0000       23.171       23.396    
  4695.000000       1.0000       23.171       23.396    
  4695.292037       1.0000       23.196       23.425    
  4695.584073       1.0000       23.217       23.450    
  4696.000000       1.0000       23.226       23.462    
  4696.000000       1.0000       23.226       23.462    
  4696.026105       1.0000       23.227       23.462    
  4696.052211       1.0000       23.226       23.462    
  4696.104422       1.0000       23.225       23.461    
  4696.104422       1.0000       23.225       23.461    
  4696.125306       1.0000       23.224       23.461    
  4696.146190       1.0000       23.223       23.460    
  4696.187959       1.0000       23.220       23.459    
  4696.271496       1.0000       23.212       23.452    
  4696.438571       1.0000       23.185       23.432    
  4696.772720       1.0000       23.089       23.354    
  4697.000000       1.0000       22.997       23.279    
  4697.000000       1.0000       22.997       23.279    
  4697.005484       1.0000       22.994       23.277    
  4697.010968       1.0000       22.992       23.275    
  4697.015390       1.0000       22.990       23.274    
  4697.020624       1.0000       22.988       23.272    
  4697.026095       1.0000       22.986       23.270    
  4697.032691       1.0000       22.983       23.268    
  4697.040669       1.0000       22.980       23.266    
  4697.051837       1.0000       22.975       23.262    
  4697.066336       1.0000       22.969       23.257    
  4697.083964       1.0000       22.962       23.252    
  4697.099858       1.0000       22.955       23.246    
  4697.117901       1.0000       22.947       23.240    
  4697.136382       1.0000       22.939       23.234    
  4697.157403       1.0000       22.930       23.228    
  4697.180516       1.0000       22.920       23.220    
  4697.207166       1.0000       22.900       23.178    
  4697.237854       1.0000       22.878       23.161    
  4697.274264       1.0000       22.854       23.143    
  4697.318177       1.0000       22.828       23.124    
  4697.372883       1.0000       22.799       23.103    
  4697.443486       1.0000       22.766       23.080    
  4697.539417       1.0000       22.729       23.053    
  4697.679040       1.0000       22.685       23.019    
  4697.810017       1.0000       22.649       22.991    
  4697.810017       1.0000       22.649       22.991    
  4697.813554       1.0000       22.648       22.990    
  4697.817092       1.0000       22.647       22.990    
  4697.824168       1.0000       22.645       22.988    
  4697.838319       1.0000       22.642       22.986    
  4697.866621       1.0000       22.635       22.981    
  4697.923225       1.0000       22.623       22.971    
  4698.000000       1.0000       22.607       22.958    
  4698.000000       1.0000       22.607       22.958    
  4698.045283       1.0000       22.600       22.952    
  4698.090567       1.0000       22.593       22.946    
  4698.181133       1.0000       22.581       22.936    
  4698.362266       1.0000       22.564       22.920    
  4698.643955       1.0000       22.543       22.899    
  4698.983799       1.0000       22.526       22.883    
  4698.983799       1.0000       22.526       22.883    
  4698.991899       1.0000       22.525       22.883    
  4699.000000       1.0000       22.525       22.883    
  4699.000000       1.0000       22.525       22.883    
  4699.006480       1.0000       22.524       22.882    
  4699.012961       1.0000       22.524       22.882    
  4699.025922       1.0000       22.524       22.882    
  4699.051844       1.0000       22.522       22.881    
  4699.103687       1.0000       22.520       22.879    
  4699.207374       1.0000       22.517       22.876    
  4699.414749       1.0000       22.510       22.869    
  4699.798068       1.0000       22.460       22.812    
  4700.000000       1.0000       22.463       22.827    
  4700.000000       1.0000       22.463       22.827    
  4700.165899       1.0000       22.419       22.754    
  4700.331799       1.0000       22.356       22.672    
  4700.663598       1.0000       22.215       22.515    
  4701.000000       1.0000       22.107       22.408    
  4701.000000       1.0000       22.107       22.408    
  4701.265439       1.0000       22.036       22.335    
  4701.530878       1.0000       21.973       22.270    
  4701.842919       1.0000       21.906       22.199    
  4701.842919       1.0000       21.906       22.199    
  4701.921460       1.0000       21.889       22.182    
  4702.000000       1.0000       21.873       22.164    
  4702.000000       1.0000       21.873       22.164    
  4702.062832       1.0000       21.860       22.151    
  4702.125665       1.0000       21.847       22.137    
  4702.251329       1.0000       21.822       22.110    
  4702.320977       1.0000       21.808       22.096    
  4702.320977       1.0000       21.808       22.096    
  4702.421509       1.0000       21.788       22.074    
  4702.522040       1.0000       21.768       22.053    
  4702.648061       1.0000       21.743       22.026    
  4702.806394       1.0000       21.713       21.994    
  4703.000000       1.0000       21.676       21.954    
