#      time         order        tairma       togactive    togpassiv    toper        tug       
  4679.000000       1.0000       19.378       26.500       28.195       22.080       20.695    
  4679.400000       1.0000       19.388       26.500       28.198       22.010       20.698    
  4679.800000       1.0000       19.394       26.500       28.200       21.941       20.700    
  4680.000000       1.0000       19.397       26.500       28.201       21.906       20.701    
  4680.000000       1.0000       19.397       26.500       28.201       21.906       20.701    
  4680.002746       1.0000       19.397       26.500       28.201       21.905       20.701    
  4680.005491       1.0000       19.397       26.500       28.201       21.905       20.701    
  4680.007168       1.0000       19.397       26.500       28.201       21.905       20.701    
  4680.007168       1.0000       19.397       26.500       28.201       21.905       20.701    
  4680.009364       1.0000       19.397       26.500       28.201       21.904       20.701    
  4680.011560       1.0000       19.397       26.500       28.201       21.904       20.701    
  4680.015953       1.0000       19.397       26.500       28.201       21.903       20.701    
  4680.024739       1.0000       19.397       26.500       28.201       21.902       20.701    
  4680.042311       1.0000       19.397       26.500       28.201       21.899       20.701    
  4680.077454       1.0000       19.397       26.500       28.201       21.892       20.701    
  4680.147740       1.0000       19.398       26.500       28.201       21.880       20.701    
  4680.288312       1.0000       19.399       26.500       28.202       21.856       20.702    
  4680.569457       1.0000       19.400       26.500       28.202       21.809       20.702    
  4680.677689       1.0000       19.400       26.500       28.202       21.790       20.702    
  4680.677689       1.0000       19.400       26.500       28.202       21.790       20.702    
  4680.726387       1.0000       19.401       26.500       28.202       21.782       20.702    
  4680.775084       1.0000       19.401       26.500       28.202       21.774       20.702    
  4680.872480       1.0000       19.401       26.500       28.202       21.757       20.702    
  4681.000000       1.0000       19.400       26.500       28.202       21.736       20.702    
  4681.000000       1.0000       19.400       26.500       28.202       21.736       20.702    
  4681.077916       1.0000       19.400       26.500       28.202       21.722       20.702    
  4681.155832       1.0000       19.400       26.500       28.202       21.709       20.702    
  4681.311665       1.0000       19.399       26.500       28.202       21.683       20.702    
  4681.623329       1.0000       19.397       26.500       28.201       21.631       20.701    
  4682.000000       1.0000       19.394       26.500       28.200       21.569       20.700    
  4682.000000       1.0000       19.394       26.500       28.200       21.569       20.700    
  4682.249332       1.0000       19.391       26.500       28.199       21.528       20.699    
  4682.498664       1.0000       19.387       26.500       28.198       21.486       20.698    
  4682.997327       1.0000       19.378       26.500       28.195       21.404       20.695    
  4683.000000       1.0000       19.378       26.500       28.195       21.403       20.695    
  4683.000000       1.0000       19.378       26.500       28.195       21.403       20.695    
  4683.398931       1.0000       19.372       26.500       28.193       21.338       20.693    
  4683.797862       1.0000       19.366       26.500       28.191       21.381       20.691    
  4684.000000       1.0000       19.362       26.500       28.190       21.382       20.690    
  4684.000000       1.0000       19.362       26.500       28.190       21.382       20.690    
  4684.006383       1.0000       19.362       26.500       28.190       21.383       20.690    
  4684.012766       1.0000       19.362       26.500       28.189       21.383       20.690    
  4684.023176       1.0000       19.362       26.500       28.189       21.385       20.689    
  4684.035077       1.0000       19.362       26.500       28.189       21.386       20.689    
  4684.052703       1.0000       19.361       26.500       28.189       21.389       20.689    
  4684.076841       1.0000       19.361       26.500       28.189       21.394       20.689    
  4684.097822       1.0000       19.360       26.500       28.189       21.398       20.689    
  4684.120551       1.0000       19.360       26.500       28.189       21.404       20.689    
  4684.139473       1.0000       19.360       26.500       28.189       21.409       20.689    
  4684.158205       1.0000       19.359       26.500       28.189       21.414       20.689    
  4684.175485       1.0000       19.359       26.500       28.188       21.419       20.689    
  4684.192669       1.0000       19.359       26.500       28.188       21.424       20.688    
  4684.209402       1.0000       19.359       26.500       28.188       21.429       20.688    
  4684.226201       1.0000       19.358       26.500       28.188       21.434       20.688    
  4684.243406       1.0000       19.358       26.500       28.188       21.440       20.688    
  4684.262049       1.0000       19.358       26.500       28.188       21.446       20.688    
  4684.282280       1.0000       19.357       26.500       28.188       21.453       20.688    
  4684.304645       1.0000       19.357       26.500       28.188       21.461       20.688    
  4684.329681       1.0000       19.356       26.500       28.188       21.470       20.688    
  4684.358057       1.0000       19.356       26.500       28.187       21.481       20.688    
  4684.390755       1.0000       19.355       26.500       28.187       21.493       20.687    
  4684.429120       1.0000       19.355       26.500       28.187       21.508       20.687    
  4684.475262       1.0000       19.354       26.500       28.187       21.527       20.687    
  4684.532385       1.0000       19.353       26.500       28.187       21.550       20.687    
  4684.606075       1.0000       19.352       26.500       28.186       21.575       20.686    
  4684.606075       1.0000       19.352       26.500       28.186       21.575       20.686    
  4684.614403       1.0000       19.352       26.500       28.186       21.578       20.686    
  4684.622731       1.0000       19.352       26.500       28.186       21.581       20.686    
  4684.639386       1.0000       19.352       26.500       28.186       21.587       20.686    
  4684.672697       1.0000       19.351       26.500       28.186       21.598       20.686    
  4684.739319       1.0000       19.350       26.500       28.186       21.620       20.686    
  4684.872564       1.0000       19.348       26.500       28.185       21.664       20.685    
  4685.000000       1.0000       19.347       26.500       28.184       21.705       20.684    
  4685.000000       1.0000       19.347       26.500       28.184       21.705       20.684    
  4685.106596       1.0000       19.345       26.500       28.184       21.742       20.684    
  4685.213191       1.0000       19.344       26.500       28.184       21.779       20.684    
  4685.426382       1.0000       19.343       26.500       28.183       21.860       20.683    
  4685.829970       1.0000       19.343       26.500       28.183       22.039       20.683    
  4686.000000       1.0000       19.344       26.500       28.184       22.126       20.684    
  4686.000000       1.0000       19.344       26.500       28.184       22.126       20.684    
  4686.034111       1.0000       19.345       26.500       28.184       22.144       20.684    
  4686.068221       1.0000       19.345       26.500       28.184       22.162       20.684    
  4686.102458       1.0000       19.345       26.500       28.184       22.181       20.684    
  4686.113461       1.0000       19.346       26.500       28.184       22.186       20.684    
  4686.135467       1.0000       19.346       26.500       28.184       22.198       20.684    
  4686.173404       1.0000       19.347       26.500       28.184       22.219       20.684    
  4686.185629       1.0000       19.347       26.500       28.184       22.226       20.684    
  4686.210081       1.0000       19.347       26.500       28.185       22.239       20.685    
  4686.258985       1.0000       19.348       26.500       28.185       22.264       20.685    
  4686.278546       1.0000       19.349       26.500       28.185       22.275       20.685    
  4686.317669       1.0000       19.349       26.500       28.185       22.295       20.685    
  4686.333318       1.0000       19.350       26.500       28.185       22.303       20.685    
  4686.364616       1.0000       19.351       26.500       28.186       22.319       20.686    
  4686.377136       1.0000       19.351       26.500       28.186       22.325       20.686    
  4686.402174       1.0000       19.352       26.500       28.186       22.338       20.686    
  4686.452251       1.0000       19.353       26.500       28.187       22.362       20.687    
  4686.472282       1.0000       19.354       26.500       28.187       22.371       20.687    
  4686.512344       1.0000       19.355       26.500       28.187       22.390       20.687    
  4686.528369       1.0000       19.356       26.500       28.187       22.397       20.687    
  4686.560418       1.0000       19.357       26.500       28.188       22.412       20.688    
  4686.573238       1.0000       19.357       26.500       28.188       22.418       20.688    
  4686.598878       1.0000       19.358       26.500       28.188       22.429       20.688    
  4686.650157       1.0000       19.360       26.500       28.189       22.451       20.689    
  4686.752715       1.0000       19.365       26.500       28.190       22.492       20.690    
  4686.957831       1.0000       19.375       26.500       28.194       22.562       20.694    
  4686.958056       1.0000       19.375       26.500       28.194       22.562       20.694    
  4686.958056       1.0000       19.375       26.500       28.194       22.562       20.694    
  4686.965333       1.0000       19.376       26.500       28.194       22.564       20.694    
  4686.972610       1.0000       19.376       26.500       28.194       22.567       20.694    
  4686.987164       1.0000       19.377       26.500       28.194       22.571       20.694    
  4687.000000       1.0000       19.378       26.500       28.195       22.576       20.695    
  4687.000000       1.0000       19.378       26.500       28.195       22.576       20.695    
  4687.011643       1.0000       19.377       26.500       28.194       22.579       20.694    
  4687.023286       1.0000       19.375       26.500       28.194       22.583       20.694    
  4687.046572       1.0000       19.373       26.500       28.193       22.589       20.693    
  4687.093144       1.0000       19.369       26.500       28.192       22.602       20.692    
  4687.111044       1.0000       19.367       26.500       28.191       22.607       20.691    
  4687.118204       1.0000       19.366       26.500       28.191       22.609       20.691    
  4687.132525       1.0000       19.365       26.500       28.190       22.613       20.690    
  4687.138253       1.0000       19.364       26.500       28.190       22.614       20.690    
  4687.149709       1.0000       19.363       26.500       28.190       22.617       20.690    
  4687.172621       1.0000       19.361       26.500       28.189       22.623       20.689    
  4687.218445       1.0000       19.357       26.500       28.188       22.633       20.688    
  4687.266413       1.0000       19.353       26.500       28.186       22.644       20.686    
  4687.325406       1.0000       19.348       26.500       28.185       22.656       20.685    
  4687.389614       1.0000       19.342       26.500       28.183       22.668       20.683    
  4687.468798       1.0000       19.336       26.500       28.181       22.683       20.681    
  4687.575177       1.0000       19.328       26.500       28.178       22.704       20.678    
  4687.699872       1.0000       19.320       26.500       28.176       22.729       20.676    
  4687.853224       1.0000       19.311       26.500       28.173       22.759       20.673    
  4687.986302       1.0000       19.305       26.500       28.170       22.785       20.671    
  4688.000000       1.0000       19.304       26.500       28.170       22.787       20.670    
  4688.000000       1.0000       19.304       26.500       28.170       22.787       20.670    
  4688.037258       1.0000       19.302       26.500       28.170       22.794       20.670    
  4688.074515       1.0000       19.301       26.500       28.169       22.801       20.669    
  4688.149031       1.0000       19.298       26.500       28.168       22.815       20.668    
  4688.149031       1.0000       19.298       26.500       28.168       22.815       20.668    
  4688.178837       1.0000       19.297       26.500       28.168       22.821       20.668    
  4688.208643       1.0000       19.296       26.500       28.168       22.826       20.668    
  4688.268256       1.0000       19.294       26.500       28.167       22.837       20.667    
  4688.387480       1.0000       19.290       26.500       28.166       22.857       20.666    
  4688.387480       1.0000       19.290       26.500       28.166       22.857       20.666    
  4688.435170       1.0000       19.289       26.500       28.165       22.862       20.665    
  4688.482860       1.0000       19.288       26.500       28.165       22.869       20.665    
  4688.578240       1.0000       19.286       26.500       28.164       22.882       20.664    
  4688.768999       1.0000       19.284       26.500       28.164       22.908       20.664    
  4689.000000       1.0000       19.284       26.500       28.164       22.938       20.664    
  4689.000000       1.0000       19.284       26.500       28.164       22.938       20.664    
  4689.024840       1.0000       19.284       26.500       28.164       22.941       20.664    
  4689.049681       1.0000       19.284       26.500       28.164       22.944       20.664    
  4689.099362       1.0000       19.285       26.500       28.164       22.950       20.664    
  4689.099362       1.0000       19.285       26.500       28.164       22.950       20.664    
  4689.119234       1.0000       19.285       26.500       28.164       22.952       20.664    
  4689.139107       1.0000       19.285       26.500       28.164       22.955       20.664    
  4689.178851       1.0000       19.286       26.500       28.164       22.960       20.664    
  4689.258341       1.0000       19.287       26.500       28.165       22.969       20.665    
  4689.417320       1.0000       19.290       26.500       28.166       22.986       20.666    
  4689.676495       1.0000       19.298       26.500       28.168       23.011       20.668    
  4690.000000       1.0000       19.312       26.500       28.173       23.038       20.673    
  4690.000000       1.0000       19.312       26.500       28.173       23.038       20.673    
  4690.127183       1.0000       19.319       26.500       28.175       23.047       20.675    
  4690.254366       1.0000       19.326       26.500       28.178       23.056       20.678    
  4690.508733       1.0000       19.342       26.500       28.183       23.068       20.683    
  4690.888597       1.0000       19.369       26.500       28.192       23.078       20.692    
  4690.888597       1.0000       19.369       26.500       28.192       23.078       20.692    
  4690.944298       1.0000       19.373       26.500       28.193       23.080       20.693    
  4691.000000       1.0000       19.378       26.500       28.195       23.081       20.695    
  4691.000000       1.0000       19.378       26.500       28.195       23.081       20.695    
  4691.044561       1.0000       19.377       26.500       28.194       23.082       20.694    
  4691.089123       1.0000       19.375       26.500       28.194       23.083       20.694    
  4691.178245       1.0000       19.373       26.500       28.193       23.083       20.693    
  4691.356490       1.0000       19.369       26.500       28.192       23.084       20.692    
  4691.712980       1.0000       19.364       26.500       28.190       23.080       20.690    
  4692.000000       1.0000       19.362       26.500       28.189       23.073       20.689    
  4692.000000       1.0000       19.362       26.500       28.189       23.073       20.689    
  4692.285192       1.0000       19.361       26.500       28.189       23.158       20.689    
  4692.570384       1.0000       19.362       26.500       28.189       23.199       20.689    
  4693.000000       1.0000       19.365       26.500       28.190       23.264       20.690    
  4693.000000       1.0000       19.365       26.500       28.190       23.264       20.690    
  4693.228154       1.0000       19.367       26.500       28.191       23.298       20.691    
  4693.456307       1.0000       19.370       26.500       28.192       23.331       20.692    
  4693.912615       1.0000       19.375       26.500       28.194       23.396       20.694    
  4694.000000       1.0000       19.376       26.500       28.194       23.408       20.694    
  4694.000000       1.0000       19.376       26.500       28.194       23.408       20.694    
  4694.365046       1.0000       19.379       26.500       28.195       23.453       20.695    
  4694.730092       1.0000       19.379       26.500       28.195       23.492       20.695    
  4695.000000       1.0000       19.378       26.500       28.195       23.519       20.695    
  4695.000000       1.0000       19.378       26.500       28.195       23.519       20.695    
  4695.292037       1.0000       19.395       26.500       28.200       23.543       20.700    
  4695.584073       1.0000       19.409       26.500       28.205       23.565       20.705    
  4696.000000       1.0000       19.427       26.500       28.211       23.576       20.711    
  4696.000000       1.0000       19.427       26.500       28.211       23.576       20.711    
  4696.026105       1.0000       19.428       26.500       28.211       23.576       20.711    
  4696.052211       1.0000       19.428       26.500       28.211       23.576       20.711    
  4696.104422       1.0000       19.430       26.500       28.212       23.575       20.712    
  4696.104422       1.0000       19.430       26.500       28.212       23.575       20.712    
  4696.125306       1.0000       19.431       26.500       28.212       23.574       20.712    
  4696.146190       1.0000       19.432       26.500       28.212       23.574       20.712    
  4696.187959       1.0000       19.433       26.500       28.213       23.572       20.713    
  4696.271496       1.0000       19.435       26.500       28.214       23.566       20.714    
  4696.438571       1.0000       19.440       26.500       28.215       23.545       20.715    
  4696.772720       1.0000       19.446       26.500       28.217       23.469       20.717    
  4697.000000       1.0000       19.448       26.500       28.218       23.394       20.718    
  4697.000000       1.0000       19.448       26.500       28.218       23.394       20.718    
  4697.005484       1.0000       19.448       26.500       28.218       23.393       20.718    
  4697.010968       1.0000       19.448       26.500       28.218       23.391       20.718    
  4697.015390       1.0000       19.448       26.500       28.218       23.389       20.718    
  4697.020624       1.0000       19.448       26.500       28.218       23.388       20.718    
  4697.026095       1.0000       19.448       26.500       28.218       23.386       20.718    
  4697.032691       1.0000       19.448       26.500       28.218       23.383       20.718    
  4697.040669       1.0000       19.449       26.500       28.218       23.381       20.718    
  4697.051837       1.0000       19.449       26.500       28.218       23.377       20.718    
  4697.066336       1.0000       19.449       26.500       28.218       23.372       20.718    
  4697.083964       1.0000       19.449       26.500       28.218       23.365       20.718    
  4697.099858       1.0000       19.449       26.500       28.218       23.360       20.718    
  4697.117901       1.0000       19.449       26.500       28.218       23.353       20.718    
  4697.136382       1.0000       19.449       26.500       28.218       23.346       20.718    
  4697.157403       1.0000       19.449       26.500       28.218       23.338       20.718    
  4697.180516       1.0000       19.449       26.500       28.218       23.330       20.718    
  4697.207166       1.0000       19.449       26.500       28.218       23.319       20.718    
  4697.237854       1.0000       19.449       26.500       28.218       23.308       20.718    
  4697.274264       1.0000       19.448       26.500       28.218       23.295       20.718    
  4697.318177       1.0000       19.448       26.500       28.218       23.279       20.718    
  4697.372883       1.0000       19.448       26.500       28.218       23.258       20.718    
  4697.443486       1.0000       19.447       26.500       28.217       23.233       20.718    
  4697.539417       1.0000       19.445       26.500       28.217       23.199       20.717    
  4697.679040       1.0000       19.443       26.500       28.216       23.153       20.716    
  4697.810017       1.0000       19.439       26.500       28.215       23.112       20.715    
  4697.810017       1.0000       19.439       26.500       28.215       23.112       20.715    
  4697.813554       1.0000       19.439       26.500       28.215       23.111       20.715    
  4697.817092       1.0000       19.439       26.500       28.215       23.109       20.715    
  4697.824168       1.0000       19.439       26.500       28.215       23.107       20.715    
  4697.838319       1.0000       19.438       26.500       28.215       23.103       20.715    
  4697.866621       1.0000       19.437       26.500       28.214       23.095       20.714    
  4697.923225       1.0000       19.435       26.500       28.214       23.080       20.714    
  4698.000000       1.0000       19.433       26.500       28.213       23.059       20.713    
  4698.000000       1.0000       19.433       26.500       28.213       23.059       20.713    
  4698.045283       1.0000       19.431       26.500       28.212       23.048       20.712    
  4698.090567       1.0000       19.429       26.500       28.212       23.038       20.712    
  4698.181133       1.0000       19.425       26.500       28.210       23.018       20.710    
  4698.362266       1.0000       19.417       26.500       28.207       22.982       20.708    
  4698.643955       1.0000       19.401       26.500       28.202       22.925       20.702    
  4698.983799       1.0000       19.379       26.500       28.195       22.856       20.695    
  4698.983799       1.0000       19.379       26.500       28.195       22.856       20.695    
  4698.991899       1.0000       19.378       26.500       28.195       22.855       20.695    
  4699.000000       1.0000       19.378       26.500       28.195       22.853       20.695    
  4699.000000       1.0000       19.378       26.500       28.195       22.853       20.695    
  4699.006480       1.0000       19.378       26.500       28.195       22.852       20.695    
  4699.012961       1.0000       19.379       26.500       28.195       22.850       20.695    
  4699.025922       1.0000       19.379       26.500       28.195       22.848       20.695    
  4699.051844       1.0000       19.380       26.500       28.196       22.843       20.696    
  4699.103687       1.0000       19.383       26.500       28.196       22.832       20.696    
  4699.207374       1.0000       19.388       26.500       28.198       22.811       20.698    
  4699.414749       1.0000       19.397       26.500       28.201       22.769       20.701    
  4699.798068       1.0000       19.410       26.500       28.205       22.688       20.705    
  4700.000000       1.0000       19.415       26.500       28.207       22.645       20.707    
  4700.000000       1.0000       19.415       26.500       28.207       22.645       20.707    
  4700.165899       1.0000       19.419       26.500       28.208       22.609       20.708    
  4700.331799       1.0000       19.422       26.500       28.209       22.574       20.709    
  4700.663598       1.0000       19.425       26.500       28.210       22.501       20.710    
  4701.000000       1.0000       19.426       26.500       28.211       22.434       20.711    
  4701.000000       1.0000       19.426       26.500       28.211       22.434       20.711    
  4701.265439       1.0000       19.424       26.500       28.210       22.384       20.710    
  4701.530878       1.0000       19.421       26.500       28.209       22.335       20.709    
  4701.842919       1.0000       19.416       26.500       28.207       22.279       20.707    
  4701.842919       1.0000       19.416       26.500       28.207       22.279       20.707    
  4701.921460       1.0000       19.414       26.500       28.207       22.265       20.707    
  4702.000000       1.0000       19.412       26.500       28.206       22.250       20.706    
  4702.000000       1.0000       19.412       26.500       28.206       22.250       20.706    
  4702.062832       1.0000       19.411       26.500       28.206       22.239       20.706    
  4702.125665       1.0000       19.409       26.500       28.205       22.228       20.705    
  4702.251329       1.0000       19.406       26.500       28.204       22.206       20.704    
  4702.320977       1.0000       19.404       26.500       28.203       22.194       20.703    
  4702.320977       1.0000       19.404       26.500       28.203       22.194       20.703    
  4702.421509       1.0000       19.400       26.500       28.202       22.176       20.702    
  4702.522040       1.0000       19.397       26.500       28.201       22.158       20.701    
  4702.648061       1.0000       19.392       26.500       28.199       22.135       20.700    
  4702.806394       1.0000       19.386       26.500       28.197       22.107       20.697    
  4703.000000       1.0000       19.378       26.500       28.195       22.073       20.695    
