#      time         order        q_cool       q_equip      q_heat       q_light      q_loss       q_occ        qintw        ql_a         qventil      qwcb         qwind     
  4679.000000       1.0000       0.0000       0.0000      7.82266E-20   0.0000       0.0000       0.0000       429.38      -12.326      -308.95       150.87      -272.35    
  4679.400000       1.0000       0.0000       0.0000     -2.46028E-19   0.0000       0.0000       0.0000       429.30      -13.007      -303.99       155.17      -280.56    
  4679.800000       1.0000       0.0000       0.0000      5.64609E-19   0.0000       0.0000       0.0000       429.74      -13.649      -299.10       158.45      -288.34    
  4680.000000       1.0000       0.0000       0.0000      1.66988E-16   0.0000       0.0000       0.0000       430.10      -13.962      -296.67       159.87      -292.16    
  4680.000000       1.0000       0.0000       0.0000     -2.92113E-18   0.0000       0.0000       0.0000       430.10      -13.959      -296.67       159.87      -292.16    
  4680.002746       1.0000       0.0000       0.0000     -5.74633E-21   0.0000       0.0000       0.0000       430.11      -13.963      -296.63       159.89      -292.21    
  4680.005491       1.0000       0.0000       0.0000      5.38524E-19   0.0000       0.0000       0.0000       430.11      -13.967      -296.60       159.91      -292.27    
  4680.007168       1.0000       0.0000       0.0000     -5.88293E-19   0.0000       0.0000       0.0000       430.11      -13.970      -296.58       159.92      -292.30    
  4680.007168       1.0000       0.0000       0.0000      1.00166E-21   0.0000       0.0000       0.0000       430.11      -13.970      -296.58       159.92      -292.30    
  4680.009364       1.0000       0.0000       0.0000      9.62080E-22   0.0000       0.0000       0.0000       430.12      -13.972      -296.55       159.94      -292.34    
  4680.011560       1.0000       0.0000       0.0000      8.62224E-19   0.0000       0.0000       0.0000       430.12      -13.974      -296.53       159.95      -292.38    
  4680.015953       1.0000       0.0000       0.0000      1.73358E-18   0.0000       0.0000       0.0000       430.13      -13.978      -296.47       159.98      -292.46    
  4680.024739       1.0000       0.0000       0.0000     -1.14394E-17   0.0000       0.0000       0.0000       430.14      -13.987      -296.37       160.04      -292.62    
  4680.042311       1.0000       0.0000       0.0000      1.12513E-18   0.0000       0.0000       0.0000       430.17      -14.004      -296.15       160.16      -292.93    
  4680.077454       1.0000       0.0000       0.0000      1.04075E-16   0.0000       0.0000       0.0000       430.22      -14.039      -295.73       160.39      -293.56    
  4680.147740       1.0000       0.0000       0.0000     -1.16848E-17   0.0000       0.0000       0.0000       430.28      -14.106      -294.89       160.77      -294.70    
  4680.288312       1.0000       0.0000       0.0000     -4.29976E-16   0.0000       0.0000       0.0000       430.35      -14.240      -293.22       161.41      -296.76    
  4680.569457       1.0000       0.0000       0.0000      9.53500E-19   0.0000       0.0000       0.0000       430.47      -14.697      -289.93       162.14      -300.30    
  4680.677689       1.0000       0.0000       0.0000      3.32867E-16   0.0000       0.0000       0.0000       430.60      -14.868      -288.65       162.40      -301.61    
  4680.677689       1.0000       0.0000       0.0000      4.22855E-21   0.0000       0.0000       0.0000       430.60      -14.868      -288.65       162.40      -301.61    
  4680.726387       1.0000       0.0000       0.0000      3.32784E-18   0.0000       0.0000       0.0000       430.61      -14.944      -288.09       162.48      -302.19    
  4680.775084       1.0000       0.0000       0.0000      1.10413E-16   0.0000       0.0000       0.0000       430.62      -15.018      -287.53       162.56      -302.77    
  4680.872480       1.0000       0.0000       0.0000     -7.54537E-16   0.0000       0.0000       0.0000       430.73      -15.158      -286.40       162.69      -303.91    
  4681.000000       1.0000       0.0000       0.0000     -2.14643E-15   0.0000       0.0000       0.0000       430.89      -15.335      -284.93       162.85      -305.38    
  4681.000000       1.0000       0.0000       0.0000      2.28375E-17   0.0000       0.0000       0.0000       430.89      -15.335      -284.93       162.85      -305.38    
  4681.077916       1.0000       0.0000       0.0000      9.21877E-18   0.0000       0.0000       0.0000       430.91      -15.402      -284.05       162.87      -306.22    
  4681.155832       1.0000       0.0000       0.0000     -2.79368E-16   0.0000       0.0000       0.0000       430.93      -15.464      -283.17       162.86      -307.01    
  4681.311665       1.0000       0.0000       0.0000      1.50554E-17   0.0000       0.0000       0.0000       430.95      -15.581      -281.43       162.70      -308.42    
  4681.623329       1.0000       0.0000       0.0000      2.92617E-16   0.0000       0.0000       0.0000       431.08      -15.801      -277.97       162.08      -310.93    
  4682.000000       1.0000       0.0000       0.0000     -9.15443E-21   0.0000       0.0000       0.0000       431.33      -16.043      -273.85       160.78      -313.73    
  4682.000000       1.0000       0.0000       0.0000     -9.21397E-22   0.0000       0.0000       0.0000       431.33      -16.043      -273.85       160.78      -313.73    
  4682.249332       1.0000       0.0000       0.0000     -4.72126E-21   0.0000       0.0000       0.0000       431.61      -16.196      -271.13       159.78      -315.55    
  4682.498664       1.0000       0.0000       0.0000      3.20107E-20   0.0000       0.0000       0.0000       432.01      -16.344      -268.42       158.66      -317.35    
  4682.997327       1.0000       0.0000       0.0000      3.32142E-16   0.0000       0.0000       0.0000       433.16      -16.626      -263.01       155.99      -320.93    
  4683.000000       1.0000       0.0000       0.0000     -7.08431E-19   0.0000       0.0000       0.0000       433.17      -16.628      -262.98       155.98      -320.95    
  4683.000000       1.0000       0.0000       0.0000      5.88588E-19   0.0000       0.0000       0.0000       433.17      -16.628      -262.98       155.98      -320.95    
  4683.398931       1.0000       0.0000       0.0000     -2.01637E-17   0.0000       0.0000       0.0000       433.74      -16.674      -258.73       153.32      -322.88    
  4683.797862       1.0000       0.0000       0.0000      1.88561E-18   0.0000       0.0000       0.0000       228.64      -16.915      -260.44       54.165     -0.93776    
  4684.000000       1.0000       0.0000       0.0000      3.04690E-24   0.0000       0.0000       0.0000       30.932      -17.121      -263.93      -25.441       293.79    
  4684.000000       1.0000       0.0000       0.0000      1.26967E-21   0.0000       0.0000       0.0000       30.932      -17.121      -263.93      -25.441       293.79    
  4684.006383       1.0000       0.0000       0.0000      7.30843E-19   0.0000       0.0000       0.0000       23.823      -17.128      -264.04      -28.214       304.35    
  4684.012766       1.0000       0.0000       0.0000     -3.79681E-21   0.0000       0.0000       0.0000       16.657      -17.123      -264.16      -31.012       314.99    
  4684.023176       1.0000       0.0000       0.0000      9.51149E-20   0.0000       0.0000       0.0000       4.8523      -17.113      -264.36      -35.631       332.52    
  4684.035077       1.0000       0.0000       0.0000     -1.16049E-19   0.0000       0.0000       0.0000       270.56      -17.090      -264.20       59.175      -63.212    
  4684.052703       1.0000       0.0000       0.0000      9.94739E-18   0.0000       0.0000       0.0000       267.02      -17.057      -263.98       56.403      -55.285    
  4684.076841       1.0000       0.0000       0.0000     -9.14311E-19   0.0000       0.0000       0.0000       261.15      -17.014      -263.75       52.584      -43.046    
  4684.097822       1.0000       0.0000       0.0000      2.09337E-20   0.0000       0.0000       0.0000       255.44      -16.979      -263.60       49.180      -31.578    
  4684.120551       1.0000       0.0000       0.0000      6.22220E-18   0.0000       0.0000       0.0000       248.68      -16.944      -263.50       45.353      -18.405    
  4684.139473       1.0000       0.0000       0.0000     -2.88468E-19   0.0000       0.0000       0.0000       242.73      -16.915      -263.45       42.062      -7.0506    
  4684.158205       1.0000       0.0000       0.0000     -1.06246E-17   0.0000       0.0000       0.0000       236.59      -16.889      -263.44       38.697       4.6523    
  4684.175485       1.0000       0.0000       0.0000     -1.59620E-20   0.0000       0.0000       0.0000       230.74      -16.866      -263.47       35.504       15.794    
  4684.192669       1.0000       0.0000       0.0000      1.57183E-19   0.0000       0.0000       0.0000       224.79      -16.844      -263.53       32.249       26.960    
  4684.209402       1.0000       0.0000       0.0000     -7.95389E-20   0.0000       0.0000       0.0000       218.91      -16.823      -263.62       29.015       37.860    
  4684.226201       1.0000       0.0000       0.0000     -1.61422E-18   0.0000       0.0000       0.0000       212.93      -16.804      -263.73       25.712       48.787    
  4684.243406       1.0000       0.0000       0.0000     -7.54089E-19   0.0000       0.0000       0.0000       206.78      -16.785      -263.86       22.283       59.919    
  4684.262049       1.0000       0.0000       0.0000     -6.20790E-17   0.0000       0.0000       0.0000       200.11      -16.766      -264.03       18.527       71.870    
  4684.282280       1.0000       0.0000       0.0000      4.27666E-19   0.0000       0.0000       0.0000       192.90      -16.746      -264.25       14.419       84.659    
  4684.304645       1.0000       0.0000       0.0000      7.90771E-19   0.0000       0.0000       0.0000       185.29      -16.725      -264.50       10.022       98.035    
  4684.329681       1.0000       0.0000       0.0000      5.48699E-19   0.0000       0.0000       0.0000       178.48      -16.702      -264.81       5.9878       109.89    
  4684.358057       1.0000       0.0000       0.0000     -1.02270E-18   0.0000       0.0000       0.0000       171.07      -16.678      -265.17       1.4541       122.75    
  4684.390755       1.0000       0.0000       0.0000     -2.83341E-18   0.0000       0.0000       0.0000       163.02      -16.651      -265.60      -3.6699       136.72    
  4684.429120       1.0000       0.0000       0.0000      2.30125E-19   0.0000       0.0000       0.0000       154.36      -16.620      -266.11      -9.4828       151.82    
  4684.475262       1.0000       0.0000       0.0000     -6.46156E-18   0.0000       0.0000       0.0000       145.21      -16.584      -266.71      -16.109       167.98    
  4684.532385       1.0000       0.0000       0.0000      4.75110E-17   0.0000       0.0000       0.0000       138.33      -16.539      -267.41      -22.888       181.35    
  4684.606075       1.0000       0.0000       0.0000      8.02820E-20   0.0000       0.0000       0.0000       140.80      -16.479      -268.11      -27.496       181.32    
  4684.606075       1.0000       0.0000       0.0000      4.84935E-22   0.0000       0.0000       0.0000       140.80      -16.479      -268.11      -27.496       181.32    
  4684.614403       1.0000       0.0000       0.0000      4.84935E-22   0.0000       0.0000       0.0000       141.18      -16.472      -268.19      -27.977       181.14    
  4684.622731       1.0000       0.0000       0.0000     -4.00469E-20   0.0000       0.0000       0.0000       141.59      -16.465      -268.26      -28.439       180.91    
  4684.639386       1.0000       0.0000       0.0000     -6.07493E-19   0.0000       0.0000       0.0000       141.88      -16.451      -268.40      -29.479       181.21    
  4684.672697       1.0000       0.0000       0.0000     -1.21185E-17   0.0000       0.0000       0.0000       141.60      -16.423      -268.65      -31.678       182.96    
  4684.739319       1.0000       0.0000       0.0000      6.36399E-18   0.0000       0.0000       0.0000       142.57      -16.365      -269.04      -35.285       184.23    
  4684.872564       1.0000       0.0000      0.67409      5.27399E-19   1.2329       0.0000      0.78842       148.12      -16.252      -269.60      -40.544       180.04    
  4685.000000       1.0000       0.0000       1.8579     -2.88159E-20   3.3985       0.0000       2.1731       156.27      -16.143      -269.92      -43.882       168.92    
  4685.000000       1.0000       0.0000       1.8579      3.16387E-22   3.3985       0.0000       2.1731       156.27      -16.143      -269.92      -43.882       168.92    
  4685.106596       1.0000       0.0000       4.8286      3.16387E-22   8.8335       0.0000       5.6486       161.39      -15.818      -270.32      -47.364       156.65    
  4685.213191       1.0000       0.0000       8.0444      3.16387E-22   14.718       0.0000       9.4127       166.28      -15.492      -270.77      -50.576       142.83    
  4685.426382       1.0000       0.0000       18.437      2.05823E-20   33.734       0.0000       21.590       148.93      -14.926      -272.62      -65.660       139.61    
  4685.829970       1.0000       0.0000       49.510      5.89473E-20   90.599       0.0000       58.120       90.173      -14.129      -279.64      -107.21       130.88    
  4686.000000       1.0000       0.0000       66.885      7.51104E-20   122.40       0.0000       78.611       57.975      -13.852      -283.64      -128.78       125.14    
  4686.000000       1.0000       0.0000       66.885     -5.06476E-23   122.40       0.0000       78.611       57.975      -13.852      -283.64      -128.78       125.14    
  4686.034111       1.0000       0.0000       70.371      1.80263E-28   128.78       0.0000       82.729       51.436      -13.658      -284.48      -133.19       123.99    
  4686.068221       1.0000       0.0000       73.856     -4.33590E-23   135.16       0.0000       86.851       44.950      -13.431      -285.37      -137.66       122.84    
  4686.102458       1.0000       0.0000       77.355     -3.93460E-27   141.56       0.0000       90.993       38.459      -13.207      -286.29      -142.23       121.68    
  4686.113461       1.0000       0.0000       78.479      1.39290E-23   143.62       0.0000       92.325       36.359      -13.136      -286.59      -143.70       121.31    
  4686.135467       1.0000       0.0000       80.728      9.78801E-29   147.73       0.0000       94.989       32.133      -13.083      -287.19      -146.68       120.58    
  4686.173404       1.0000       0.0000       84.604     -2.05804E-28   154.83       0.0000       99.583       24.783      -12.992      -288.27      -151.85       119.31    
  4686.185629       1.0000       0.0000       85.854      5.31981E-20   157.11       0.0000       101.06       22.411      -12.963      -288.62      -153.52       118.90    
  4686.210081       1.0000       0.0000       88.165     -5.00070E-28   161.34       0.0000       103.81       17.871      -12.905      -289.32      -156.76       118.11    
  4686.258985       1.0000       0.0000       92.254      3.19043E-28   168.83       0.0000       108.67       9.5530      -12.784      -290.69      -162.83       116.54    
  4686.278546       1.0000       0.0000       93.889      6.46423E-28   171.82       0.0000       110.61       6.2624      -12.735      -291.23      -165.24       115.88    
  4686.317669       1.0000       0.0000       97.160      1.30118E-27   177.81       0.0000       114.50     -0.10353      -12.636      -292.31      -170.03       114.57    
  4686.333318       1.0000       0.0000       98.468     -5.57313E-20   180.20       0.0000       116.06      -2.6171      -12.596      -292.74      -171.94       114.05    
  4686.364616       1.0000       0.0000       101.09     -3.13489E-19   184.99       0.0000       119.17      -7.6213      -12.515      -293.59      -175.74       113.02    
  4686.377136       1.0000       0.0000       102.13     -1.12729E-20   186.91       0.0000       120.41      -9.6191      -12.483      -293.93      -177.27       112.61    
  4686.402174       1.0000       0.0000       104.18     -5.53513E-20   190.67       0.0000       122.86      -13.556      -12.417      -294.61      -180.28       111.80    
  4686.452251       1.0000       0.0000       107.44     -3.36564E-29   196.63       0.0000       126.75      -20.249      -12.282      -295.90      -185.63       110.33    
  4686.472282       1.0000       0.0000       108.74      2.21405E-20   199.01       0.0000       128.30      -22.883      -12.227      -296.40      -187.75       109.75    
  4686.512344       1.0000       0.0000       111.35      9.17590E-19   203.78       0.0000       131.41      -27.958      -12.116      -297.38      -191.88       108.50    
  4686.528369       1.0000       0.0000       112.39     -2.12488E-20   205.69       0.0000       132.66      -29.817      -12.071      -297.77      -193.43       107.75    
  4686.560418       1.0000       0.0000       114.47     -6.01908E-19   209.51       0.0000       135.15      -33.560      -11.979      -298.52      -196.54       106.32    
  4686.573238       1.0000       0.0000       115.31     -8.34172E-19   211.03       0.0000       136.14      -35.087      -11.942      -298.82      -197.79       105.78    
  4686.598878       1.0000       0.0000       116.98     -1.68005E-21   214.09       0.0000       138.13      -38.128      -11.868      -299.41      -200.28       104.75    
  4686.650157       1.0000       0.0000       119.38      1.10664E-28   218.49       0.0000       141.02      -42.963      -11.714      -300.50      -204.55       103.09    
  4686.752715       1.0000       0.0000       124.14     -1.53685E-18   227.21       0.0000       146.74      -52.022      -11.391      -302.44      -212.76       100.52    
  4686.957831       1.0000       0.0000       130.74     -7.09834E-20   237.18       0.0000       154.70      -222.15      -10.736      -307.10      -314.18       355.50    
  4686.958056       1.0000       0.0000       130.74     -2.50006E-23   237.19       0.0000       154.71      -222.17      -10.735      -297.52      -314.19       355.47    
  4686.958056       1.0000       0.0000       130.74     -7.40888E-29   237.19       0.0000       154.71      -222.17      -10.881      -306.41      -314.19       355.47    
  4686.965333       1.0000       0.0000       130.95     -7.40888E-29   237.56       0.0000       154.95      -222.28      -11.053      -306.55      -314.44       354.51    
  4686.972610       1.0000       0.0000       131.15     -7.40888E-29   237.92       0.0000       155.19      -222.38      -11.052      -306.72      -314.69       353.53    
  4686.987164       1.0000       0.0000       131.55     -7.40888E-29   238.66       0.0000       155.68      -222.49      -11.035      -307.03      -315.19       351.53    
  4687.000000       1.0000       0.0000       131.91     -7.40888E-29   239.30       0.0000       156.11      -222.57      -11.018      -307.28      -315.64       349.80    
  4687.000000       1.0000       0.0000       131.91     -7.40888E-29   239.30       0.0000       156.11      -222.57      -11.018      -307.28      -315.64       349.80    
  4687.011643       1.0000       0.0000       132.02     -7.40888E-29   239.49       0.0000       156.24      -222.62      -11.001      -307.50      -316.02       348.69    
  4687.023286       1.0000       0.0000       132.13     -7.40888E-29   239.67       0.0000       156.37      -223.10      -10.980      -307.70      -316.68       348.48    
  4687.046572       1.0000       0.0000       132.34     -7.40888E-29   240.04       0.0000       156.64      -223.90      -10.936      -308.06      -317.92       348.08    
  4687.093144       1.0000       0.0000       132.78     -7.40888E-29   240.76       0.0000       157.16      -225.21      -10.834      -308.66      -320.32       347.82    
  4687.111044       1.0000       0.0000       132.94     -7.40888E-29   241.04       0.0000       157.36      -225.71      -10.792      -308.87      -321.24       347.85    
  4687.118204       1.0000       0.0000       133.01     -7.40888E-29   241.15       0.0000       157.44      -225.91      -10.774      -308.95      -321.61       347.87    
  4687.132525       1.0000       0.0000       133.14     -7.40888E-29   241.37       0.0000       157.60      -226.30      -10.738      -309.11      -322.35       347.99    
  4687.138253       1.0000       0.0000       133.20     -7.40888E-29   241.46       0.0000       157.67      -226.46      -10.723      -309.17      -322.64       348.05    
  4687.149709       1.0000       0.0000       133.30     -7.40888E-29   241.64       0.0000       157.79      -226.77      -10.693      -309.29      -323.24       348.24    
  4687.172621       1.0000       0.0000       133.52     -7.40887E-29   241.99       0.0000       158.05      -227.44      -10.630      -309.52      -324.45       348.86    
  4687.218445       1.0000       0.0000       133.77     -7.40888E-29   242.40       0.0000       158.35      -228.79      -10.492      -309.93      -326.90       351.06    
  4687.266413       1.0000       0.0000       133.77     -7.40888E-29   242.33       0.0000       158.34      -230.13      -10.335      -310.31      -329.43       354.35    
  4687.325406       1.0000       0.0000       133.77     -7.40888E-29   242.25       0.0000       158.33      -232.16      -10.128      -310.77      -332.75       359.66    
  4687.389614       1.0000       0.0000       133.77     -7.40888E-29   242.17       0.0000       158.32      -234.83      -9.8888      -311.27      -336.65       366.68    
  4687.468798       1.0000       0.0000       133.77     -7.40956E-29   242.06       0.0000       158.29      -238.79      -9.5823      -311.93      -341.82       376.79    
  4687.575177       1.0000       0.0000       133.77     -7.40888E-29   241.92       0.0000       158.24      -245.09      -9.1582      -312.90      -349.30       392.14    
  4687.699872       1.0000       0.0000       133.77     -7.40887E-29   241.76       0.0000       158.17      -253.39      -8.6473      -314.14      -358.55       411.61    
  4687.853224       1.0000       0.0000       133.77     -7.40888E-29   241.55       0.0000       158.07      -264.45      -7.9961      -315.81      -370.29       436.62    
  4687.986302       1.0000       0.0000       133.77     -7.40888E-29   241.38       0.0000       157.97      -274.36      -7.4104      -317.32      -380.57       458.57    
  4688.000000       1.0000       0.0000       133.77     -7.40888E-29   241.36       0.0000       157.96      -275.37      -7.3496      -317.47      -381.63       460.80    
  4688.000000       1.0000       0.0000       133.77     -7.40888E-29   241.36       0.0000       157.96      -275.37      -7.3496      -317.47      -381.63       460.80    
  4688.037258       1.0000       0.0000       133.77     -7.40888E-29   241.31       0.0000       157.93      -278.14      -7.1961      -317.91      -384.49       466.98    
  4688.074515       1.0000       0.0000       133.77     -7.40888E-29   241.26       0.0000       157.90      -280.92      -7.0449      -318.35      -387.36       473.30    
  4688.149031       1.0000       0.0000       133.77     -7.40888E-29   241.17       0.0000       157.84      -286.52      -6.7389      -319.26      -393.08       485.68    
  4688.149031       1.0000       0.0000       133.77     -7.40888E-29   241.17       0.0000       157.84      -286.52      -6.7389      -319.26      -393.08       485.68    
  4688.178837       1.0000       0.0000       133.77     -7.40888E-29   241.13       0.0000       157.82      -288.74      -6.6155      -319.62      -395.35       490.54    
  4688.208643       1.0000       0.0000       133.77     -7.40888E-29   241.09       0.0000       157.80      -290.96      -6.4914      -319.99      -397.61       495.34    
  4688.268256       1.0000       0.0000       133.77     -7.40888E-29   241.02       0.0000       157.75      -295.32      -6.2397      -320.70      -402.07       504.54    
  4688.387480       1.0000       0.0000       133.77     -7.40888E-29   240.87       0.0000       157.64      -303.77      -5.7252      -322.11      -410.75       522.54    
  4688.387480       1.0000       0.0000       133.77     -7.40888E-29   240.87       0.0000       157.64      -303.77      -5.7251      -322.11      -410.74       522.54    
  4688.435170       1.0000       0.0000       133.77     -7.40888E-29   240.40       0.0000       157.60      -321.89      -5.5190      -322.75      -422.59       555.13    
  4688.482860       1.0000       0.0000       133.77     -7.40888E-29   240.33       0.0000       157.56      -325.67      -5.3108      -323.38      -426.16       562.81    
  4688.578240       1.0000       0.0000       133.77     -7.40888E-29   240.21       0.0000       157.48      -332.72      -4.8886      -324.63      -433.21       577.82    
  4688.768999       1.0000       0.0000       133.77     -7.40888E-29   239.97       0.0000       157.32      -345.81      -4.0291      -327.15      -446.69       606.55    
  4689.000000       1.0000       0.0000       133.77     -7.40888E-29   239.69       0.0000       157.12      -361.05      -2.9770      -330.37      -462.23       640.79    
  4689.000000       1.0000       0.0000       133.77     -7.40888E-29   239.69       0.0000       157.12      -361.05      -2.9770      -330.37      -462.23       640.79    
  4689.024840       1.0000       0.0000       133.77     -7.40888E-29   239.67       0.0000       157.10      -362.64      -2.8717      -330.73      -463.87       644.56    
  4689.049681       1.0000       0.0000       133.77     -7.40887E-29   239.64       0.0000       157.08      -364.23      -2.7700      -331.08      -465.50       648.23    
  4689.099362       1.0000       0.0000       133.77     -7.40888E-29   239.58       0.0000       157.04      -367.34      -2.5669      -331.79      -468.71       655.15    
  4689.099362       1.0000       0.0000       133.77     -7.40888E-29   239.58       0.0000       157.04      -367.34      -2.5669      -331.79      -468.71       655.15    
  4689.119234       1.0000       0.0000       133.77     -7.40888E-29   239.56       0.0000       157.02      -368.57      -2.4636      -332.08      -469.98       657.89    
  4689.139107       1.0000       0.0000       133.77     -7.40888E-29   239.54       0.0000       157.01      -369.79      -2.3766      -332.37      -471.24       660.62    
  4689.178851       1.0000       0.0000       133.77     -7.40888E-29   239.49       0.0000       156.98      -372.20      -2.2049      -332.94      -473.73       666.01    
  4689.258341       1.0000       0.0000       133.77     -7.40888E-29   239.41       0.0000       156.92      -376.89      -1.8653      -334.09      -478.58       676.56    
  4689.417320       1.0000       0.0000       133.77     -7.40888E-29   239.24       0.0000       156.81      -385.83      -1.1936      -336.40      -487.79       696.77    
  4689.676495       1.0000       0.0000       133.77     -7.40888E-29   238.99       0.0000       156.64      -399.57     -0.10686      -340.24      -501.63       727.86    
  4690.000000       1.0000       0.0000       133.77     -7.40888E-29   238.72       0.0000       156.46      -415.67       1.2329      -345.17      -517.12       763.87    
  4690.000000       1.0000       0.0000       133.77     -7.40888E-29   238.72       0.0000       156.46      -415.67       1.2329      -345.17      -517.12       763.87    
  4690.127183       1.0000       0.0000       133.77     -7.40888E-29   238.62       0.0000       156.40      -421.25       1.5928      -347.11      -522.61       776.62    
  4690.254366       1.0000       0.0000       133.77     -7.40888E-29   238.53       0.0000       156.34      -426.30       1.9395      -349.03      -527.66       788.34    
  4690.508733       1.0000       0.0000       133.77     -7.40888E-29   238.37       0.0000       156.23      -435.06       2.6225      -352.83      -536.37       809.00    
  4690.888597       1.0000       0.0000       133.77     -7.40888E-29   238.18       0.0000       156.09      -446.14       3.6229      -358.46      -546.84       835.43    
  4690.888597       1.0000       0.0000       133.77     -7.40888E-29   238.18       0.0000       156.09      -446.14       3.6229      -358.46      -546.84       835.43    
  4690.944298       1.0000       0.0000       133.77     -7.40888E-29   238.16       0.0000       156.07      -447.61       3.7693      -359.29      -548.26       839.04    
  4691.000000       1.0000       0.0000       133.77     -7.40888E-29   238.14       0.0000       156.05      -449.04       3.9153      -360.11      -549.63       842.54    
  4691.000000       1.0000       0.0000       133.77     -7.40888E-29   238.14       0.0000       156.05      -449.04       3.9153      -360.11      -549.63       842.54    
  4691.044561       1.0000       0.0000       133.77     -7.40888E-29   238.12       0.0000       156.04      -450.13       4.0113      -360.77      -550.68       845.23    
  4691.089123       1.0000       0.0000       133.77     -7.40888E-29   238.10       0.0000       156.02      -451.18       4.1031      -361.43      -551.68       847.83    
  4691.178245       1.0000       0.0000       133.77     -7.40888E-29   238.07       0.0000       155.99      -453.13       4.2854      -362.74      -553.53       852.72    
  4691.356490       1.0000       0.0000       133.77     -7.40888E-29   238.03       0.0000       155.94      -456.57       4.6465      -365.32      -556.68       861.47    
  4691.712980       1.0000       0.0000       133.77     -7.40888E-29   237.96       0.0000       155.86      -462.27       5.3570      -370.43      -561.17       876.03    
  4692.000000       1.0000       0.0000       133.77     -7.40888E-29   237.95       0.0000       155.79      -466.10       5.9245      -374.47      -563.52       885.50    
  4692.000000       1.0000       0.0000       133.77     -7.40888E-29   237.95       0.0000       155.79      -466.10       5.9245      -374.47      -563.52       885.50    
  4692.285192       1.0000       0.0000       133.77     -7.40888E-29   237.96       0.0000       155.74      -468.20       6.2545      -378.31      -564.14       891.09    
  4692.570384       1.0000       0.0000       133.77     -7.40888E-29   238.01       0.0000       155.69      -468.88       6.5760      -382.02      -563.40       894.00    
  4693.000000       1.0000       0.0000       133.77     -7.40888E-29   238.13       0.0000       155.62      -467.94       7.0561      -387.45      -559.97       894.08    
  4693.000000       1.0000       0.0000       133.77     -7.40888E-29   238.13       0.0000       155.62      -467.94       7.0561      -387.45      -559.97       894.08    
  4693.228154       1.0000       0.0000       133.77     -7.40888E-29   238.23       0.0000       155.59      -465.38       7.0047      -390.18      -556.67       890.25    
  4693.456307       1.0000       0.0000       133.77     -7.40888E-29   238.34       0.0000       155.57      -461.38       6.9435      -392.77      -552.28       883.79    
  4693.912615       1.0000       0.0000       133.77     -7.40888E-29   238.64       0.0000       155.53      -450.13       6.8259      -397.54      -540.81       864.72    
  4694.000000       1.0000       0.0000       133.77     -7.40888E-29   238.71       0.0000       155.52      -447.62       6.8036      -398.44      -538.37       860.43    
  4694.000000       1.0000       0.0000       133.77     -7.40888E-29   238.71       0.0000       155.52      -447.62       6.8036      -398.44      -538.37       860.43    
  4694.365046       1.0000       0.0000       133.77     -7.40888E-29   239.02       0.0000       155.50      -432.75       6.1216      -401.67      -525.21       834.55    
  4694.730092       1.0000       0.0000       133.77     -7.40888E-29   239.38       0.0000       155.49      -414.24       5.4423      -404.45      -509.56       802.18    
  4695.000000       1.0000       0.0000       133.77     -7.40888E-29   239.68       0.0000       155.49      -398.71       4.9462      -406.26      -496.74       774.86    
  4695.000000       1.0000       0.0000       133.77     -7.40888E-29   239.68       0.0000       155.49      -398.71       4.9456      -406.26      -496.74       774.86    
  4695.292037       1.0000       0.0000       133.77     -7.40888E-29   240.03       0.0000       155.50      -379.70       4.2533      -407.91      -481.42       741.44    
  4695.584073       1.0000       0.0000       133.77     -7.40888E-29   240.41       0.0000       155.51      -358.87       3.5621      -409.31      -464.91       704.86    
  4696.000000       1.0000       0.0000       131.91     -7.40888E-29   237.99       0.0000       153.37      -307.19       2.6155      -409.93      -428.52       621.30    
  4696.000000       1.0000       0.0000       131.91     -7.40888E-29   237.99       0.0000       153.37      -307.19       2.6144      -409.93      -428.52       621.30    
  4696.026105       1.0000       0.0000       131.18     -7.40888E-29   236.72       0.0000       152.53      -304.03       2.5459      -409.93      -426.28       617.60    
  4696.052211       1.0000       0.0000       130.46     -7.40888E-29   235.44       0.0000       151.68      -300.75       2.4745      -409.92      -423.98       613.89    
  4696.104422       1.0000       0.0000       129.00     -7.40888E-29   232.88       0.0000       149.99      -293.87       2.3347      -409.81      -419.18       606.41    
  4696.104422       1.0000       0.0000       129.00     -7.40888E-29   232.88       0.0000       149.99      -293.87       2.3348      -409.81      -419.18       606.41    
  4696.125306       1.0000       0.0000       128.42     -7.40888E-29   231.85       0.0000       149.32      -291.07       2.2793      -409.75      -417.23       603.40    
  4696.146190       1.0000       0.0000       127.84     -7.40888E-29   230.83       0.0000       148.64      -288.23       2.2242      -409.69      -415.25       600.38    
  4696.187959       1.0000       0.0000       126.67     -2.02659E-20   228.78       0.0000       147.29      -282.41       2.1153      -409.53      -411.23       594.29    
  4696.271496       1.0000       0.0000       123.02     -6.07978E-20   222.28       0.0000       143.04      -268.48       1.9067      -408.98      -401.88       582.14    
  4696.438571       1.0000       0.0000       114.54     -1.41861E-19   207.15       0.0000       133.18      -236.79       1.5191      -407.21      -380.93       557.38    
  4696.772720       1.0000       0.0000       89.603     -3.03989E-19   162.35       0.0000       104.17      -155.08      0.87760      -400.84      -328.14       506.93    
  4697.000000       1.0000       0.0000       66.885     -4.14264E-19   121.34       0.0000       77.740      -86.969      0.51868      -394.78      -284.90       472.10    
  4697.000000       1.0000       0.0000       66.885     -7.90195E-23   121.34       0.0000       77.740      -86.969      0.51818      -394.78      -284.90       472.10    
  4697.005484       1.0000       0.0000       66.325     -7.90195E-23   120.33       0.0000       77.088      -85.298      0.50974      -394.63      -283.84       471.25    
  4697.010968       1.0000       0.0000       65.764     -7.90195E-23   119.31       0.0000       76.436      -83.722      0.49593      -394.48      -282.84       470.59    
  4697.015390       1.0000       0.0000       65.312     -7.90195E-23   118.49       0.0000       75.911      -82.631      0.48326      -394.36      -282.14       470.40    
  4697.020624       1.0000       0.0000       64.778     -7.90195E-23   117.52       0.0000       75.288      -81.352      0.46830      -394.22      -281.31       470.19    
  4697.026095       1.0000       0.0000       64.219     -7.90195E-23   116.51       0.0000       74.638      -80.028      0.45269      -394.07      -280.44       469.99    
  4697.032691       1.0000       0.0000       63.544     -7.90195E-23   115.29       0.0000       73.854      -78.451      0.43390      -393.89      -279.40       469.78    
  4697.040669       1.0000       0.0000       62.729     -7.90195E-23   113.81       0.0000       72.906      -76.570      0.41122      -393.67      -278.14       469.57    
  4697.051837       1.0000       0.0000       61.588     -7.90195E-23   111.74       0.0000       71.579      -73.986      0.37956      -393.36      -276.40       469.35    
  4697.066336       1.0000       0.0000       60.106     -7.90195E-23   109.05       0.0000       69.856      -70.723      0.33860      -392.96      -274.16       469.21    
  4697.083964       1.0000       0.0000       58.305     -7.90195E-23   105.78       0.0000       67.761      -66.893      0.28898      -392.47      -271.47       469.25    
  4697.099858       1.0000       0.0000       56.681     -1.65451E-20   102.84       0.0000       65.872      -63.571      0.24437      -392.02      -269.08       469.49    
  4697.117901       1.0000       0.0000       54.837     -4.85734E-22   99.492       0.0000       63.728      -59.954      0.19387      -391.52      -266.40       469.99    
  4697.136382       1.0000       0.0000       52.949      1.59631E-20   96.065       0.0000       61.532      -56.421      0.14227      -391.00      -263.72       470.76    
  4697.157403       1.0000       0.0000       50.801     -5.85903E-21   92.166       0.0000       59.035      -52.616      8.37177E-02  -390.40      -260.73       471.95    
  4697.180516       1.0000       0.0000       48.439     -2.98519E-20   87.880       0.0000       56.288      -48.697      1.94457E-02  -389.75      -257.52       473.65    
  4697.207166       1.0000       0.0000       45.849      7.46401E-22   83.917       0.0000       53.277       125.01     -3.55130E-02  -388.40      -158.45       185.29    
  4697.237854       1.0000       0.0000       43.283     -4.55217E-21   79.221       0.0000       50.293       134.21     -0.10226      -386.94      -153.97       184.20    
  4697.274264       1.0000       0.0000       40.239     -1.08386E-20   73.649       0.0000       46.754       143.10     -0.18596      -385.37      -148.92       185.08    
  4697.318177       1.0000       0.0000       36.568     -1.84207E-20   66.929       0.0000       42.486       151.68     -0.29258      -383.64      -143.38       188.36    
  4697.372883       1.0000       0.0000       31.994      2.53262E-21   58.557       0.0000       37.169       160.13     -0.43237      -381.73      -137.23       194.60    
  4697.443486       1.0000       0.0000       26.899      2.95746E-20   49.231       0.0000       31.247       167.58     -0.62405      -379.60      -130.82       204.32    
  4697.539417       1.0000       0.0000       20.661      6.63181E-20   37.812       0.0000       23.998       174.56     -0.89938      -377.16      -123.51       217.76    
  4697.679040       1.0000       0.0000       13.050      1.19796E-19   23.883       0.0000       15.155       181.66      -1.3242      -374.23      -114.17       233.89    
  4697.810017       1.0000       0.0000       7.1525      1.69962E-19   13.090       0.0000       8.3056       185.66      -1.7082      -371.87      -106.59       246.93    
  4697.810017       1.0000       0.0000       7.1525      7.83474E-21   13.090       0.0000       8.3056       185.66      -1.7082      -371.87      -106.59       246.93    
  4697.813554       1.0000       0.0000       7.0539     -3.98297E-22   12.909       0.0000       8.1911       185.71      -1.7340      -371.80      -106.43       247.27    
  4697.817092       1.0000       0.0000       6.9553      7.66856E-23   12.729       0.0000       8.0766       185.75      -1.7448      -371.74      -106.26       247.62    
  4697.824168       1.0000       0.0000       6.7581      1.02665E-21   12.368       0.0000       7.8475       185.82      -1.7644      -371.62      -105.93       248.29    
  4697.838319       1.0000       0.0000       6.3638      2.92658E-21   11.646       0.0000       7.3895       185.95      -1.8037      -371.38      -105.28       249.63    
  4697.866621       1.0000       0.0000       5.5750      6.72644E-21   10.203       0.0000       6.4735       186.06      -1.8840      -370.94      -104.04       252.18    
  4697.923225       1.0000       0.0000       3.9975      1.43262E-20   7.3156       0.0000       4.6417       186.07      -2.0486      -370.14      -101.66       256.90    
  4698.000000       1.0000       0.0000       1.8579      2.46341E-20   3.4000       0.0000       2.1572       185.95      -2.2775      -369.13      -98.499       262.69    
  4698.000000       1.0000       0.0000       1.8579      1.41343E-23   3.4000       0.0000       2.1572       185.95      -2.2772      -369.13      -98.499       262.69    
  4698.045283       1.0000       0.0000       1.4373      1.41343E-23   2.6301       0.0000       1.6688       184.74      -2.3806      -368.61      -97.274       265.82    
  4698.090567       1.0000       0.0000       1.0166      1.41343E-23   1.8603       0.0000       1.1804       183.33      -2.4800      -368.16      -96.145       268.77    
  4698.181133       1.0000       0.0000      0.17527      1.41343E-23  0.32072       0.0000      0.20351       180.26      -2.6863      -367.37      -94.050       274.04    
  4698.362266       1.0000       0.0000       0.0000     -2.59402E-18   0.0000       0.0000       0.0000       171.86      -3.1275      -366.25      -91.337       282.31    
  4698.643955       1.0000       0.0000       0.0000     -6.24000E-17   0.0000       0.0000       0.0000       159.11      -3.8517      -364.87      -87.822       292.25    
  4698.983799       1.0000       0.0000       0.0000     -1.28419E-18   0.0000       0.0000       0.0000       123.93      -4.7660      -363.75      -90.143       331.22    
  4698.983799       1.0000       0.0000       0.0000      2.69251E-21   0.0000       0.0000       0.0000       123.93      -4.7659      -363.75      -90.143       331.22    
  4698.991899       1.0000       0.0000       0.0000     -7.44045E-21   0.0000       0.0000       0.0000       122.76      -4.7874      -363.72      -90.268       332.58    
  4699.000000       1.0000       0.0000       0.0000     -4.67103E-17   0.0000       0.0000       0.0000       121.59      -4.8090      -363.70      -90.394       333.93    
  4699.000000       1.0000       0.0000       0.0000     -1.91500E-21   0.0000       0.0000       0.0000       121.59      -4.8090      -363.70      -90.394       333.93    
  4699.006480       1.0000       0.0000       0.0000      8.21796E-21   0.0000       0.0000       0.0000       120.66      -4.8263      -363.68      -90.494       335.01    
  4699.012961       1.0000       0.0000       0.0000     -1.12337E-21   0.0000       0.0000       0.0000       119.73      -4.8410      -363.65      -90.596       336.10    
  4699.025922       1.0000       0.0000       0.0000     -5.19006E-17   0.0000       0.0000       0.0000       117.86      -4.8701      -363.62      -90.800       338.26    
  4699.051844       1.0000       0.0000       0.0000      7.25759E-17   0.0000       0.0000       0.0000       114.16      -4.9286      -363.54      -91.206       342.54    
  4699.103687       1.0000       0.0000       0.0000     -1.42892E-18   0.0000       0.0000       0.0000       106.94      -5.0466      -363.41      -92.019       350.84    
  4699.207374       1.0000       0.0000       0.0000      2.17680E-17   0.0000       0.0000       0.0000       93.566      -5.2848      -363.18      -93.462       365.96    
  4699.414749       1.0000       0.0000       0.0000     -1.28397E-20   0.0000       0.0000       0.0000       70.243      -5.7659      -362.73      -95.678       391.62    
  4699.798068       1.0000       0.0000       0.0000      5.31120E-17   0.0000       0.0000       0.0000       112.32      -6.5908      -359.45      -67.481       312.18    
  4700.000000       1.0000       0.0000       0.0000     -4.34157E-17   0.0000       0.0000       0.0000      -72.651      -7.0813      -359.67      -129.14       569.66    
  4700.000000       1.0000       0.0000       0.0000      6.82944E-19   0.0000       0.0000       0.0000      -72.651      -7.0812      -359.67      -129.14       569.66    
  4700.165899       1.0000       0.0000       0.0000     -1.58684E-18   0.0000       0.0000       0.0000       112.96      -7.3903      -356.73      -60.341       292.81    
  4700.331799       1.0000       0.0000       0.0000      4.37887E-24   0.0000       0.0000       0.0000       254.85      -7.6629      -352.57      -2.2218       81.194    
  4700.663598       1.0000       0.0000       0.0000     -5.55238E-19   0.0000       0.0000       0.0000       407.42      -8.1828      -343.30       81.867      -167.26    
  4701.000000       1.0000       0.0000       0.0000     -6.30626E-18   0.0000       0.0000       0.0000       425.59      -8.7745      -336.20       102.26      -205.16    
  4701.000000       1.0000       0.0000       0.0000      1.38304E-19   0.0000       0.0000       0.0000       425.59      -8.7745      -336.20       102.26      -205.16    
  4701.265439       1.0000       0.0000       0.0000      6.65218E-19   0.0000       0.0000       0.0000       431.31      -9.1658      -331.49       113.59      -222.94    
  4701.530878       1.0000       0.0000       0.0000      4.75893E-18   0.0000       0.0000       0.0000       432.83      -9.5621      -327.34       122.14      -234.59    
  4701.842919       1.0000       0.0000       0.0000     -8.04790E-19   0.0000       0.0000       0.0000       432.19      -10.032      -322.92       129.95      -244.14    
  4701.842919       1.0000       0.0000       0.0000     -4.65837E-27   0.0000       0.0000       0.0000       432.19      -10.032      -322.92       129.95      -244.14    
  4701.921460       1.0000       0.0000       0.0000     -8.10637E-19   0.0000       0.0000       0.0000       431.92      -10.149      -321.83       131.79      -246.37    
  4702.000000       1.0000       0.0000       0.0000      4.86382E-19   0.0000       0.0000       0.0000       431.59      -10.265      -320.76       133.54      -248.49    
  4702.000000       1.0000       0.0000       0.0000     -3.16614E-22   0.0000       0.0000       0.0000       431.59      -10.265      -320.76       133.54      -248.49    
  4702.062832       1.0000       0.0000       0.0000     -1.94585E-18   0.0000       0.0000       0.0000       431.30      -10.358      -319.92       134.89      -250.13    
  4702.125665       1.0000       0.0000       0.0000     -4.08485E-20   0.0000       0.0000       0.0000       430.99      -10.451      -319.08       136.18      -251.72    
  4702.251329       1.0000       0.0000       0.0000      4.52738E-17   0.0000       0.0000       0.0000       430.38      -10.637      -317.43       138.61      -254.78    
  4702.320977       1.0000       0.0000       0.0000     -1.26206E-17   0.0000       0.0000       0.0000       430.04      -10.739      -316.52       139.91      -256.45    
  4702.320977       1.0000       0.0000       0.0000      4.73560E-27   0.0000       0.0000       0.0000       430.04      -10.769      -318.25       139.91      -256.45    
  4702.421509       1.0000       0.0000       0.0000      3.79987E-21   0.0000       0.0000       0.0000       429.79      -11.016      -315.85       141.81      -258.80    
  4702.522040       1.0000       0.0000       0.0000      1.69727E-19   0.0000       0.0000       0.0000       429.51      -11.256      -314.53       143.59      -261.14    
  4702.648061       1.0000       0.0000       0.0000      6.86693E-20   0.0000       0.0000       0.0000       429.19      -11.546      -312.90       145.68      -264.04    
  4702.806394       1.0000       0.0000       0.0000      4.14463E-17   0.0000       0.0000       0.0000       428.88      -11.896      -310.88       148.09      -267.67    
  4703.000000       1.0000       0.0000       0.0000      1.00850E-19   0.0000       0.0000       0.0000       428.69      -12.307      -308.43       150.78      -272.08    
