#      time         order        q_cool       q_equip      q_heat       q_light      q_loss       q_occ        qintw        ql_a         qventil      qwcb         qwind     
  4679.000000       1.0000       0.0000       0.0000       0.0000       0.0000       0.0000       0.0000       267.88      -11.635      -285.94       130.33      -109.62    
  4679.400000       1.0000       0.0000       0.0000       0.0000       0.0000       0.0000       0.0000       269.47      -12.362      -282.59       130.02      -113.38    
  4679.800000       1.0000       0.0000       0.0000       0.0000       0.0000       0.0000       0.0000       271.56      -13.049      -279.26       128.93      -116.95    
  4680.000000       1.0000       0.0000       0.0000       0.0000       0.0000       0.0000       0.0000       272.74      -13.385      -277.60       128.23      -118.71    
  4680.000000       1.0000       0.0000       0.0000       0.0000       0.0000       0.0000       0.0000       272.74      -13.382      -277.60       128.23      -118.71    
  4680.002746       1.0000       0.0000       0.0000       0.0000       0.0000       0.0000       0.0000       272.75      -13.387      -277.58       128.22      -118.73    
  4680.005491       1.0000       0.0000       0.0000       0.0000       0.0000       0.0000       0.0000       272.77      -13.391      -277.56       128.21      -118.76    
  4680.007168       1.0000       0.0000       0.0000       0.0000       0.0000       0.0000       0.0000       272.78      -13.394      -277.54       128.20      -118.77    
  4680.007168       1.0000       0.0000       0.0000       0.0000       0.0000       0.0000       0.0000       272.78      -13.394      -277.54       128.20      -118.77    
  4680.009364       1.0000       0.0000       0.0000       0.0000       0.0000       0.0000       0.0000       272.79      -13.396      -277.53       128.20      -118.79    
  4680.011560       1.0000       0.0000       0.0000       0.0000       0.0000       0.0000       0.0000       272.80      -13.399      -277.51       128.19      -118.81    
  4680.015953       1.0000       0.0000       0.0000       0.0000       0.0000       0.0000       0.0000       272.83      -13.404      -277.47       128.17      -118.85    
  4680.024739       1.0000       0.0000       0.0000       0.0000       0.0000       0.0000       0.0000       272.88      -13.413      -277.40       128.14      -118.92    
  4680.042311       1.0000       0.0000       0.0000       0.0000       0.0000       0.0000       0.0000       272.98      -13.433      -277.25       128.07      -119.07    
  4680.077454       1.0000       0.0000       0.0000       0.0000       0.0000       0.0000       0.0000       273.18      -13.471      -276.97       127.93      -119.35    
  4680.147740       1.0000       0.0000       0.0000       0.0000       0.0000       0.0000       0.0000       273.58      -13.547      -276.39       127.61      -119.89    
  4680.288312       1.0000       0.0000       0.0000       0.0000       0.0000       0.0000       0.0000       274.36      -13.696      -275.25       126.88      -120.85    
  4680.569457       1.0000       0.0000       0.0000       0.0000       0.0000       0.0000       0.0000       276.06      -14.181      -272.97       125.09      -122.53    
  4680.677689       1.0000       0.0000       0.0000       0.0000       0.0000       0.0000       0.0000       276.77      -14.363      -272.08       124.45      -123.16    
  4680.677689       1.0000       0.0000       0.0000       0.0000       0.0000       0.0000       0.0000       276.77      -14.363      -272.08       124.45      -123.16    
  4680.726387       1.0000       0.0000       0.0000       0.0000       0.0000       0.0000       0.0000       277.06      -14.444      -271.70       124.12      -123.44    
  4680.775084       1.0000       0.0000       0.0000       0.0000       0.0000       0.0000       0.0000       277.36      -14.522      -271.31       123.79      -123.72    
  4680.872480       1.0000       0.0000       0.0000       0.0000       0.0000       0.0000       0.0000       278.00      -14.673      -270.52       123.12      -124.26    
  4681.000000       1.0000       0.0000       0.0000       0.0000       0.0000       0.0000       0.0000       278.86      -14.862      -269.50       122.19      -124.97    
  4681.000000       1.0000       0.0000       0.0000       0.0000       0.0000       0.0000       0.0000       278.86      -14.862      -269.50       122.19      -124.97    
  4681.077916       1.0000       0.0000       0.0000       0.0000       0.0000       0.0000       0.0000       279.34      -14.937      -268.89       121.56      -125.37    
  4681.155832       1.0000       0.0000       0.0000       0.0000       0.0000       0.0000       0.0000       279.83      -15.007      -268.27       120.91      -125.75    
  4681.311665       1.0000       0.0000       0.0000       0.0000       0.0000       0.0000       0.0000       280.82      -15.140      -267.05       119.54      -126.45    
  4681.623329       1.0000       0.0000       0.0000       0.0000       0.0000       0.0000       0.0000       282.94      -15.390      -264.60       116.57      -127.70    
  4682.000000       1.0000       0.0000       0.0000       0.0000       0.0000       0.0000       0.0000       285.57      -15.668      -261.65       112.64      -129.11    
  4682.000000       1.0000       0.0000       0.0000       0.0000       0.0000       0.0000       0.0000       285.57      -15.668      -261.65       112.64      -129.11    
  4682.249332       1.0000       0.0000       0.0000       0.0000       0.0000       0.0000       0.0000       287.38      -15.845      -259.70       109.94      -130.03    
  4682.498664       1.0000       0.0000       0.0000       0.0000       0.0000       0.0000       0.0000       289.27      -16.016      -257.75       107.17      -130.93    
  4682.997327       1.0000       0.0000       0.0000       0.0000       0.0000       0.0000       0.0000       293.22      -16.343      -253.81       101.36      -132.73    
  4683.000000       1.0000       0.0000       0.0000       0.0000       0.0000       0.0000       0.0000       293.24      -16.345      -253.79       101.33      -132.74    
  4683.000000       1.0000       0.0000       0.0000       0.0000       0.0000       0.0000       0.0000       293.24      -16.345      -253.79       101.33      -132.74    
  4683.398931       1.0000       0.0000       0.0000       0.0000       0.0000       0.0000       0.0000       296.22      -16.426      -250.67       96.400      -133.78    
  4683.797862       1.0000       0.0000       0.0000       0.0000       0.0000       0.0000       0.0000       287.30      -16.530      -247.90       83.773      -113.94    
  4684.000000       1.0000       0.0000       0.0000       0.0000       0.0000       0.0000       0.0000       282.76      -16.588      -246.56       77.320      -103.89    
  4684.000000       1.0000       0.0000       0.0000       0.0000       0.0000       0.0000       0.0000       282.76      -16.588      -246.56       77.320      -103.89    
  4684.006383       1.0000       0.0000       0.0000       0.0000       0.0000       0.0000       0.0000       282.61      -16.590      -246.52       77.109      -103.56    
  4684.012766       1.0000       0.0000       0.0000       0.0000       0.0000       0.0000       0.0000       282.45      -16.580      -246.48       76.897      -103.22    
  4684.023176       1.0000       0.0000       0.0000       0.0000       0.0000       0.0000       0.0000       282.19      -16.562      -246.41       76.548      -102.66    
  4684.035077       1.0000       0.0000       0.0000       0.0000       0.0000       0.0000       0.0000       281.90      -16.542      -246.34       76.148      -102.01    
  4684.052703       1.0000       0.0000       0.0000       0.0000       0.0000       0.0000       0.0000       281.44      -16.512      -246.22       75.548      -101.04    
  4684.076841       1.0000       0.0000       0.0000       0.0000       0.0000       0.0000       0.0000       280.81      -16.472      -246.07       74.718      -99.689    
  4684.097822       1.0000       0.0000       0.0000       0.0000       0.0000       0.0000       0.0000       280.25      -16.438      -245.94       73.988      -98.497    
  4684.120551       1.0000       0.0000       0.0000       0.0000       0.0000       0.0000       0.0000       279.63      -16.401      -245.80       73.189      -97.186    
  4684.139473       1.0000       0.0000       0.0000       0.0000       0.0000       0.0000       0.0000       279.11      -16.371      -245.68       72.518      -96.080    
  4684.158205       1.0000       0.0000       0.0000       0.0000       0.0000       0.0000       0.0000       278.58      -16.341      -245.56       71.848      -94.972    
  4684.175485       1.0000       0.0000       0.0000       0.0000       0.0000       0.0000       0.0000       278.08      -16.314      -245.46       71.225      -93.938    
  4684.192669       1.0000       0.0000       0.0000       0.0000       0.0000       0.0000       0.0000       277.59      -16.288      -245.36       70.602      -92.900    
  4684.209402       1.0000       0.0000       0.0000       0.0000       0.0000       0.0000       0.0000       277.10      -16.262      -245.26       69.990      -91.879    
  4684.226201       1.0000       0.0000       0.0000       0.0000       0.0000       0.0000       0.0000       276.60      -16.237      -245.16       69.373      -90.844    
  4684.243406       1.0000       0.0000       0.0000       0.0000       0.0000       0.0000       0.0000       276.09      -16.211      -245.06       68.737      -89.775    
  4684.262049       1.0000       0.0000       0.0000       0.0000       0.0000       0.0000       0.0000       275.52      -16.183      -244.95       68.043      -88.607    
  4684.282280       1.0000       0.0000       0.0000       0.0000       0.0000       0.0000       0.0000       274.90      -16.153      -244.83       67.285      -87.327    
  4684.304645       1.0000       0.0000       0.0000       0.0000       0.0000       0.0000       0.0000       274.21      -16.120      -244.70       66.442      -85.899    
  4684.329681       1.0000       0.0000       0.0000       0.0000       0.0000       0.0000       0.0000       273.43      -16.084      -244.56       65.492      -84.284    
  4684.358057       1.0000       0.0000       0.0000       0.0000       0.0000       0.0000       0.0000       272.53      -16.044      -244.40       64.408      -82.436    
  4684.390755       1.0000       0.0000       0.0000       0.0000       0.0000       0.0000       0.0000       271.48      -15.999      -244.22       63.148      -80.284    
  4684.429120       1.0000       0.0000       0.0000       0.0000       0.0000       0.0000       0.0000       270.23      -15.946      -244.01       61.659      -77.731    
  4684.475262       1.0000       0.0000       0.0000       0.0000       0.0000       0.0000       0.0000       268.71      -15.885      -243.76       59.853      -74.626    
  4684.532385       1.0000       0.0000       0.0000       0.0000       0.0000       0.0000       0.0000       266.81      -15.810      -243.45       57.597      -70.737    
  4684.606075       1.0000       0.0000       0.0000       0.0000       0.0000       0.0000       0.0000       264.32      -15.718      -243.07       54.662      -65.662    
  4684.606075       1.0000       0.0000       0.0000       0.0000       0.0000       0.0000       0.0000       264.32      -15.718      -243.07       54.662      -65.662    
  4684.614403       1.0000       0.0000       0.0000       0.0000       0.0000       0.0000       0.0000       264.04      -15.707      -243.03       54.329      -65.087    
  4684.622731       1.0000       0.0000       0.0000       0.0000       0.0000       0.0000       0.0000       263.76      -15.697      -242.99       53.997      -64.510    
  4684.639386       1.0000       0.0000       0.0000       0.0000       0.0000       0.0000       0.0000       263.19      -15.676      -242.90       53.330      -63.355    
  4684.672697       1.0000       0.0000       0.0000       0.0000       0.0000       0.0000       0.0000       262.05      -15.636      -242.73       51.993      -61.037    
  4684.739319       1.0000       0.0000       0.0000       0.0000       0.0000       0.0000       0.0000       259.76      -15.557      -242.40       49.306      -56.374    
  4684.872564       1.0000       0.0000      0.67409       0.0000       1.2346       0.0000      0.78842       254.05      -15.411      -241.85       43.213      -47.019    
  4685.000000       1.0000       0.0000       1.8579       0.0000       3.4027       0.0000       2.1732       247.41      -15.281      -241.46       36.728      -38.066    
  4685.000000       1.0000       0.0000       1.8579       0.0000       3.4027       0.0000       2.1731       247.41      -15.281      -241.46       36.728      -38.066    
  4685.106596       1.0000       0.0000       4.8286       0.0000       8.8433       0.0000       5.6486       238.34      -14.947      -241.46       29.165      -30.469    
  4685.213191       1.0000       0.0000       8.0444       0.0000       14.733       0.0000       9.4127       228.07      -14.617      -241.68       20.900      -22.725    
  4685.426382       1.0000       0.0000       18.437       0.0000       33.764       0.0000       21.590       199.06      -14.045      -243.24     -0.81451      -7.0762    
  4685.829970       1.0000       0.0000       49.510       0.0000       90.651       0.0000       58.120       114.81      -13.255      -250.35      -61.524       30.580    
  4686.000000       1.0000       0.0000       66.885       0.0000       122.45       0.0000       78.611       73.357      -12.983      -254.47      -91.279       42.956    
  4686.000000       1.0000       0.0000       66.885       0.0000       122.45       0.0000       78.611       73.357      -12.983      -254.47      -91.279       42.956    
  4686.034111       1.0000       0.0000       70.371       0.0000       128.83       0.0000       82.729       64.950      -12.791      -255.35      -97.324       45.476    
  4686.068221       1.0000       0.0000       73.856       0.0000       135.21       0.0000       86.851       56.679      -12.566      -256.27      -103.45       48.026    
  4686.102458       1.0000       0.0000       77.355       0.0000       141.61       0.0000       90.993       48.428      -12.346      -257.24      -109.68       50.610    
  4686.113461       1.0000       0.0000       78.479       0.0000       143.67       0.0000       92.325       45.763      -12.276      -257.56      -111.68       51.442    
  4686.135467       1.0000       0.0000       80.728       135.75       147.79       0.0000       94.989       4.7763      -12.269      -259.73      -138.98       51.450    
  4686.173404       1.0000       0.0000       84.604       167.18       154.88       0.0000       99.583      -21.391      -12.258      -263.55      -156.60       53.826    
  4686.185629       1.0000       0.0000       85.854       144.09       157.16       0.0000       101.06      -21.687      -12.249      -264.57      -157.00       54.993    
  4686.210081       1.0000       0.0000       88.165       51.658       161.39       0.0000       103.81      -7.0662      -12.189      -265.27      -148.00       57.996    
  4686.258985       1.0000       0.0000       92.254       0.0000       168.87       0.0000       108.67      -2.3006      -12.035      -265.57      -146.03       62.643    
  4686.278546       1.0000       0.0000       93.889       0.0000       171.86       0.0000       110.61      -5.1143      -11.975      -265.75      -148.30       64.263    
  4686.317669       1.0000       0.0000       97.160       0.0000       177.85       0.0000       114.50      -11.418      -11.859      -266.28      -153.23       67.497    
  4686.333318       1.0000       0.0000       98.468       0.0000       180.24       0.0000       116.06      -14.037      -11.813      -266.51      -155.26       68.788    
  4686.364616       1.0000       0.0000       101.09       0.0000       185.03       0.0000       119.17      -19.591      -11.722      -267.07      -159.52       71.440    
  4686.377136       1.0000       0.0000       102.13       0.0000       186.94       0.0000       120.41      -21.859      -11.686      -267.31      -161.25       72.498    
  4686.402174       1.0000       0.0000       104.18       0.0000       190.70       0.0000       122.86      -26.500      -11.615      -267.82      -164.79       74.612    
  4686.452251       1.0000       0.0000       107.44       0.0000       196.65       0.0000       126.75      -35.085      -11.472      -268.90      -171.42       78.882    
  4686.472282       1.0000       0.0000       108.74       0.0000       199.03       0.0000       128.30      -38.538      -11.415      -269.35      -174.09       80.585    
  4686.512344       1.0000       0.0000       111.35       0.0000       203.79       0.0000       131.41      -45.510      -11.300      -270.26      -179.49       83.988    
  4686.528369       1.0000       0.0000       112.39       0.0000       205.70       0.0000       132.66      -48.307      -11.254      -270.62      -181.65       85.346    
  4686.560418       1.0000       0.0000       114.47       0.0000       209.51       0.0000       135.15      -53.927      -11.162      -271.38      -186.01       88.058    
  4686.573238       1.0000       0.0000       115.31       0.0000       211.03       0.0000       136.14      -56.179      -11.125      -271.68      -187.76       89.141    
  4686.598878       1.0000       0.0000       116.98       0.0000       214.08       0.0000       138.13      -60.694      -11.051      -272.29      -191.26       91.305    
  4686.650157       1.0000       0.0000       119.38       0.0000       218.47       0.0000       141.02      -68.513      -10.898      -273.46      -197.53       95.680    
  4686.752715       1.0000       0.0000       124.14       0.0000       227.17       0.0000       146.74      -83.452      -10.582      -275.70      -209.68       104.39    
  4686.957831       1.0000       0.0000       130.74       0.0000       239.20       0.0000       154.70      -107.04      -9.8971      -279.53      -230.20       121.69    
  4686.958056       1.0000       0.0000       130.74       0.0000       239.22       0.0000       154.71      -107.07      -9.8964      -269.95      -230.23       121.71    
  4686.958056       1.0000       0.0000       130.74       0.0000       239.22       0.0000       154.71      -107.07      -10.040      -278.84      -230.23       121.71    
  4686.965333       1.0000       0.0000       130.95       0.0000       239.59       0.0000       154.95      -107.87      -10.207      -278.96      -230.94       122.32    
  4686.972610       1.0000       0.0000       131.15       0.0000       239.96       0.0000       155.19      -108.67      -10.204      -279.10      -231.64       122.92    
  4686.987164       1.0000       0.0000       131.55       0.0000       240.69       0.0000       155.68      -110.23      -10.185      -279.37      -233.04       124.13    
  4687.000000       1.0000       0.0000       131.91       0.0000       241.35       0.0000       156.11      -111.60      -10.167      -279.61      -234.25       125.20    
  4687.000000       1.0000       0.0000       131.91       0.0000       241.35       0.0000       156.11      -111.60      -10.167      -279.61      -234.25       125.20    
  4687.011643       1.0000       0.0000       132.02       0.0000       241.54       0.0000       156.24      -112.59      -10.149      -279.81      -235.20       126.18    
  4687.023286       1.0000       0.0000       132.13       0.0000       241.74       0.0000       156.37      -113.54      -10.127      -280.01      -236.12       127.16    
  4687.046572       1.0000       0.0000       132.34       0.0000       242.13       0.0000       156.64      -115.36      -10.082      -280.37      -237.91       129.12    
  4687.093144       1.0000       0.0000       132.78       0.0000       242.91       0.0000       157.16      -118.71      -9.9793      -281.03      -241.33       133.05    
  4687.111044       1.0000       0.0000       132.94       0.0000       243.21       0.0000       157.36      -119.95      -9.9369      -281.27      -242.61       134.55    
  4687.118204       1.0000       0.0000       133.01       0.0000       243.33       0.0000       157.44      -120.44      -9.9195      -281.37      -243.12       135.15    
  4687.132525       1.0000       0.0000       133.14       0.0000       243.57       0.0000       157.60      -121.41      -9.8836      -281.55      -244.12       136.35    
  4687.138253       1.0000       0.0000       133.20       0.0000       243.67       0.0000       157.67      -121.79      -9.8689      -281.63      -244.52       136.83    
  4687.149709       1.0000       0.0000       133.30       0.0000       243.86       0.0000       157.79      -122.53      -9.8388      -281.77      -245.32       137.79    
  4687.172621       1.0000       0.0000       133.52       0.0000       244.25       0.0000       158.05      -123.99      -9.7757      -282.05      -246.88       139.71    
  4687.218445       1.0000       0.0000       133.77       0.0000       244.71       0.0000       158.35      -126.54      -9.6392      -282.56      -249.77       143.56    
  4687.266413       1.0000       0.0000       133.77       0.0000       244.70       0.0000       158.34      -128.72      -9.4835      -283.05      -252.49       147.58    
  4687.325406       1.0000       0.0000       133.77       0.0000       244.69       0.0000       158.33      -131.15      -9.2767      -283.58      -255.67       152.50    
  4687.389614       1.0000       0.0000       133.77       0.0000       244.67       0.0000       158.32      -133.59      -9.0372      -284.12      -259.01       157.82    
  4687.468798       1.0000       0.0000       133.77       0.0000       244.66       0.0000       158.29      -136.40      -8.7273      -284.73      -262.98       164.33    
  4687.575177       1.0000       0.0000       133.77       0.0000       244.64       0.0000       158.24      -139.96      -8.2948      -285.51      -268.13       172.97    
  4687.699872       1.0000       0.0000       133.77       0.0000       244.61       0.0000       158.17      -143.93      -7.7694      -286.38      -273.98       182.91    
  4687.853224       1.0000       0.0000       133.77       0.0000       244.58       0.0000       158.07      -148.64      -7.0961      -287.42      -280.91       194.88    
  4687.986302       1.0000       0.0000       133.77       0.0000       244.56       0.0000       157.97      -152.62      -6.4889      -288.32      -286.73       205.01    
  4688.000000       1.0000       0.0000       133.77       0.0000       244.55       0.0000       157.96      -153.03      -6.4258      -288.41      -287.33       206.04    
  4688.000000       1.0000       0.0000       133.77       0.0000       244.55       0.0000       157.96      -153.03      -6.4258      -288.41      -287.33       206.04    
  4688.037258       1.0000       0.0000       133.77       0.0000       244.55       0.0000       157.93      -154.12      -6.2662      -288.66      -288.93       208.81    
  4688.074515       1.0000       0.0000       133.77       0.0000       244.54       0.0000       157.90      -155.20      -6.1085      -288.91      -290.51       211.62    
  4688.149031       1.0000       0.0000       133.77       0.0000       244.52       0.0000       157.84      -157.35      -5.7890      -289.42      -293.62       217.22    
  4688.149031       1.0000       0.0000       133.77       0.0000       244.52       0.0000       157.84      -157.35      -5.7890      -289.42      -293.62       217.22    
  4688.178837       1.0000       0.0000       133.77       0.0000       244.52       0.0000       157.82      -158.20      -5.6603      -289.62      -294.85       219.41    
  4688.208643       1.0000       0.0000       133.77       0.0000       244.51       0.0000       157.80      -159.05      -5.5307      -289.82      -296.07       221.56    
  4688.268256       1.0000       0.0000       133.77       0.0000       244.50       0.0000       157.75      -160.71      -5.2685      -290.22      -298.46       225.73    
  4688.387480       1.0000       0.0000       133.77       0.0000       244.48       0.0000       157.64      -163.95      -4.7331      -290.99      -303.04       233.65    
  4688.387480       1.0000       0.0000       133.77       0.0000       244.48       0.0000       157.64      -163.95      -4.7331      -290.99      -303.04       233.65    
  4688.435170       1.0000       0.0000       133.77       0.0000       244.41       0.0000       157.60      -171.59      -4.5171      -291.33      -308.86       247.94    
  4688.482860       1.0000       0.0000       133.77       0.0000       244.40       0.0000       157.56      -173.04      -4.2992      -291.66      -310.70       251.29    
  4688.578240       1.0000       0.0000       133.77       0.0000       244.38       0.0000       157.48      -175.82      -3.8578      -292.31      -314.27       257.85    
  4688.768999       1.0000       0.0000       133.77       0.0000       244.34       0.0000       157.32      -181.15      -2.9594      -293.60      -320.92       270.38    
  4689.000000       1.0000       0.0000       133.77       0.0000       244.30       0.0000       157.12      -187.48      -1.8570      -295.23      -328.35       285.21    
  4689.000000       1.0000       0.0000       133.77       0.0000       244.30       0.0000       157.12      -187.48      -1.8570      -295.23      -328.35       285.21    
  4689.024840       1.0000       0.0000       133.77       0.0000       244.29       0.0000       157.10      -188.15      -1.7462      -295.41      -329.13       286.84    
  4689.049681       1.0000       0.0000       133.77       0.0000       244.29       0.0000       157.08      -188.81      -1.6390      -295.59      -329.90       288.47    
  4689.099362       1.0000       0.0000       133.77       0.0000       244.28       0.0000       157.04      -190.13      -1.4250      -295.95      -331.42       291.51    
  4689.099362       1.0000       0.0000       133.77       0.0000       244.28       0.0000       157.04      -190.13      -1.4250      -295.95      -331.42       291.51    
  4689.119234       1.0000       0.0000       133.77       0.0000       244.28       0.0000       157.02      -190.65      -1.3179      -296.10      -332.02       292.71    
  4689.139107       1.0000       0.0000       133.77       0.0000       244.27       0.0000       157.01      -191.17      -1.2266      -296.25      -332.61       293.90    
  4689.178851       1.0000       0.0000       133.77       0.0000       244.27       0.0000       156.98      -192.20      -1.0464      -296.54      -333.77       296.24    
  4689.258341       1.0000       0.0000       133.77       0.0000       244.25       0.0000       156.92      -194.23     -0.68968      -297.12      -336.00       300.84    
  4689.417320       1.0000       0.0000       133.77       0.0000       244.23       0.0000       156.81      -198.23      1.67691E-02  -298.30      -340.13       309.66    
  4689.676495       1.0000       0.0000       133.77       0.0000       244.19       0.0000       156.64      -204.68       1.1606      -300.26      -346.03       323.24    
  4690.000000       1.0000       0.0000       133.77       0.0000       244.15       0.0000       156.46      -212.70       2.5736      -302.80      -352.18       339.01    
  4690.000000       1.0000       0.0000       133.77       0.0000       244.15       0.0000       156.46      -212.70       2.5736      -302.80      -352.18       339.01    
  4690.127183       1.0000       0.0000       133.77       0.0000       244.13       0.0000       156.40      -215.59       2.9619      -303.79      -354.24       344.60    
  4690.254366       1.0000       0.0000       133.77       0.0000       244.12       0.0000       156.34      -218.31       3.3369      -304.78      -356.02       349.76    
  4690.508733       1.0000       0.0000       133.77       0.0000       244.09       0.0000       156.23      -223.42       4.0753      -306.76      -358.68       358.88    
  4690.888597       1.0000       0.0000       133.77       0.0000       244.06       0.0000       156.09      -230.68       5.1568      -309.73      -361.00       370.61    
  4690.888597       1.0000       0.0000       133.77       0.0000       244.06       0.0000       156.09      -230.68       5.1568      -309.73      -361.00       370.61    
  4690.944298       1.0000       0.0000       133.77       0.0000       244.06       0.0000       156.07      -231.69       5.3151      -310.17      -361.28       372.21    
  4691.000000       1.0000       0.0000       133.77       0.0000       244.05       0.0000       156.05      -232.69       5.4729      -310.61      -361.52       373.77    
  4691.000000       1.0000       0.0000       133.77       0.0000       244.05       0.0000       156.05      -232.69       5.4729      -310.61      -361.52       373.77    
  4691.044561       1.0000       0.0000       133.77       0.0000       244.05       0.0000       156.04      -233.48       5.5783      -310.96      -361.68       374.97    
  4691.089123       1.0000       0.0000       133.77       0.0000       244.05       0.0000       156.02      -234.25       5.6794      -311.31      -361.82       376.13    
  4691.178245       1.0000       0.0000       133.77       0.0000       244.04       0.0000       155.99      -235.75       5.8803      -312.01      -361.99       378.31    
  4691.356490       1.0000       0.0000       133.77       0.0000       244.04       0.0000       155.94      -238.65       6.2778      -313.40      -361.99       382.25    
  4691.712980       1.0000       0.0000       133.77       0.0000       244.03       0.0000       155.86      -244.23       7.0589      -316.20      -360.84       388.85    
  4692.000000       1.0000       0.0000       133.77       0.0000       244.02       0.0000       155.79      -248.48       7.6815      -318.45      -359.14       393.08    
  4692.000000       1.0000       0.0000       133.77       0.0000       244.02       0.0000       155.79      -248.48       7.6815      -318.45      -359.14       393.08    
  4692.285192       1.0000       0.0000       133.77       0.0000       244.95       0.0000       155.74      -141.60       8.1030      -319.33      -287.42       209.03    
  4692.570384       1.0000       0.0000       133.77       0.0000       244.94       0.0000       155.69      -160.28       8.4732      -321.46      -292.99       239.72    
  4693.000000       1.0000       0.0000       133.77       0.0000       244.90       0.0000       155.62      -193.14       8.9853      -325.82      -302.58       288.96    
  4693.000000       1.0000       0.0000       133.77       0.0000       244.90       0.0000       155.62      -193.14       8.9853      -325.82      -302.58       288.96    
  4693.228154       1.0000       0.0000       133.77       0.0000       244.89       0.0000       155.59      -209.49       8.9415      -328.28      -306.77       312.72    
  4693.456307       1.0000       0.0000       133.77       0.0000       244.87       0.0000       155.57      -225.29       8.8809      -330.83      -310.52       335.30    
  4693.912615       1.0000       0.0000       133.77       0.0000       244.84       0.0000       155.53      -254.54       8.7457      -336.12      -316.66       376.64    
  4694.000000       1.0000       0.0000       133.77       0.0000       244.83       0.0000       155.52      -260.00       8.7194      -337.14      -317.77       384.36    
  4694.000000       1.0000       0.0000       133.77       0.0000       244.83       0.0000       155.52      -260.00       8.7194      -337.14      -317.77       384.36    
  4694.365046       1.0000       0.0000       133.77       0.0000       244.80       0.0000       155.50      -279.75       8.0075      -341.27      -320.77       411.64    
  4694.730092       1.0000       0.0000       133.77       0.0000       244.77       0.0000       155.49      -296.47       7.2881      -345.29      -322.32       434.35    
  4695.000000       1.0000       0.0000       133.77       0.0000       244.75       0.0000       155.49      -307.09       6.7570      -348.18      -322.67       448.45    
  4695.000000       1.0000       0.0000       133.77       0.0000       244.75       0.0000       155.49      -307.09       6.7565      -348.18      -322.67       448.45    
  4695.292037       1.0000       0.0000       133.77       0.0000       244.73       0.0000       155.50      -316.56       6.0215      -351.17      -322.20       460.69    
  4695.584073       1.0000       0.0000       133.77       0.0000       244.72       0.0000       155.51      -323.89       5.2841      -354.02      -320.79       469.68    
  4696.000000       1.0000       0.0000       131.91       0.0000       241.26       0.0000       153.37      -334.92       4.2437      -357.61      -320.00       490.84    
  4696.000000       1.0000       0.0000       131.91       0.0000       241.26       0.0000       153.37      -334.92       4.2426      -357.61      -320.00       490.84    
  4696.026105       1.0000       0.0000       131.18       0.0000       239.93       0.0000       152.53      -334.40       4.1683      -357.80      -319.18       491.32    
  4696.052211       1.0000       0.0000       130.46       0.0000       238.60       0.0000       151.68      -333.75       4.0912      -357.97      -318.28       491.76    
  4696.104422       1.0000       0.0000       129.00       0.0000       235.93       0.0000       149.99      -332.09       3.9403      -358.21      -316.27       492.50    
  4696.104422       1.0000       0.0000       129.00       0.0000       235.93       0.0000       149.99      -332.09       3.9404      -358.21      -316.27       492.50    
  4696.125306       1.0000       0.0000       128.42       0.0000       234.87       0.0000       149.32      -331.37       3.8805      -358.29      -315.43       492.75    
  4696.146190       1.0000       0.0000       127.84       0.0000       233.80       0.0000       148.64      -330.60       3.8211      -358.36      -314.56       492.98    
  4696.187959       1.0000       0.0000       126.67       0.0000       231.67       0.0000       147.29      -328.89       3.7038      -358.46      -312.72       493.34    
  4696.271496       1.0000       0.0000       123.02       0.0000       224.99       0.0000       143.04      -323.08       3.4792      -358.41      -307.54       493.75    
  4696.438571       1.0000       0.0000       114.54       0.0000       209.48       0.0000       133.18      -307.26       3.0626      -357.54      -294.27       493.27    
  4696.772720       1.0000       0.0000       89.603       0.0000       163.85       0.0000       104.17      -265.15       2.3530      -353.23      -271.02       515.81    
  4697.000000       1.0000       0.0000       66.885       0.0000       122.29       0.0000       77.740      -225.00       1.9356      -348.95      -250.32       535.59    
  4697.000000       1.0000       0.0000       66.885       0.0000       122.29       0.0000       77.740      -225.00       1.9352      -348.95      -250.32       535.59    
  4697.005484       1.0000       0.0000       66.325       0.0000       121.27       0.0000       77.088      -223.99       1.9253      -348.84      -249.80       536.03    
  4697.010968       1.0000       0.0000       65.764       0.0000       120.24       0.0000       76.436      -222.97       1.9101      -348.74      -249.27       536.47    
  4697.015390       1.0000       0.0000       65.312       0.0000       119.42       0.0000       75.910      -222.15       1.8962      -348.65      -248.85       536.82    
  4697.020624       1.0000       0.0000       64.778       0.0000       118.44       0.0000       75.288      -221.17       1.8799      -348.55      -248.34       537.23    
  4697.026095       1.0000       0.0000       64.219       0.0000       117.42       0.0000       74.638      -220.15       1.8629      -348.44      -247.81       537.66    
  4697.032691       1.0000       0.0000       63.544       0.0000       116.18       0.0000       73.854      -218.91       1.8424      -348.31      -247.16       538.17    
  4697.040669       1.0000       0.0000       62.729       0.0000       114.69       0.0000       72.906      -217.40       1.8177      -348.16      -246.37       538.78    
  4697.051837       1.0000       0.0000       61.588       0.0000       112.61       0.0000       71.579      -215.26       1.7833      -347.93      -245.26       539.64    
  4697.066336       1.0000       0.0000       60.106       0.0000       109.90       0.0000       69.856      -212.47       1.7388      -347.63      -243.79       540.72    
  4697.083964       1.0000       0.0000       58.305       0.0000       106.60       0.0000       67.761      -209.05       1.6849      -347.27      -241.98       542.02    
  4697.099858       1.0000       0.0000       56.681       0.0000       103.63       0.0000       65.872      -205.93       1.6366      -346.93      -240.32       543.15    
  4697.117901       1.0000       0.0000       54.837       0.0000       100.26       0.0000       63.728      -202.36       1.5819      -346.55      -238.42       544.42    
  4697.136382       1.0000       0.0000       52.949       0.0000       96.807       0.0000       61.532      -198.68       1.5262      -346.15      -236.44       545.67    
  4697.157403       1.0000       0.0000       50.801       0.0000       92.879       0.0000       59.035      -194.45       1.4632      -345.69      -234.15       547.06    
  4697.180516       1.0000       0.0000       48.439       0.0000       88.560       0.0000       56.288      -189.75       1.3941      -345.18      -231.60       548.52    
  4697.207166       1.0000       0.0000       45.849       0.0000       83.824       0.0000       53.277      -184.46       1.3151      -344.58      -228.72       550.13    
  4697.237854       1.0000       0.0000       43.283       0.0000       79.132       0.0000       50.293      -179.17       1.2236      -343.91      -225.69       551.85    
  4697.274264       1.0000       0.0000       40.239       0.0000       73.566       0.0000       46.754      -173.11       1.1149      -343.12      -222.06       553.76    
  4697.318177       1.0000       0.0000       36.568       0.0000       66.853       0.0000       42.486      -165.79      0.98375      -342.17      -217.62       555.87    
  4697.372883       1.0000       0.0000       31.994       0.0000       58.490       0.0000       37.169      -156.63      0.82047      -340.98      -211.96       558.21    
  4697.443486       1.0000       0.0000       26.899       0.0000       49.175       0.0000       31.247      -145.83      0.60716      -339.52      -205.18       560.70    
  4697.539417       1.0000       0.0000       20.661       0.0000       37.770       0.0000       23.998      -132.91      0.31247      -337.65      -195.83       563.18    
  4697.679040       1.0000       0.0000       13.050       0.0000       23.857       0.0000       15.155      -117.93     -0.13024      -335.23      -181.96       564.93    
  4697.810017       1.0000       0.0000       7.1525       0.0000       13.076       0.0000       8.3056      -106.11     -0.52823      -333.23      -169.42       564.63    
  4697.810017       1.0000       0.0000       7.1525       0.0000       13.076       0.0000       8.3056      -106.11     -0.52820      -333.23      -169.42       564.63    
  4697.813554       1.0000       0.0000       7.0539       0.0000       12.895       0.0000       8.1911      -105.85     -0.55394      -333.17      -169.11       564.60    
  4697.817092       1.0000       0.0000       6.9553       0.0000       12.715       0.0000       8.0766      -105.59     -0.56517      -333.12      -168.79       564.56    
  4697.824168       1.0000       0.0000       6.7581       0.0000       12.355       0.0000       7.8475      -105.09     -0.58555      -333.02      -168.17       564.49    
  4697.838319       1.0000       0.0000       6.3638       0.0000       11.634       0.0000       7.3895      -104.10     -0.62631      -332.82      -166.93       564.33    
  4697.866621       1.0000       0.0000       5.5750       0.0000       10.192       0.0000       6.4735      -102.27     -0.70955      -332.45      -164.51       563.93    
  4697.923225       1.0000       0.0000       3.9975       0.0000       7.3081       0.0000       4.6417      -98.855     -0.87958      -331.77      -159.74       562.82    
  4698.000000       1.0000       0.0000       1.8579       0.0000       3.3966       0.0000       2.1572      -94.422      -1.1155      -330.94      -153.17       560.71    
  4698.000000       1.0000       0.0000       1.8579       0.0000       3.3966       0.0000       2.1572      -94.422      -1.1152      -330.94      -153.17       560.71    
  4698.045283       1.0000       0.0000       1.4373       0.0000       2.6276       0.0000       1.6688      -92.933      -1.2224      -330.52      -149.91       559.14    
  4698.090567       1.0000       0.0000       1.0166       0.0000       1.8586       0.0000       1.1804      -91.641      -1.3254      -330.16      -146.69       557.36    
  4698.181133       1.0000       0.0000      0.17527       0.0000      0.32044       0.0000      0.20351      -89.385      -1.5388      -329.56      -140.28       553.09    
  4698.362266       1.0000       0.0000       0.0000       0.0000       0.0000       0.0000       0.0000      -87.025      -1.9924      -328.76      -128.41       541.54    
  4698.643955       1.0000       0.0000       0.0000       0.0000       0.0000       0.0000       0.0000      -90.671      -2.7376      -327.97      -116.83       535.23    
  4698.983799       1.0000       0.0000       0.0000       0.0000       0.0000       0.0000       0.0000      -81.619      -3.6537      -326.80      -97.672       506.09    
  4698.983799       1.0000       0.0000       0.0000       0.0000       0.0000       0.0000       0.0000      -81.620      -3.6536      -326.80      -97.672       506.09    
  4698.991899       1.0000       0.0000       0.0000       0.0000       0.0000       0.0000       0.0000      -81.261      -3.6752      -326.77      -97.126       505.14    
  4699.000000       1.0000       0.0000       0.0000       0.0000       0.0000       0.0000       0.0000      -80.891      -3.6967      -326.74      -96.576       504.18    
  4699.000000       1.0000       0.0000       0.0000       0.0000       0.0000       0.0000       0.0000      -80.891      -3.6967      -326.74      -96.576       504.18    
  4699.006480       1.0000       0.0000       0.0000       0.0000       0.0000       0.0000       0.0000      -80.587      -3.7140      -326.72      -96.134       503.40    
  4699.012961       1.0000       0.0000       0.0000       0.0000       0.0000       0.0000       0.0000      -80.278      -3.7287      -326.70      -95.690       502.61    
  4699.025922       1.0000       0.0000       0.0000       0.0000       0.0000       0.0000       0.0000      -79.639      -3.7576      -326.65      -94.796       501.01    
  4699.051844       1.0000       0.0000       0.0000       0.0000       0.0000       0.0000       0.0000      -78.281      -3.8157      -326.55      -92.983       497.68    
  4699.103687       1.0000       0.0000       0.0000       0.0000       0.0000       0.0000       0.0000      -75.216      -3.9317      -326.35      -89.232       490.53    
  4699.207374       1.0000       0.0000       0.0000       0.0000       0.0000       0.0000       0.0000      -67.711      -4.1636      -325.88      -81.266       474.31    
  4699.414749       1.0000       0.0000       0.0000       0.0000       0.0000       0.0000       0.0000      -47.008      -4.6246      -324.72      -63.599       434.05    
  4699.798068       1.0000       0.0000       0.0000       0.0000       0.0000       0.0000       0.0000       63.210      -5.4135      -320.19      -9.5003       259.40    
  4700.000000       1.0000       0.0000       0.0000       0.0000       0.0000       0.0000       0.0000       127.52      -5.8095      -317.22       22.682       157.30    
  4700.000000       1.0000       0.0000       0.0000       0.0000       0.0000       0.0000       0.0000       127.52      -5.8094      -317.22       22.682       157.30    
  4700.165899       1.0000       0.0000       0.0000       0.0000       0.0000       0.0000       0.0000       92.978      -6.1529      -315.39       11.835       205.14    
  4700.331799       1.0000       0.0000       0.0000       0.0000       0.0000       0.0000       0.0000       176.36      -6.4712      -312.73       50.785       75.132    
  4700.663598       1.0000       0.0000       0.0000       0.0000       0.0000       0.0000       0.0000       252.88      -7.1110      -307.41       98.842      -54.099    
  4701.000000       1.0000       0.0000       0.0000       0.0000       0.0000       0.0000       0.0000       262.26      -7.7877      -303.10       110.60      -75.497    
  4701.000000       1.0000       0.0000       0.0000       0.0000       0.0000       0.0000       0.0000       262.26      -7.7877      -303.10       110.60      -75.497    
  4701.265439       1.0000       0.0000       0.0000       0.0000       0.0000       0.0000       0.0000       265.26      -8.2314      -300.15       116.71      -85.334    
  4701.530878       1.0000       0.0000       0.0000       0.0000       0.0000       0.0000       0.0000       266.13      -8.6725      -297.49       120.90      -91.476    
  4701.842919       1.0000       0.0000       0.0000       0.0000       0.0000       0.0000       0.0000       266.12      -9.1885      -294.58       124.25      -96.442    
  4701.842919       1.0000       0.0000       0.0000       0.0000       0.0000       0.0000       0.0000       266.12      -9.1885      -294.58       124.25      -96.442    
  4701.921460       1.0000       0.0000       0.0000       0.0000       0.0000       0.0000       0.0000       266.08      -9.3162      -293.86       125.01      -97.588    
  4702.000000       1.0000       0.0000       0.0000       0.0000       0.0000       0.0000       0.0000       266.01      -9.4437      -293.16       125.69      -98.596    
  4702.000000       1.0000       0.0000       0.0000       0.0000       0.0000       0.0000       0.0000       266.01      -9.4437      -293.16       125.69      -98.597    
  4702.062832       1.0000       0.0000       0.0000       0.0000       0.0000       0.0000       0.0000       265.94      -9.5454      -292.60       126.18      -99.362    
  4702.125665       1.0000       0.0000       0.0000       0.0000       0.0000       0.0000       0.0000       265.86      -9.6469      -292.04       126.64      -100.10    
  4702.251329       1.0000       0.0000       0.0000       0.0000       0.0000       0.0000       0.0000       265.74      -9.8498      -290.96       127.42      -101.52    
  4702.320977       1.0000       0.0000       0.0000       0.0000       0.0000       0.0000       0.0000       265.69      -9.9615      -290.36       127.81      -102.29    
  4702.320977       1.0000       0.0000       0.0000       0.0000       0.0000       0.0000       0.0000       265.69      -9.9901      -292.08       127.81      -102.29    
  4702.421509       1.0000       0.0000       0.0000       0.0000       0.0000       0.0000       0.0000       265.84      -10.249      -290.12       128.43      -103.37    
  4702.522040       1.0000       0.0000       0.0000       0.0000       0.0000       0.0000       0.0000       265.97      -10.500      -289.23       128.94      -104.45    
  4702.648061       1.0000       0.0000       0.0000       0.0000       0.0000       0.0000       0.0000       266.16      -10.805      -288.14       129.44      -105.78    
  4702.806394       1.0000       0.0000       0.0000       0.0000       0.0000       0.0000       0.0000       266.48      -11.174      -286.79       129.89      -107.43    
  4703.000000       1.0000       0.0000       0.0000       0.0000       0.0000       0.0000       0.0000       267.03      -11.607      -285.14       130.21      -109.45    
