#      time         order        q_cool       q_equip      q_heat       q_light      q_loss       q_occ        qintw        ql_a         qventil      qwcb         qwind     
  4679.000000       1.0000       0.0000       0.0000     -1.20106E-22   0.0000       0.0000       0.0000       128.60      -9.6378      -219.49       96.199       0.0000    
  4679.400000       1.0000       0.0000       0.0000      1.29690E-18   0.0000       0.0000       0.0000       133.12      -10.409      -217.80       90.658       0.0000    
  4679.800000       1.0000       0.0000       0.0000      6.48389E-19   0.0000       0.0000       0.0000       137.95      -11.141      -216.08       84.716       0.0000    
  4680.000000       1.0000       0.0000       0.0000      1.04086E-16   0.0000       0.0000       0.0000       140.43      -11.498      -215.21       81.674       0.0000    
  4680.000000       1.0000       0.0000       0.0000     -2.03860E-20   0.0000       0.0000       0.0000       140.43      -11.495      -215.21       81.674       0.0000    
  4680.002746       1.0000       0.0000       0.0000      4.31307E-21   0.0000       0.0000       0.0000       140.47      -11.500      -215.20       81.633       0.0000    
  4680.005491       1.0000       0.0000       0.0000      1.50608E-19   0.0000       0.0000       0.0000       140.50      -11.505      -215.18       81.591       0.0000    
  4680.007168       1.0000       0.0000       0.0000     -3.88309E-19   0.0000       0.0000       0.0000       140.52      -11.508      -215.18       81.566       0.0000    
  4680.007168       1.0000       0.0000       0.0000      6.82222E-23   0.0000       0.0000       0.0000       140.52      -11.508      -215.18       81.566       0.0000    
  4680.009364       1.0000       0.0000       0.0000     -7.21484E-21   0.0000       0.0000       0.0000       140.55      -11.510      -215.17       81.532       0.0000    
  4680.011560       1.0000       0.0000       0.0000      8.68317E-20   0.0000       0.0000       0.0000       140.58      -11.513      -215.16       81.499       0.0000    
  4680.015953       1.0000       0.0000       0.0000      3.55989E-19   0.0000       0.0000       0.0000       140.63      -11.518      -215.14       81.433       0.0000    
  4680.024739       1.0000       0.0000       0.0000     -5.75292E-18   0.0000       0.0000       0.0000       140.74      -11.529      -215.10       81.299       0.0000    
  4680.042311       1.0000       0.0000       0.0000     -1.14856E-17   0.0000       0.0000       0.0000       140.96      -11.550      -215.02       81.031       0.0000    
  4680.077454       1.0000       0.0000       0.0000     -2.55451E-17   0.0000       0.0000       0.0000       141.39      -11.592      -214.87       80.491       0.0000    
  4680.147740       1.0000       0.0000       0.0000      8.10705E-19   0.0000       0.0000       0.0000       142.26      -11.676      -214.56       79.397       0.0000    
  4680.288312       1.0000       0.0000       0.0000     -1.95505E-16   0.0000       0.0000       0.0000       144.02      -11.840      -213.95       77.168       0.0000    
  4680.569457       1.0000       0.0000       0.0000     -5.87644E-19   0.0000       0.0000       0.0000       147.67      -12.346      -212.69       72.635       0.0000    
  4680.677689       1.0000       0.0000       0.0000      9.87551E-16   0.0000       0.0000       0.0000       149.12      -12.537      -212.19       70.905       0.0000    
  4680.677689       1.0000       0.0000       0.0000     -3.36699E-21   0.0000       0.0000       0.0000       149.12      -12.537      -212.19       70.905       0.0000    
  4680.726387       1.0000       0.0000       0.0000     -4.38081E-18   0.0000       0.0000       0.0000       149.75      -12.621      -211.97       70.116       0.0000    
  4680.775084       1.0000       0.0000       0.0000     -1.54024E-16   0.0000       0.0000       0.0000       150.39      -12.703      -211.75       69.326       0.0000    
  4680.872480       1.0000       0.0000       0.0000     -4.53312E-16   0.0000       0.0000       0.0000       151.68      -12.861      -211.31       67.747       0.0000    
  4681.000000       1.0000       0.0000       0.0000     -9.80880E-17   0.0000       0.0000       0.0000       153.38      -13.061      -210.72       65.664       0.0000    
  4681.000000       1.0000       0.0000       0.0000      2.43100E-18   0.0000       0.0000       0.0000       153.38      -13.061      -210.72       65.664       0.0000    
  4681.077916       1.0000       0.0000       0.0000      1.21586E-17   0.0000       0.0000       0.0000       154.39      -13.143      -210.37       64.377       0.0000    
  4681.155832       1.0000       0.0000       0.0000     -3.10151E-16   0.0000       0.0000       0.0000       155.39      -13.220      -210.02       63.088       0.0000    
  4681.311665       1.0000       0.0000       0.0000     -4.16677E-17   0.0000       0.0000       0.0000       157.39      -13.367      -209.31       60.501       0.0000    
  4681.623329       1.0000       0.0000       0.0000      4.95298E-16   0.0000       0.0000       0.0000       161.44      -13.647      -207.88       55.310       0.0000    
  4682.000000       1.0000       0.0000       0.0000     -7.49054E-18   0.0000       0.0000       0.0000       166.16      -13.961      -206.15       49.105       0.0000    
  4682.000000       1.0000       0.0000       0.0000      4.83805E-20   0.0000       0.0000       0.0000       166.16      -13.961      -206.15       49.105       0.0000    
  4682.249332       1.0000       0.0000       0.0000      5.23646E-18   0.0000       0.0000       0.0000       169.21      -14.161      -205.01       45.140       0.0000    
  4682.498664       1.0000       0.0000       0.0000     -1.55158E-17   0.0000       0.0000       0.0000       172.19      -14.357      -203.87       41.221       0.0000    
  4682.997327       1.0000       0.0000       0.0000     -1.81534E-16   0.0000       0.0000       0.0000       178.09      -14.733      -201.55       33.292       0.0000    
  4683.000000       1.0000       0.0000       0.0000     -7.97509E-18   0.0000       0.0000       0.0000       178.12      -14.735      -201.53       33.250       0.0000    
  4683.000000       1.0000       0.0000       0.0000      3.69808E-18   0.0000       0.0000       0.0000       178.12      -14.735      -201.53       33.250       0.0000    
  4683.398931       1.0000       0.0000       0.0000     -3.78065E-17   0.0000       0.0000       0.0000       182.70      -14.858      -199.66       26.869       0.0000    
  4683.797862       1.0000       0.0000       0.0000     -4.53044E-22   0.0000       0.0000       0.0000       187.20      -14.990      -197.75       20.512       0.0000    
  4684.000000       1.0000       0.0000       0.0000      1.62715E-24   0.0000       0.0000       0.0000       189.46      -15.059      -196.78       17.304       0.0000    
  4684.000000       1.0000       0.0000       0.0000     -7.90011E-22   0.0000       0.0000       0.0000       189.46      -15.059      -196.78       17.304       0.0000    
  4684.006383       1.0000       0.0000       0.0000     -6.49300E-19   0.0000       0.0000       0.0000       189.53      -15.061      -196.75       17.202       0.0000    
  4684.012766       1.0000       0.0000       0.0000     -4.13219E-20   0.0000       0.0000       0.0000       189.60      -15.052      -196.72       17.101       0.0000    
  4684.023176       1.0000       0.0000       0.0000      5.85146E-20   0.0000       0.0000       0.0000       189.72      -15.035      -196.67       16.935       0.0000    
  4684.035077       1.0000       0.0000       0.0000      6.91253E-24   0.0000       0.0000       0.0000       189.85      -15.016      -196.61       16.745       0.0000    
  4684.052703       1.0000       0.0000       0.0000      3.49576E-20   0.0000       0.0000       0.0000       190.04      -14.988      -196.53       16.463       0.0000    
  4684.076841       1.0000       0.0000       0.0000     -5.65688E-19   0.0000       0.0000       0.0000       190.30      -14.950      -196.41       16.076       0.0000    
  4684.097822       1.0000       0.0000       0.0000      4.52446E-19   0.0000       0.0000       0.0000       190.52      -14.917      -196.31       15.739       0.0000    
  4684.120551       1.0000       0.0000       0.0000      1.52189E-20   0.0000       0.0000       0.0000       190.75      -14.882      -196.21       15.373       0.0000    
  4684.139473       1.0000       0.0000       0.0000     -2.45150E-20   0.0000       0.0000       0.0000       190.95      -14.853      -196.12       15.068       0.0000    
  4684.158205       1.0000       0.0000       0.0000     -7.12358E-19   0.0000       0.0000       0.0000       191.14      -14.825      -196.03       14.767       0.0000    
  4684.175485       1.0000       0.0000       0.0000     -3.74174E-19   0.0000       0.0000       0.0000       191.32      -14.799      -195.95       14.488       0.0000    
  4684.192669       1.0000       0.0000       0.0000     -3.78811E-20   0.0000       0.0000       0.0000       191.49      -14.774      -195.87       14.211       0.0000    
  4684.209402       1.0000       0.0000       0.0000     -1.96805E-19   0.0000       0.0000       0.0000       191.66      -14.749      -195.79       13.941       0.0000    
  4684.226201       1.0000       0.0000       0.0000     -5.18486E-19   0.0000       0.0000       0.0000       191.83      -14.725      -195.71       13.670       0.0000    
  4684.243406       1.0000       0.0000       0.0000     -3.73063E-20   0.0000       0.0000       0.0000       192.01      -14.700      -195.63       13.393       0.0000    
  4684.262049       1.0000       0.0000       0.0000     -1.64429E-19   0.0000       0.0000       0.0000       192.19      -14.673      -195.54       13.093       0.0000    
  4684.282280       1.0000       0.0000       0.0000     -1.40248E-19   0.0000       0.0000       0.0000       192.40      -14.645      -195.45       12.767       0.0000    
  4684.304645       1.0000       0.0000       0.0000     -1.13514E-19   0.0000       0.0000       0.0000       192.62      -14.614      -195.35       12.407       0.0000    
  4684.329681       1.0000       0.0000       0.0000     -8.35907E-20   0.0000       0.0000       0.0000       192.87      -14.579      -195.23       12.004       0.0000    
  4684.358057       1.0000       0.0000       0.0000      1.93518E-19   0.0000       0.0000       0.0000       193.15      -14.540      -195.10       11.548       0.0000    
  4684.390755       1.0000       0.0000       0.0000      1.16134E-18   0.0000       0.0000       0.0000       193.47      -14.496      -194.94       11.024       0.0000    
  4684.429120       1.0000       0.0000       0.0000      6.75624E-19   0.0000       0.0000       0.0000       193.85      -14.446      -194.76       10.410       0.0000    
  4684.475262       1.0000       0.0000       0.0000     -1.20556E-18   0.0000       0.0000       0.0000       194.30      -14.386      -194.55       9.6744       0.0000    
  4684.532385       1.0000       0.0000       0.0000      2.30211E-18   0.0000       0.0000       0.0000       194.86      -14.314      -194.28       8.7668       0.0000    
  4684.606075       1.0000       0.0000       0.0000      1.79814E-19   0.0000       0.0000       0.0000       195.58      -14.224      -193.93       7.6030       0.0000    
  4684.606075       1.0000       0.0000       0.0000     -4.61195E-23   0.0000       0.0000       0.0000       195.58      -14.224      -193.93       7.6030       0.0000    
  4684.614403       1.0000       0.0000       0.0000      2.48712E-21   0.0000       0.0000       0.0000       195.66      -14.214      -193.89       7.4716       0.0000    
  4684.622731       1.0000       0.0000       0.0000     -4.61195E-23   0.0000       0.0000       0.0000       195.74      -14.204      -193.85       7.3403       0.0000    
  4684.639386       1.0000       0.0000       0.0000      4.00206E-19   0.0000       0.0000       0.0000       195.90      -14.184      -193.77       7.0779       0.0000    
  4684.672697       1.0000       0.0000       0.0000      6.58181E-20   0.0000       0.0000       0.0000       196.22      -14.144      -193.62       6.5548       0.0000    
  4684.739319       1.0000       0.0000       0.0000     -3.19700E-18   0.0000       0.0000       0.0000       196.85      -14.067      -193.30       5.5149       0.0000    
  4684.872564       1.0000       0.0000      0.67409      3.29275E-19   1.2346       0.0000      0.78837       196.76      -13.922      -192.76       2.9766       0.0000    
  4685.000000       1.0000       0.0000       1.8579      4.59285E-19   3.4028       0.0000       2.1736       195.37      -13.795      -192.37      0.10364       0.0000    
  4685.000000       1.0000       0.0000       1.8579     -2.70975E-20   3.4028       0.0000       2.1731       195.37      -13.795      -192.37      0.10377       0.0000    
  4685.106596       1.0000       0.0000       4.8286     -3.47269E-20   8.8436       0.0000       5.6486       190.11      -13.465      -192.36      -3.7680       0.0000    
  4685.213191       1.0000       0.0000       8.0444      1.05720E-19   14.733       0.0000       9.4127       183.52      -13.138      -192.55      -8.1256       0.0000    
  4685.426382       1.0000       0.0000       18.437     -7.76039E-20   33.767       0.0000       21.590       160.48      -12.570      -194.00      -20.559       0.0000    
  4685.829970       1.0000       0.0000       49.510     -9.58485E-18   90.678       0.0000       58.120       89.741      -11.784      -201.07      -56.763       0.0000    
  4686.000000       1.0000       0.0000       66.885      1.90603E-19   122.50       0.0000       78.611       51.194      -11.517      -205.30      -76.147       0.0000    
  4686.000000       1.0000       0.0000       66.885      1.05074E-22   122.50       0.0000       78.611       51.194      -11.517      -205.30      -76.147       0.0000    
  4686.034111       1.0000       0.0000       70.371     -9.90403E-04   128.88       0.0000       82.729       43.312      -11.328      -206.20      -80.118       0.0000    
  4686.068221       1.0000       0.0000       73.856       2037.1       135.27       0.0000       86.851      -663.78      -12.108      -240.84      -346.07       0.0000    
  4686.102458       1.0000       0.0000       77.355       1847.3       141.68       0.0000       90.993      -729.93      -12.604      -265.94      -375.89       0.0000    
  4686.113461       1.0000       0.0000       78.479       1608.7       143.73       0.0000       92.325      -695.53      -12.703      -271.98      -364.38       0.0000    
  4686.135467       1.0000       0.0000       80.728       950.35       147.85       0.0000       94.989      -531.68      -12.723      -275.05      -307.09       0.0000    
  4686.173404       1.0000       0.0000       84.604       380.93       154.95       0.0000       99.583      -349.29      -12.434      -269.47      -243.81       0.0000    
  4686.185629       1.0000       0.0000       85.854       273.44       157.24       0.0000       101.06      -308.72      -12.325      -267.15      -229.90       0.0000    
  4686.210081       1.0000       0.0000       88.165       291.90       161.47       0.0000       103.81      -296.80      -12.139      -263.58      -226.79       0.0000    
  4686.258985       1.0000       0.0000       92.254       466.75       168.96       0.0000       108.67      -340.17      -11.945      -262.52      -244.74       0.0000    
  4686.278546       1.0000       0.0000       93.889       521.87       171.96       0.0000       110.61      -356.65      -11.887      -262.81      -251.71       0.0000    
  4686.317669       1.0000       0.0000       97.160       533.48       177.95       0.0000       114.50      -365.37      -11.783      -263.74      -256.70       0.0000    
  4686.333318       1.0000       0.0000       98.468       524.72       180.34       0.0000       116.06      -364.95      -11.739      -264.06      -257.29       0.0000    
  4686.364616       1.0000       0.0000       101.09       490.53       185.14       0.0000       119.17      -357.09      -11.638      -264.27      -256.03       0.0000    
  4686.377136       1.0000       0.0000       102.13       476.34       187.05       0.0000       120.41      -353.43      -11.596      -264.28      -255.35       0.0000    
  4686.402174       1.0000       0.0000       104.18       455.12       190.81       0.0000       122.86      -347.22      -11.506      -264.18      -254.45       0.0000    
  4686.452251       1.0000       0.0000       107.44       435.67       196.78       0.0000       126.75      -340.27      -11.325      -264.00      -254.62       0.0000    
  4686.472282       1.0000       0.0000       108.74       430.08       199.16       0.0000       128.30      -338.26      -11.254      -263.96      -254.96       0.0000    
  4686.512344       1.0000       0.0000       111.35       419.00       203.94       0.0000       131.41      -334.78      -11.111      -263.96      -255.81       0.0000    
  4686.528369       1.0000       0.0000       112.39       414.19       205.84       0.0000       132.66      -333.36      -11.054      -263.97      -256.13       0.0000    
  4686.560418       1.0000       0.0000       114.47       403.19       209.66       0.0000       135.15      -330.19      -10.940      -263.99      -256.66       0.0000    
  4686.573238       1.0000       0.0000       115.31       398.55       211.19       0.0000       136.14      -328.87      -10.894      -263.99      -256.85       0.0000    
  4686.598878       1.0000       0.0000       116.98       389.01       214.24       0.0000       138.14      -326.13      -10.801      -264.00      -257.20       0.0000    
  4686.650157       1.0000       0.0000       119.38       373.06       218.64       0.0000       141.02      -320.23      -10.612      -263.98      -257.72       0.0000    
  4686.752715       1.0000       0.0000       124.14       345.06       227.37       0.0000       146.74      -310.02      -10.226      -263.96      -259.25       0.0000    
  4686.957831       1.0000       0.0000       130.74       301.21       239.44       0.0000       154.70      -290.72      -9.4230      -263.94      -262.13       0.0000    
  4686.958056       1.0000       0.0000       130.74       301.16       239.46       0.0000       154.71      -290.70      -9.4222      -254.36      -262.13       0.0000    
  4686.958056       1.0000       0.0000       130.74       301.16       239.46       0.0000       154.71      -290.70      -9.5642      -263.25      -262.13       0.0000    
  4686.965333       1.0000       0.0000       130.95       299.55       239.83       0.0000       154.95      -289.98      -9.7250      -263.23      -262.22       0.0000    
  4686.972610       1.0000       0.0000       131.15       297.95       240.20       0.0000       155.19      -289.26      -9.7176      -263.24      -262.31       0.0000    
  4686.987164       1.0000       0.0000       131.55       294.86       240.94       0.0000       155.68      -287.84      -9.6898      -263.25      -262.49       0.0000    
  4687.000000       1.0000       0.0000       131.91       292.26       241.60       0.0000       156.11      -286.62      -9.6643      -263.25      -262.65       0.0000    
  4687.000000       1.0000       0.0000       131.91       292.26       241.60       0.0000       156.11      -286.62      -9.6643      -263.25      -262.65       0.0000    
  4687.011643       1.0000       0.0000       132.02       290.14       241.80       0.0000       156.24      -285.29      -9.6390      -263.24      -262.72       0.0000    
  4687.023286       1.0000       0.0000       132.13       288.32       241.99       0.0000       156.38      -284.03      -9.6109      -263.23      -262.81       0.0000    
  4687.046572       1.0000       0.0000       132.34       285.61       242.39       0.0000       156.64      -281.80      -9.5527      -263.22      -263.09       0.0000    
  4687.093144       1.0000       0.0000       132.78       280.89       243.18       0.0000       157.16      -277.74      -9.4279      -263.21      -263.76       0.0000    
  4687.111044       1.0000       0.0000       132.94       279.04       243.49       0.0000       157.36      -276.20      -9.3774      -263.21      -264.01       0.0000    
  4687.118204       1.0000       0.0000       133.01       278.30       243.61       0.0000       157.44      -275.58      -9.3568      -263.21      -264.12       0.0000    
  4687.132525       1.0000       0.0000       133.14       276.72       243.85       0.0000       157.60      -274.34      -9.3147      -263.21      -264.31       0.0000    
  4687.138253       1.0000       0.0000       133.20       276.08       243.95       0.0000       157.67      -273.84      -9.2976      -263.21      -264.39       0.0000    
  4687.149709       1.0000       0.0000       133.30       274.77       244.14       0.0000       157.79      -272.84      -9.2626      -263.21      -264.54       0.0000    
  4687.172621       1.0000       0.0000       133.52       272.03       244.53       0.0000       158.05      -270.82      -9.1903      -263.21      -264.83       0.0000    
  4687.218445       1.0000       0.0000       133.77       267.11       245.00       0.0000       158.35      -266.74      -9.0362      -263.21      -265.36       0.0000    
  4687.266413       1.0000       0.0000       133.77       263.11       245.00       0.0000       158.34      -262.49      -8.8638      -263.20      -265.87       0.0000    
  4687.325406       1.0000       0.0000       133.77       258.78       245.00       0.0000       158.33      -257.57      -8.6387      -263.19      -266.55       0.0000    
  4687.389614       1.0000       0.0000       133.77       254.15       245.00       0.0000       158.32      -252.39      -8.3810      -263.19      -267.28       0.0000    
  4687.468798       1.0000       0.0000       133.77       248.59       245.00       0.0000       158.29      -246.29      -8.0502      -263.19      -268.13       0.0000    
  4687.575177       1.0000       0.0000       133.77       242.57       245.00       0.0000       158.24      -239.51      -7.5909      -263.18      -269.35       0.0000    
  4687.699872       1.0000       0.0000       133.77       235.89       245.00       0.0000       158.17      -231.98      -7.0357      -263.17      -270.66       0.0000    
  4687.853224       1.0000       0.0000       133.77       227.85       245.00       0.0000       158.07      -223.17      -6.3268      -263.17      -272.03       0.0000    
  4687.986302       1.0000       0.0000       133.77       221.02       245.00       0.0000       157.97      -215.88      -5.6894      -263.16      -273.03       0.0000    
  4688.000000       1.0000       0.0000       133.77       220.31       245.00       0.0000       157.96      -215.14      -5.6232      -263.16      -273.13       0.0000    
  4688.000000       1.0000       0.0000       133.77       220.31       245.00       0.0000       157.96      -215.14      -5.6232      -263.16      -273.13       0.0000    
  4688.037258       1.0000       0.0000       133.77       218.43       245.00       0.0000       157.93      -213.14      -5.4553      -263.16      -273.39       0.0000    
  4688.074515       1.0000       0.0000       133.77       216.57       245.00       0.0000       157.90      -211.17      -5.2893      -263.16      -273.63       0.0000    
  4688.149031       1.0000       0.0000       133.77       212.89       245.00       0.0000       157.84      -207.34      -4.9531      -263.16      -274.06       0.0000    
  4688.149031       1.0000       0.0000       133.77       212.89       245.00       0.0000       157.84      -207.34      -4.9531      -263.16      -274.06       0.0000    
  4688.178837       1.0000       0.0000       133.77       211.43       245.00       0.0000       157.82      -205.82      -4.8177      -263.16      -274.23       0.0000    
  4688.208643       1.0000       0.0000       133.77       209.97       245.00       0.0000       157.80      -204.32      -4.6814      -263.16      -274.38       0.0000    
  4688.268256       1.0000       0.0000       133.77       207.07       245.00       0.0000       157.75      -201.39      -4.4061      -263.15      -274.64       0.0000    
  4688.387480       1.0000       0.0000       133.77       201.34       245.00       0.0000       157.64      -195.76      -3.8456      -263.15      -275.00       0.0000    
  4688.387480       1.0000       0.0000       133.77       201.34       245.00       0.0000       157.64      -195.76      -3.8455      -263.15      -275.00       0.0000    
  4688.435170       1.0000       0.0000       133.77       199.07       245.00       0.0000       157.60      -193.56      -3.6187      -263.15      -275.12       0.0000    
  4688.482860       1.0000       0.0000       133.77       196.81       245.00       0.0000       157.56      -191.40      -3.3901      -263.15      -275.21       0.0000    
  4688.578240       1.0000       0.0000       133.77       192.33       245.00       0.0000       157.48      -187.23      -2.9278      -263.15      -275.28       0.0000    
  4688.768999       1.0000       0.0000       133.77       183.52       245.00       0.0000       157.32      -179.49      -1.9881      -263.14      -274.98       0.0000    
  4689.000000       1.0000       0.0000       133.77       173.02       245.00       0.0000       157.12      -170.96     -0.83393      -263.14      -273.98       0.0000    
  4689.000000       1.0000       0.0000       133.77       173.02       245.00       0.0000       157.12      -170.96     -0.83393      -263.14      -273.98       0.0000    
  4689.024840       1.0000       0.0000       133.77       171.90       245.00       0.0000       157.10      -170.05     -0.71762      -263.14      -273.87       0.0000    
  4689.049681       1.0000       0.0000       133.77       170.79       245.00       0.0000       157.08      -169.16     -0.60474      -263.14      -273.74       0.0000    
  4689.099362       1.0000       0.0000       133.77       168.59       245.00       0.0000       157.04      -167.41     -0.37949      -263.14      -273.47       0.0000    
  4689.099362       1.0000       0.0000       133.77       168.59       245.00       0.0000       157.04      -167.41     -0.37949      -263.14      -273.47       0.0000    
  4689.119234       1.0000       0.0000       133.77       167.70       245.00       0.0000       157.02      -166.71     -0.26831      -263.14      -273.36       0.0000    
  4689.139107       1.0000       0.0000       133.77       166.80       245.00       0.0000       157.01      -166.02     -0.17268      -263.14      -273.24       0.0000    
  4689.178851       1.0000       0.0000       133.77       165.02       245.00       0.0000       156.98      -164.66      1.63668E-02  -263.14      -272.98       0.0000    
  4689.258341       1.0000       0.0000       133.77       161.49       245.00       0.0000       156.92      -162.04      0.39092      -263.14      -272.40       0.0000    
  4689.417320       1.0000       0.0000       133.77       154.51       245.00       0.0000       156.81      -157.16       1.1335      -263.14      -270.93       0.0000    
  4689.676495       1.0000       0.0000       133.77       143.22       245.00       0.0000       156.64      -150.03       2.3375      -263.13      -267.80       0.0000    
  4690.000000       1.0000       0.0000       133.77       129.22       245.00       0.0000       156.46      -142.40       3.8286      -263.13      -262.74       0.0000    
  4690.000000       1.0000       0.0000       133.77       129.22       245.00       0.0000       156.46      -142.40       3.8286      -263.13      -262.74       0.0000    
  4690.127183       1.0000       0.0000       133.77       123.96       245.00       0.0000       156.40      -139.65       4.2472      -263.13      -260.61       0.0000    
  4690.254366       1.0000       0.0000       133.77       118.76       245.00       0.0000       156.34      -137.07       4.6523      -263.13      -258.31       0.0000    
  4690.508733       1.0000       0.0000       133.77       108.33       245.00       0.0000       156.23      -132.54       5.4511      -263.13      -253.11       0.0000    
  4690.888597       1.0000       0.0000       133.77       92.716       245.00       0.0000       156.09      -126.96       6.6239      -263.13      -244.11       0.0000    
  4690.888597       1.0000       0.0000       133.77       92.716       245.00       0.0000       156.09      -126.96       6.6239      -263.13      -244.11       0.0000    
  4690.944298       1.0000       0.0000       133.77       90.424       245.00       0.0000       156.07      -126.17       6.7956      -263.13      -242.76       0.0000    
  4691.000000       1.0000       0.0000       133.77       88.132       245.00       0.0000       156.05      -125.40       6.9668      -263.13      -241.39       0.0000    
  4691.000000       1.0000       0.0000       133.77       88.132       245.00       0.0000       156.05      -125.40       6.9668      -263.13      -241.39       0.0000    
  4691.044561       1.0000       0.0000       133.77       86.321       245.00       0.0000       156.04      -124.81       7.0829      -263.13      -240.28       0.0000    
  4691.089123       1.0000       0.0000       133.77       84.525       245.00       0.0000       156.02      -124.24       7.1948      -263.13      -239.15       0.0000    
  4691.178245       1.0000       0.0000       133.77       80.932       245.00       0.0000       155.99      -123.15       7.4170      -263.13      -236.84       0.0000    
  4691.356490       1.0000       0.0000       133.77       73.716       245.00       0.0000       155.94      -121.19       7.8573      -263.12      -231.98       0.0000    
  4691.712980       1.0000       0.0000       133.77       59.200       245.00       0.0000       155.86      -118.00       8.7248      -263.12      -221.43       0.0000    
  4692.000000       1.0000       0.0000       133.77       47.450       245.00       0.0000       155.79      -115.86       9.4170      -263.12      -212.45       0.0000    
  4692.000000       1.0000       0.0000       133.77       47.450       245.00       0.0000       155.79      -115.86       9.4170      -263.12      -212.45       0.0000    
  4692.285192       1.0000       0.0000       133.77       36.079       245.00       0.0000       155.74      -114.18       9.8647      -263.12      -203.15       0.0000    
  4692.570384       1.0000       0.0000       133.77       24.674       245.00       0.0000       155.69      -112.82       10.301      -263.12      -193.49       0.0000    
  4693.000000       1.0000       0.0000       133.77       7.3976       245.00       0.0000       155.62      -111.32       10.948      -263.12      -178.30       0.0000    
  4693.000000       1.0000       0.0000       133.77       7.3976       245.00       0.0000       155.62      -111.32       10.948      -263.12      -178.30       0.0000    
  4693.228154       1.0000       0.0000       133.77     -0.39155       245.00       0.0000       155.59      -111.22       10.979      -263.17      -170.32       0.0000    
  4693.456307       1.0000       0.0000       133.77     -0.38202       245.00       0.0000       155.57      -115.07       10.981      -263.68      -163.84       0.0000    
  4693.912615       1.0000       0.0000       133.77      2.84990E-21   245.00       0.0000       155.53      -124.60       10.960      -265.26      -151.75       0.0000    
  4694.000000       1.0000       0.0000       133.77      8.10637E-20   245.00       0.0000       155.52      -126.44       10.956      -265.57      -149.45       0.0000    
  4694.000000       1.0000       0.0000       133.77      1.66986E-23   245.00       0.0000       155.52      -126.44       10.956      -265.57      -149.45       0.0000    
  4694.365046       1.0000       0.0000       133.77      1.90179E-21   245.00       0.0000       155.50      -133.82       10.329      -266.92      -139.97       0.0000    
  4694.730092       1.0000       0.0000       133.77     -1.64791E-20   245.00       0.0000       155.49      -140.83       9.6899      -268.31      -130.82       0.0000    
  4695.000000       1.0000       0.0000       133.77     -6.78579E-19   245.00       0.0000       155.49      -145.79       9.2152      -269.35      -124.27       0.0000    
  4695.000000       1.0000       0.0000       133.77      1.27164E-23   245.00       0.0000       155.49      -145.79       9.2147      -269.35      -124.27       0.0000    
  4695.292037       1.0000       0.0000       133.77      4.05446E-20   245.00       0.0000       155.50      -150.78       8.5362      -270.48      -117.48       0.0000    
  4695.584073       1.0000       0.0000       133.77     -2.53197E-20   245.00       0.0000       155.51      -155.38       7.8508      -271.61      -111.06       0.0000    
  4696.000000       1.0000       0.0000       131.91      2.05129E-19   241.60       0.0000       153.37      -157.08       6.8848      -272.76      -101.04       0.0000    
  4696.000000       1.0000       0.0000       131.91     -1.36044E-23   241.60       0.0000       153.37      -157.08       6.8838      -272.76      -101.04       0.0000    
  4696.026105       1.0000       0.0000       131.18      1.96549E-21   240.26       0.0000       152.53      -156.27       6.8139      -272.80      -100.08       0.0000    
  4696.052211       1.0000       0.0000       130.46     -1.36044E-23   238.93       0.0000       151.68      -155.36       6.7413      -272.81      -99.071       0.0000    
  4696.104422       1.0000       0.0000       129.00     -8.05242E-22   236.27       0.0000       149.99      -153.23       6.5990      -272.76      -96.929       0.0000    
  4696.104422       1.0000       0.0000       129.00      1.89865E-27   236.27       0.0000       149.99      -153.23       6.5991      -272.76      -96.929       0.0000    
  4696.125306       1.0000       0.0000       128.42      1.89865E-27   235.20       0.0000       149.32      -152.33       6.5426      -272.73      -96.054       0.0000    
  4696.146190       1.0000       0.0000       127.84      1.89865E-27   234.14       0.0000       148.64      -151.39       6.4866      -272.68      -95.163       0.0000    
  4696.187959       1.0000       0.0000       126.67      1.89865E-27   232.00       0.0000       147.29      -149.40       6.3757      -272.57      -93.329       0.0000    
  4696.271496       1.0000       0.0000       123.02     -2.59404E-18   225.31       0.0000       143.04      -142.81       6.1634      -272.10      -88.670       0.0000    
  4696.438571       1.0000       0.0000       114.54     -1.62127E-19   209.78       0.0000       133.18      -125.63       5.7689      -270.44      -77.672       0.0000    
  4696.772720       1.0000       0.0000       89.603     -2.52919E-17   164.11       0.0000       104.17      -71.463       5.1140      -264.13      -47.299       0.0000    
  4697.000000       1.0000       0.0000       66.885       85.986       122.50       0.0000       77.740      -62.967       4.5995      -262.79      -38.172       0.0000    
  4697.000000       1.0000       0.0000       66.885       85.984       122.50       0.0000       77.740      -62.967       4.5990      -262.79      -38.172       0.0000    
  4697.005484       1.0000       0.0000       66.325       0.0000       121.47       0.0000       77.088      -37.206       4.5953      -262.48      -28.706       0.0000    
  4697.010968       1.0000       0.0000       65.764       0.0000       120.45       0.0000       76.436      -35.347       4.5859      -262.18      -27.804       0.0000    
  4697.015390       1.0000       0.0000       65.312     -3.39086E-22   119.62       0.0000       75.911      -33.861       4.5768      -261.94      -27.079       0.0000    
  4697.020624       1.0000       0.0000       64.778     -4.07978E-21   118.64       0.0000       75.289      -32.120       4.5658      -261.65      -26.225       0.0000    
  4697.026095       1.0000       0.0000       64.219      8.78404E-22   117.62       0.0000       74.638      -30.319       4.5543      -261.36      -25.337       0.0000    
  4697.032691       1.0000       0.0000       63.544      6.85729E-21   116.38       0.0000       73.854      -28.174       4.5402      -261.02      -24.274       0.0000    
  4697.040669       1.0000       0.0000       62.729     -1.66274E-20   114.89       0.0000       72.906      -25.614       4.5230      -260.61      -22.998       0.0000    
  4697.051837       1.0000       0.0000       61.588     -1.30567E-19   112.80       0.0000       71.579      -22.081       4.4986      -260.05      -21.230       0.0000    
  4697.066336       1.0000       0.0000       60.106      3.43662E-20   110.09       0.0000       69.856      -17.560       4.4662      -259.34      -18.966       0.0000    
  4697.083964       1.0000       0.0000       58.305     -1.09624E-19   106.79       0.0000       67.761      -12.185       4.4260      -258.51      -16.260       0.0000    
  4697.099858       1.0000       0.0000       56.681      3.74729E-21   103.81       0.0000       65.873      -7.4286       4.3892      -257.78      -13.858       0.0000    
  4697.117901       1.0000       0.0000       54.837     -2.96721E-20   100.43       0.0000       63.728      -2.1321       4.3468      -256.97      -11.173       0.0000    
  4697.136382       1.0000       0.0000       52.949     -4.97086E-19   96.976       0.0000       61.532       3.1963       4.3028      -256.17      -8.4647       0.0000    
  4697.157403       1.0000       0.0000       50.801     -9.90462E-20   93.042       0.0000       59.035       9.4704       4.2518      -255.29      -5.4276       0.0000    
  4697.180516       1.0000       0.0000       48.439     -1.09796E-19   88.716       0.0000       56.288       16.621       4.1946      -254.37      -2.0816       0.0000    
  4697.207166       1.0000       0.0000       45.849      1.06846E-25   83.972       0.0000       53.277       24.459       4.1274      -253.35       1.6635       0.0000    
  4697.237854       1.0000       0.0000       43.283      4.60495E-24   79.273       0.0000       50.293       32.572       4.0474      -252.27       5.6490       0.0000    
  4697.274264       1.0000       0.0000       40.239     -3.13682E-21   73.698       0.0000       46.754       41.744       3.9495      -251.08       10.223       0.0000    
  4697.318177       1.0000       0.0000       36.568      1.56468E-19   66.974       0.0000       42.486       52.288       3.8283      -249.74       15.570       0.0000    
  4697.372883       1.0000       0.0000       31.994     -1.43154E-20   58.597       0.0000       37.169       64.823       3.6739      -248.19       22.050       0.0000    
  4697.443486       1.0000       0.0000       26.899      1.47793E-19   49.265       0.0000       31.247       78.879       3.4679      -246.39       29.699       0.0000    
  4697.539417       1.0000       0.0000       20.661     -3.20983E-19   37.840       0.0000       23.998       95.440       3.1786      -244.22       39.267       0.0000    
  4697.679040       1.0000       0.0000       13.050     -2.54853E-18   23.901       0.0000       15.155       114.78       2.7386      -241.52       51.606       0.0000    
  4697.810017       1.0000       0.0000       7.1525      5.39840E-18   13.100       0.0000       8.3056       129.14       2.3386      -239.36       61.891       0.0000    
  4697.810017       1.0000       0.0000       7.1525      4.81989E-20   13.100       0.0000       8.3056       129.14       2.3386      -239.36       61.891       0.0000    
  4697.813554       1.0000       0.0000       7.0539     -6.47649E-22   12.919       0.0000       8.1911       129.45       2.3138      -239.30       62.142       0.0000    
  4697.817092       1.0000       0.0000       6.9553     -1.54112E-22   12.739       0.0000       8.0766       129.75       2.3026      -239.24       62.392       0.0000    
  4697.824168       1.0000       0.0000       6.7581     -7.74339E-19   12.378       0.0000       7.8475       130.35       2.2820      -239.13       62.885       0.0000    
  4697.838319       1.0000       0.0000       6.3638     -1.26888E-18   11.655       0.0000       7.3895       131.51       2.2408      -238.91       63.860       0.0000    
  4697.866621       1.0000       0.0000       5.5750     -5.11926E-19   10.211       0.0000       6.4735       133.59       2.1566      -238.51       65.715       0.0000    
  4697.923225       1.0000       0.0000       3.9975      9.86783E-19   7.3215       0.0000       4.6417       137.25       1.9845      -237.80       69.240       0.0000    
  4698.000000       1.0000       0.0000       1.8579     -8.92634E-19   3.4028       0.0000       2.1572       141.68       1.7456      -236.90       73.805       0.0000    
  4698.000000       1.0000       0.0000       1.8579      5.77354E-21   3.4028       0.0000       2.1572       141.68       1.7459      -236.90       73.805       0.0000    
  4698.045283       1.0000       0.0000       1.4373      9.21214E-20   2.6323       0.0000       1.6688       142.77       1.6375      -236.46       75.928       0.0000    
  4698.090567       1.0000       0.0000       1.0166     -4.96164E-19   1.8619       0.0000       1.1804       143.51       1.5334      -236.07       77.906       0.0000    
  4698.181133       1.0000       0.0000      0.17527     -3.53752E-18  0.32100       0.0000      0.20351       144.26       1.3181      -235.41       81.514       0.0000    
  4698.362266       1.0000       0.0000       0.0000     -9.62022E-18   0.0000       0.0000       0.0000       141.69      0.86096      -234.52       86.794       0.0000    
  4698.643955       1.0000       0.0000       0.0000     -1.97282E-17   0.0000       0.0000       0.0000       136.25      0.11515      -233.48       93.202       0.0000    
  4698.983799       1.0000       0.0000       0.0000      8.26666E-19   0.0000       0.0000       0.0000       130.43     -0.81022      -232.34       99.167       0.0000    
  4698.983799       1.0000       0.0000       0.0000      8.29764E-22   0.0000       0.0000       0.0000       130.43     -0.81009      -232.34       99.167       0.0000    
  4698.991899       1.0000       0.0000       0.0000     -4.98350E-20   0.0000       0.0000       0.0000       130.29     -0.83190      -232.31       99.309       0.0000    
  4699.000000       1.0000       0.0000       0.0000      2.97992E-18   0.0000       0.0000       0.0000       130.15     -0.85374      -232.28       99.449       0.0000    
  4699.000000       1.0000       0.0000       0.0000      1.18704E-21   0.0000       0.0000       0.0000       130.15     -0.85374      -232.28       99.449       0.0000    
  4699.006480       1.0000       0.0000       0.0000      1.63865E-20   0.0000       0.0000       0.0000       130.04     -0.87121      -232.26       99.562       0.0000    
  4699.012961       1.0000       0.0000       0.0000      3.91649E-23   0.0000       0.0000       0.0000       129.93     -0.88603      -232.24       99.673       0.0000    
  4699.025922       1.0000       0.0000       0.0000      1.22890E-17   0.0000       0.0000       0.0000       129.71     -0.91535      -232.20       99.895       0.0000    
  4699.051844       1.0000       0.0000       0.0000     -1.40410E-17   0.0000       0.0000       0.0000       129.28     -0.97410      -232.11       100.33       0.0000    
  4699.103687       1.0000       0.0000       0.0000      4.63500E-18   0.0000       0.0000       0.0000       128.44      -1.0921      -231.94       101.17       0.0000    
  4699.207374       1.0000       0.0000       0.0000     -1.18393E-17   0.0000       0.0000       0.0000       126.84      -1.3295      -231.61       102.72       0.0000    
  4699.414749       1.0000       0.0000       0.0000     -3.64985E-19   0.0000       0.0000       0.0000       124.08      -1.8085      -230.96       105.37       0.0000    
  4699.798068       1.0000       0.0000       0.0000      1.59808E-17   0.0000       0.0000       0.0000       120.35      -2.7023      -229.77       108.82       0.0000    
  4700.000000       1.0000       0.0000       0.0000      1.10476E-19   0.0000       0.0000       0.0000       118.77      -3.1709      -229.14       110.24       0.0000    
  4700.000000       1.0000       0.0000       0.0000      5.17462E-22   0.0000       0.0000       0.0000       118.77      -3.1708      -229.14       110.24       0.0000    
  4700.165899       1.0000       0.0000       0.0000      1.06504E-20   0.0000       0.0000       0.0000       117.71      -3.5554      -228.62       111.15       0.0000    
  4700.331799       1.0000       0.0000       0.0000     -1.95179E-25   0.0000       0.0000       0.0000       116.89      -3.9397      -228.10       111.82       0.0000    
  4700.663598       1.0000       0.0000       0.0000     -4.15674E-20   0.0000       0.0000       0.0000       116.10      -4.7102      -227.03       112.24       0.0000    
  4701.000000       1.0000       0.0000       0.0000     -3.26902E-19   0.0000       0.0000       0.0000       116.12      -5.4865      -225.92       111.81       0.0000    
  4701.000000       1.0000       0.0000       0.0000     -4.30911E-22   0.0000       0.0000       0.0000       116.12      -5.4865      -225.92       111.81       0.0000    
  4701.265439       1.0000       0.0000       0.0000      8.06328E-20   0.0000       0.0000       0.0000       116.54      -5.9923      -225.04       110.97       0.0000    
  4701.530878       1.0000       0.0000       0.0000     -4.30911E-22   0.0000       0.0000       0.0000       117.37      -6.4868      -224.14       109.67       0.0000    
  4701.842919       1.0000       0.0000       0.0000     -9.57265E-20   0.0000       0.0000       0.0000       118.84      -7.0585      -223.05       107.58       0.0000    
  4701.842919       1.0000       0.0000       0.0000     -2.06554E-27   0.0000       0.0000       0.0000       118.84      -7.0585      -223.05       107.58       0.0000    
  4701.921460       1.0000       0.0000       0.0000      2.43191E-19   0.0000       0.0000       0.0000       119.24      -7.1999      -222.78       107.03       0.0000    
  4702.000000       1.0000       0.0000       0.0000      1.62127E-19   0.0000       0.0000       0.0000       119.67      -7.3406      -222.50       106.44       0.0000    
  4702.000000       1.0000       0.0000       0.0000      3.08738E-21   0.0000       0.0000       0.0000       119.67      -7.3406      -222.50       106.44       0.0000    
  4702.062832       1.0000       0.0000       0.0000     -3.74445E-20   0.0000       0.0000       0.0000       120.04      -7.4528      -222.28       105.94       0.0000    
  4702.125665       1.0000       0.0000       0.0000     -2.22450E-20   0.0000       0.0000       0.0000       120.42      -7.5645      -222.06       105.43       0.0000    
  4702.251329       1.0000       0.0000       0.0000      2.59485E-17   0.0000       0.0000       0.0000       121.25      -7.7873      -221.60       104.32       0.0000    
  4702.320977       1.0000       0.0000       0.0000     -1.02413E-17   0.0000       0.0000       0.0000       121.73      -7.9099      -221.35       103.69       0.0000    
  4702.320977       1.0000       0.0000       0.0000     -1.13273E-21   0.0000       0.0000       0.0000       121.73      -7.9371      -223.08       103.69       0.0000    
  4702.421509       1.0000       0.0000       0.0000     -8.21964E-20   0.0000       0.0000       0.0000       122.72      -8.2063      -221.60       102.75       0.0000    
  4702.522040       1.0000       0.0000       0.0000     -2.43304E-18   0.0000       0.0000       0.0000       123.68      -8.4683      -221.19       101.71       0.0000    
  4702.648061       1.0000       0.0000       0.0000      3.00170E-23   0.0000       0.0000       0.0000       124.90      -8.7867      -220.69       100.32       0.0000    
  4702.806394       1.0000       0.0000       0.0000     -4.72518E-18   0.0000       0.0000       0.0000       126.48      -9.1728      -220.05       98.470       0.0000    
  4703.000000       1.0000       0.0000       0.0000      2.24133E-21   0.0000       0.0000       0.0000       128.50      -9.6272      -219.25       96.053       0.0000    
