#      time         order        anzahl_ka1   anzahl_kal   anzahl_wa1   anzahl_war   pmv_1        ppd_1     
  4679.000000       1.0000       0.0000       0.0000       0.0000       0.0000       0.0000       0.0000    
  4679.400000       1.0000       0.0000       0.0000       0.0000       0.0000       0.0000       0.0000    
  4679.800000       1.0000       0.0000       0.0000       0.0000       0.0000       0.0000       0.0000    
  4680.000000       1.0000       0.0000       0.0000       0.0000       0.0000       0.0000       0.0000    
  4680.000000       1.0000       0.0000       0.0000       0.0000       0.0000       0.0000       0.0000    
  4680.002746       1.0000       0.0000       0.0000       0.0000       0.0000       0.0000       0.0000    
  4680.005491       1.0000       0.0000       0.0000       0.0000       0.0000       0.0000       0.0000    
  4680.007168       1.0000       0.0000       0.0000       0.0000       0.0000       0.0000       0.0000    
  4680.007168       1.0000       0.0000       0.0000       0.0000       0.0000       0.0000       0.0000    
  4680.009364       1.0000       0.0000       0.0000       0.0000       0.0000       0.0000       0.0000    
  4680.011560       1.0000       0.0000       0.0000       0.0000       0.0000       0.0000       0.0000    
  4680.015953       1.0000       0.0000       0.0000       0.0000       0.0000       0.0000       0.0000    
  4680.024739       1.0000       0.0000       0.0000       0.0000       0.0000       0.0000       0.0000    
  4680.042311       1.0000       0.0000       0.0000       0.0000       0.0000       0.0000       0.0000    
  4680.077454       1.0000       0.0000       0.0000       0.0000       0.0000       0.0000       0.0000    
  4680.147740       1.0000       0.0000       0.0000       0.0000       0.0000       0.0000       0.0000    
  4680.288312       1.0000       0.0000       0.0000       0.0000       0.0000       0.0000       0.0000    
  4680.569457       1.0000       0.0000       0.0000       0.0000       0.0000       0.0000       0.0000    
  4680.677689       1.0000       0.0000       0.0000       0.0000       0.0000       0.0000       0.0000    
  4680.677689       1.0000       0.0000       0.0000       0.0000       0.0000       0.0000       0.0000    
  4680.726387       1.0000       0.0000       0.0000       0.0000       0.0000       0.0000       0.0000    
  4680.775084       1.0000       0.0000       0.0000       0.0000       0.0000       0.0000       0.0000    
  4680.872480       1.0000       0.0000       0.0000       0.0000       0.0000       0.0000       0.0000    
  4681.000000       1.0000       0.0000       0.0000       0.0000       0.0000       0.0000       0.0000    
  4681.000000       1.0000       0.0000       0.0000       0.0000       0.0000       0.0000       0.0000    
  4681.077916       1.0000       0.0000       0.0000       0.0000       0.0000       0.0000       0.0000    
  4681.155832       1.0000       0.0000       0.0000       0.0000       0.0000       0.0000       0.0000    
  4681.311665       1.0000       0.0000       0.0000       0.0000       0.0000       0.0000       0.0000    
  4681.623329       1.0000       0.0000       0.0000       0.0000       0.0000       0.0000       0.0000    
  4682.000000       1.0000       0.0000       0.0000       0.0000       0.0000       0.0000       0.0000    
  4682.000000       1.0000       0.0000       0.0000       0.0000       0.0000       0.0000       0.0000    
  4682.249332       1.0000       0.0000       0.0000       0.0000       0.0000       0.0000       0.0000    
  4682.498664       1.0000       0.0000       0.0000       0.0000       0.0000       0.0000       0.0000    
  4682.997327       1.0000       0.0000       0.0000       0.0000       0.0000       0.0000       0.0000    
  4683.000000       1.0000       0.0000       0.0000       0.0000       0.0000       0.0000       0.0000    
  4683.000000       1.0000       0.0000       0.0000       0.0000       0.0000       0.0000       0.0000    
  4683.398931       1.0000       0.0000       0.0000       0.0000       0.0000       0.0000       0.0000    
  4683.797862       1.0000       1436.2       1436.2       0.0000       0.0000       0.0000       0.0000    
  4684.000000       1.0000       2163.8       2163.8       0.0000       0.0000       0.0000       0.0000    
  4684.000000       1.0000       2163.8       2163.8       0.0000       0.0000       0.0000       0.0000    
  4684.006383       1.0000       2186.8       2186.8       0.0000       0.0000       0.0000       0.0000    
  4684.012766       1.0000       2209.8       2209.8       0.0000       0.0000       0.0000       0.0000    
  4684.023176       1.0000       2247.3       2247.3       0.0000       0.0000       0.0000       0.0000    
  4684.035077       1.0000       2290.1       2290.1       0.0000       0.0000       0.0000       0.0000    
  4684.052703       1.0000       2353.6       2353.6       0.0000       0.0000       0.0000       0.0000    
  4684.076841       1.0000       2440.5       2440.5       0.0000       0.0000       0.0000       0.0000    
  4684.097822       1.0000       2516.0       2516.0       0.0000       0.0000       0.0000       0.0000    
  4684.120551       1.0000       2597.8       2597.8       0.0000       0.0000       0.0000       0.0000    
  4684.139473       1.0000       2666.0       2666.0       0.0000       0.0000       0.0000       0.0000    
  4684.158205       1.0000       2733.4       2733.4       0.0000       0.0000       0.0000       0.0000    
  4684.175485       1.0000       2795.6       2795.6       0.0000       0.0000       0.0000       0.0000    
  4684.192669       1.0000       2857.5       2857.5       0.0000       0.0000       0.0000       0.0000    
  4684.209402       1.0000       2917.7       2917.7       0.0000       0.0000       0.0000       0.0000    
  4684.226201       1.0000       2978.2       2978.2       0.0000       0.0000       0.0000       0.0000    
  4684.243406       1.0000       3040.1       3040.1       0.0000       0.0000       0.0000       0.0000    
  4684.262049       1.0000       3107.2       3107.2       0.0000       0.0000       0.0000       0.0000    
  4684.282280       1.0000       3180.1       3180.1       0.0000       0.0000       0.0000       0.0000    
  4684.304645       1.0000       3260.6       3260.6       0.0000       0.0000       0.0000       0.0000    
  4684.329681       1.0000       3350.7       3350.7       0.0000       0.0000       0.0000       0.0000    
  4684.358057       1.0000       3452.9       3452.9       0.0000       0.0000       0.0000       0.0000    
  4684.390755       1.0000       3570.6       3570.6       0.0000       0.0000       0.0000       0.0000    
  4684.429120       1.0000       3708.7       3708.7       0.0000       0.0000       0.0000       0.0000    
  4684.475262       1.0000       3874.8       3874.8       0.0000       0.0000       0.0000       0.0000    
  4684.532385       1.0000       4080.4       4080.4       0.0000       0.0000       0.0000       0.0000    
  4684.606075       1.0000       4345.7       4345.7       0.0000       0.0000       0.0000       0.0000    
  4684.606075       1.0000       4345.7       4345.7       0.0000       0.0000       0.0000       0.0000    
  4684.614403       1.0000       4375.7       4375.7       0.0000       0.0000       0.0000       0.0000    
  4684.622731       1.0000       4405.7       4405.7       0.0000       0.0000       0.0000       0.0000    
  4684.639386       1.0000       4465.6       4465.6       0.0000       0.0000       0.0000       0.0000    
  4684.672697       1.0000       4585.6       4585.6       0.0000       0.0000       0.0000       0.0000    
  4684.739319       1.0000       4825.4       4825.4       0.0000       0.0000       0.0000       0.0000    
  4684.872564       1.0000       5305.1       5305.1       0.0000       0.0000     -0.34157       7.4269    
  4685.000000       1.0000       5763.8       5763.8       0.0000       0.0000     -0.34238       7.4385    
  4685.000000       1.0000       5763.8       5763.8       0.0000       0.0000     -0.34249       7.4401    
  4685.106596       1.0000       6147.6       6147.6       0.0000       0.0000     -0.34221       7.4361    
  4685.213191       1.0000       6531.3       6531.3       0.0000       0.0000     -0.34143       7.4249    
  4685.426382       1.0000       7298.8       7298.8       0.0000       0.0000     -0.33731       7.3666    
  4685.829970       1.0000       8668.9       8668.9       0.0000       0.0000     -0.32018       7.1314    
  4686.000000       1.0000       8668.9       8668.9       0.0000       0.0000     -0.31072       7.0068    
  4686.000000       1.0000       8668.9       8668.9       0.0000       0.0000     -0.31072       7.0068    
  4686.034111       1.0000       8668.9       8668.9       0.0000       0.0000     -0.30873       6.9810    
  4686.068221       1.0000       8668.9       8668.9       0.0000       0.0000     -0.30663       6.9540    
  4686.102458       1.0000       8668.9       8668.9       0.0000       0.0000     -0.26528       6.4612    
  4686.113461       1.0000       8668.9       8668.9       0.0000       0.0000     -0.25490       6.3487    
  4686.135467       1.0000       8668.9       8668.9       0.0000       0.0000     -0.25020       6.2994    
  4686.173404       1.0000       8668.9       8668.9       0.0000       0.0000     -0.26032       6.4069    
  4686.185629       1.0000       8668.9       8668.9       0.0000       0.0000     -0.26438       6.4513    
  4686.210081       1.0000       8668.9       8668.9       0.0000       0.0000     -0.27016       6.5156    
  4686.258985       1.0000       8668.9       8668.9       0.0000       0.0000     -0.27065       6.5211    
  4686.278546       1.0000       8668.9       8668.9       0.0000       0.0000     -0.26962       6.5095    
  4686.317669       1.0000       8668.9       8668.9       0.0000       0.0000     -0.26709       6.4813    
  4686.333318       1.0000       8668.9       8668.9       0.0000       0.0000     -0.26622       6.4716    
  4686.364616       1.0000       8668.9       8668.9       0.0000       0.0000     -0.26530       6.4614    
  4686.377136       1.0000       8668.9       8668.9       0.0000       0.0000     -0.26505       6.4587    
  4686.402174       1.0000       8668.9       8668.9       0.0000       0.0000     -0.26481       6.4560    
  4686.452251       1.0000       8668.9       8668.9       0.0000       0.0000     -0.26423       6.4496    
  4686.472282       1.0000       8668.9       8668.9       0.0000       0.0000     -0.26394       6.4464    
  4686.512344       1.0000       8668.9       8668.9       0.0000       0.0000     -0.26321       6.4385    
  4686.528369       1.0000       8668.9       8668.9       0.0000       0.0000     -0.26291       6.4351    
  4686.560418       1.0000       8668.9       8668.9       0.0000       0.0000     -0.26231       6.4286    
  4686.573238       1.0000       8668.9       8668.9       0.0000       0.0000     -0.26208       6.4260    
  4686.598878       1.0000       8668.9       8668.9       0.0000       0.0000     -0.26164       6.4212    
  4686.650157       1.0000       8668.9       8668.9       0.0000       0.0000     -0.26084       6.4126    
  4686.752715       1.0000       8668.9       8668.9       0.0000       0.0000     -0.25812       6.3831    
  4686.957831       1.0000       8668.9       8668.9       0.0000       0.0000     -0.25066       6.3042    
  4686.958056       1.0000       8668.9       8668.9       0.0000       0.0000     -0.25065       6.3041    
  4686.958056       1.0000       8668.9       8668.9       0.0000       0.0000     -0.25065       6.3041    
  4686.965333       1.0000       8668.9       8668.9       0.0000       0.0000     -0.25041       6.3015    
  4686.972610       1.0000       8668.9       8668.9       0.0000       0.0000     -0.25017       6.2990    
  4686.987164       1.0000       8668.9       8668.9       0.0000       0.0000     -0.24968       6.2939    
  4687.000000       1.0000       8668.9       8668.9       0.0000       0.0000     -0.24925       6.2895    
  4687.000000       1.0000       8668.9       8668.9       0.0000       0.0000     -0.24925       6.2895    
  4687.011643       1.0000       8668.9       8668.9       0.0000       0.0000     -0.24888       6.2857    
  4687.023286       1.0000       8668.9       8668.9       0.0000       0.0000     -0.24851       6.2818    
  4687.046572       1.0000       8668.9       8668.9       0.0000       0.0000     -0.24777       6.2742    
  4687.093144       1.0000       8668.9       8668.9       0.0000       0.0000     -0.24632       6.2593    
  4687.111044       1.0000       8668.9       8668.9       0.0000       0.0000     -0.24577       6.2536    
  4687.118204       1.0000       8668.9       8668.9       0.0000       0.0000     -0.24554       6.2513    
  4687.132525       1.0000       8668.9       8668.9       0.0000       0.0000     -0.24510       6.2468    
  4687.138253       1.0000       8668.9       8668.9       0.0000       0.0000     -0.24492       6.2450    
  4687.149709       1.0000       8668.9       8668.9       0.0000       0.0000     -0.24709       6.2672    
  4687.172621       1.0000       8668.9       8668.9       0.0000       0.0000     -0.24696       6.2658    
  4687.218445       1.0000       8668.9       8668.9       0.0000       0.0000     -0.24650       6.2611    
  4687.266413       1.0000       8668.9       8668.9       0.0000       0.0000     -0.24589       6.2549    
  4687.325406       1.0000       8668.9       8668.9       0.0000       0.0000     -0.24498       6.2456    
  4687.389614       1.0000       8668.9       8668.9       0.0000       0.0000     -0.24386       6.2342    
  4687.468798       1.0000       8668.9       8668.9       0.0000       0.0000     -0.24239       6.2193    
  4687.575177       1.0000       8668.9       8668.9       0.0000       0.0000     -0.24035       6.1988    
  4687.699872       1.0000       8668.9       8668.9       0.0000       0.0000     -0.23809       6.1764    
  4687.853224       1.0000       8668.9       8668.9       0.0000       0.0000     -0.23549       6.1507    
  4687.986302       1.0000       8668.9       8668.9       0.0000       0.0000     -0.23317       6.1281    
  4688.000000       1.0000       8668.9       8668.9       0.0000       0.0000     -0.23293       6.1258    
  4688.000000       1.0000       8668.9       8668.9       0.0000       0.0000     -0.23293       6.1258    
  4688.037258       1.0000       8668.9       8668.9       0.0000       0.0000     -0.23228       6.1195    
  4688.074515       1.0000       8668.9       8668.9       0.0000       0.0000     -0.23163       6.1132    
  4688.149031       1.0000       8668.9       8668.9       0.0000       0.0000     -0.23030       6.1005    
  4688.149031       1.0000       8668.9       8668.9       0.0000       0.0000     -0.23030       6.1005    
  4688.178837       1.0000       8668.9       8668.9       0.0000       0.0000     -0.22977       6.0954    
  4688.208643       1.0000       8668.9       8668.9       0.0000       0.0000     -0.22923       6.0903    
  4688.268256       1.0000       8668.9       8668.9       0.0000       0.0000     -0.22815       6.0799    
  4688.387480       1.0000       8668.9       8668.9       0.0000       0.0000     -0.22591       6.0588    
  4688.387480       1.0000       8668.9       8668.9       0.0000       0.0000     -0.22591       6.0588    
  4688.435170       1.0000       8668.9       8668.9       0.0000       0.0000     -0.22505       6.0507    
  4688.482860       1.0000       8668.9       8668.9       0.0000       0.0000     -0.22414       6.0423    
  4688.578240       1.0000       8668.9       8668.9       0.0000       0.0000     -0.22230       6.0252    
  4688.768999       1.0000       8668.9       8668.9       0.0000       0.0000     -0.21849       5.9902    
  4689.000000       1.0000       8668.9       8668.9       0.0000       0.0000     -0.21366       5.9469    
  4689.000000       1.0000       8668.9       8668.9       0.0000       0.0000     -0.21366       5.9469    
  4689.024840       1.0000       8668.9       8668.9       0.0000       0.0000     -0.21314       5.9423    
  4689.049681       1.0000       8668.9       8668.9       0.0000       0.0000     -0.21262       5.9376    
  4689.099362       1.0000       8668.9       8668.9       0.0000       0.0000     -0.21156       5.9283    
  4689.099362       1.0000       8668.9       8668.9       0.0000       0.0000     -0.21156       5.9283    
  4689.119234       1.0000       8668.9       8668.9       0.0000       0.0000     -0.21113       5.9245    
  4689.139107       1.0000       8668.9       8668.9       0.0000       0.0000     -0.21070       5.9208    
  4689.178851       1.0000       8668.9       8668.9       0.0000       0.0000     -0.20982       5.9131    
  4689.258341       1.0000       8668.9       8668.9       0.0000       0.0000     -0.20804       5.8976    
  4689.417320       1.0000       8668.9       8668.9       0.0000       0.0000     -0.20432       5.8658    
  4689.676495       1.0000       8668.9       8668.9       0.0000       0.0000     -0.19792       5.8123    
  4690.000000       1.0000       8668.9       8668.9       0.0000       0.0000     -0.18936       5.7435    
  4690.000000       1.0000       8668.9       8668.9       0.0000       0.0000     -0.18936       5.7435    
  4690.127183       1.0000       8668.9       8668.9       0.0000       0.0000     -0.18597       5.7170    
  4690.254366       1.0000       8668.9       8668.9       0.0000       0.0000     -0.18255       5.6909    
  4690.508733       1.0000       8668.9       8668.9       0.0000       0.0000     -0.17563       5.6394    
  4690.888597       1.0000       8668.9       8668.9       0.0000       0.0000     -0.16513       5.5651    
  4690.888597       1.0000       8668.9       8668.9       0.0000       0.0000     -0.16513       5.5651    
  4690.944298       1.0000       8668.9       8668.9       0.0000       0.0000     -0.16359       5.5546    
  4691.000000       1.0000       8668.9       8668.9       0.0000       0.0000     -0.16205       5.5442    
  4691.000000       1.0000       8668.9       8668.9       0.0000       0.0000     -0.16205       5.5442    
  4691.044561       1.0000       8668.9       8668.9       0.0000       0.0000     -0.16082       5.5360    
  4691.089123       1.0000       8668.9       8668.9       0.0000       0.0000     -0.15959       5.5278    
  4691.178245       1.0000       8668.9       8668.9       0.0000       0.0000     -0.15714       5.5117    
  4691.356490       1.0000       8668.9       8668.9       0.0000       0.0000     -0.15228       5.4805    
  4691.712980       1.0000       8668.9       8668.9       0.0000       0.0000     -0.14269       5.4218    
  4692.000000       1.0000       8668.9       8668.9       0.0000       0.0000     -0.13510       5.3781    
  4692.000000       1.0000       8668.9       8668.9       0.0000       0.0000     -0.13510       5.3781    
  4692.285192       1.0000       8668.9       8668.9       0.0000       0.0000     -0.12786       5.3387    
  4692.570384       1.0000       8668.9       8668.9       0.0000       0.0000     -0.12094       5.3030    
  4693.000000       1.0000       8668.9       8668.9       0.0000       0.0000     -0.11119       5.2561    
  4693.000000       1.0000       8668.9       8668.9       0.0000       0.0000     -0.11119       5.2561    
  4693.228154       1.0000       8668.9       8668.9       0.0000       0.0000     -0.10639       5.2344    
  4693.456307       1.0000       8668.9       8668.9       0.0000       0.0000     -0.10196       5.2153    
  4693.912615       1.0000       8668.9       8668.9       0.0000       0.0000     -9.42688E-02   5.1840    
  4694.000000       1.0000       8668.9       8668.9       0.0000       0.0000     -9.28534E-02   5.1785    
  4694.000000       1.0000       8668.9       8668.9       0.0000       0.0000     -9.28534E-02   5.1785    
  4694.365046       1.0000       8668.9       8668.9       0.0000       0.0000     -8.80683E-02   5.1606    
  4694.730092       1.0000       8668.9       8668.9       0.0000       0.0000     -8.42727E-02   5.1471    
  4695.000000       1.0000       8668.9       8668.9       0.0000       0.0000     -8.19428E-02   5.1390    
  4695.000000       1.0000       8668.9       8668.9       0.0000       0.0000     -8.19428E-02   5.1390    
  4695.292037       1.0000       8668.9       8668.9       0.0000       0.0000     -8.00414E-02   5.1327    
  4695.584073       1.0000       8668.9       8668.9       0.0000       0.0000     -7.87146E-02   5.1283    
  4696.000000       1.0000       8668.9       8668.9       0.0000       0.0000     -7.86579E-02   5.1281    
  4696.000000       1.0000       8668.9       8668.9       0.0000       0.0000     -7.86579E-02   5.1281    
  4696.026105       1.0000       8668.9       8668.9       0.0000       0.0000     -7.87644E-02   5.1285    
  4696.052211       1.0000       8668.9       8668.9       0.0000       0.0000     -7.89060E-02   5.1289    
  4696.104422       1.0000       8668.9       8668.9       0.0000       0.0000     -7.92989E-02   5.1302    
  4696.104422       1.0000       8668.9       8668.9       0.0000       0.0000     -7.92989E-02   5.1302    
  4696.125306       1.0000       8668.9       8668.9       0.0000       0.0000     -7.94719E-02   5.1308    
  4696.146190       1.0000       8668.9       8668.9       0.0000       0.0000     -7.96591E-02   5.1314    
  4696.187959       1.0000       8668.9       8668.9       0.0000       0.0000     -8.00822E-02   5.1328    
  4696.271496       1.0000       8668.9       8668.9       0.0000       0.0000     -8.13984E-02   5.1372    
  4696.438571       1.0000       8668.9       8668.9       0.0000       0.0000     -8.52385E-02   5.1505    
  4696.772720       1.0000       8668.9       8668.9       0.0000       0.0000     -9.82173E-02   5.1998    
  4697.000000       1.0000       8668.9       8668.9       0.0000       0.0000     -0.10649       5.2349    
  4697.000000       1.0000       8668.9       8668.9       0.0000       0.0000     -0.10649       5.2349    
  4697.005484       1.0000       8668.9       8668.9       0.0000       0.0000     -0.10675       5.2360    
  4697.010968       1.0000       8668.9       8668.9       0.0000       0.0000     -0.10701       5.2372    
  4697.015390       1.0000       8668.9       8668.9       0.0000       0.0000     -0.10722       5.2381    
  4697.020624       1.0000       8668.9       8668.9       0.0000       0.0000     -0.10747       5.2392    
  4697.026095       1.0000       8668.9       8668.9       0.0000       0.0000     -0.10774       5.2404    
  4697.032691       1.0000       8668.9       8668.9       0.0000       0.0000     -0.10807       5.2419    
  4697.040669       1.0000       8668.9       8668.9       0.0000       0.0000     -0.10847       5.2437    
  4697.051837       1.0000       8668.9       8668.9       0.0000       0.0000     -0.10904       5.2463    
  4697.066336       1.0000       8668.9       8668.9       0.0000       0.0000     -0.10981       5.2497    
  4697.083964       1.0000       8668.9       8668.9       0.0000       0.0000     -0.11075       5.2541    
  4697.099858       1.0000       8668.9       8668.9       0.0000       0.0000     -0.11162       5.2581    
  4697.117901       1.0000       8668.9       8668.9       0.0000       0.0000     -0.11263       5.2627    
  4697.136382       1.0000       8668.9       8668.9       0.0000       0.0000     -0.11367       5.2676    
  4697.157403       1.0000       8668.9       8668.9       0.0000       0.0000     -0.11486       5.2733    
  4697.180516       1.0000       8668.9       8668.9       0.0000       0.0000     -0.11619       5.2796    
  4697.207166       1.0000       8668.9       8668.9       0.0000       0.0000     -0.11772       5.2870    
  4697.237854       1.0000       8668.9       8668.9       0.0000       0.0000     -0.11941       5.2954    
  4697.274264       1.0000       8668.9       8668.9       0.0000       0.0000     -0.12139       5.3052    
  4697.318177       1.0000       8668.9       8668.9       0.0000       0.0000     -0.12375       5.3172    
  4697.372883       1.0000       8668.9       8668.9       0.0000       0.0000     -0.12666       5.3323    
  4697.443486       1.0000       8668.9       8668.9       0.0000       0.0000     -0.13021       5.3512    
  4697.539417       1.0000       8668.9       8668.9       0.0000       0.0000     -0.13475       5.3761    
  4697.679040       1.0000       8668.9       8668.9       0.0000       0.0000     -0.14079       5.4107    
  4697.810017       1.0000       8668.9       8668.9       0.0000       0.0000     -0.14595       5.4414    
  4697.810017       1.0000       8668.9       8668.9       0.0000       0.0000     -0.14595       5.4414    
  4697.813554       1.0000       8668.9       8668.9       0.0000       0.0000     -0.14609       5.4422    
  4697.817092       1.0000       8668.9       8668.9       0.0000       0.0000     -0.14622       5.4430    
  4697.824168       1.0000       8668.9       8668.9       0.0000       0.0000     -0.14648       5.4446    
  4697.838319       1.0000       8668.9       8668.9       0.0000       0.0000     -0.14700       5.4477    
  4697.866621       1.0000       8668.9       8668.9       0.0000       0.0000     -0.14798       5.4537    
  4697.923225       1.0000       8668.9       8668.9       0.0000       0.0000     -0.14986       5.4653    
  4698.000000       1.0000       8668.9       8668.9       0.0000       0.0000     -0.15230       5.4807    
  4698.000000       1.0000       8668.9       8668.9       0.0000       0.0000     -0.15230       5.4807    
  4698.045283       1.0000       8668.9       8668.9       0.0000       0.0000     -0.15355       5.4885    
  4698.090567       1.0000       8668.9       8668.9       0.0000       0.0000     -0.15471       5.4960    
  4698.181133       1.0000       8668.9       8668.9       0.0000       0.0000     -0.15682       5.5096    
  4698.362266       1.0000       8668.9       8668.9       0.0000       0.0000       0.0000       0.0000    
  4698.643955       1.0000       8668.9       8668.9       0.0000       0.0000       0.0000       0.0000    
  4698.983799       1.0000       8668.9       8668.9       0.0000       0.0000       0.0000       0.0000    
  4698.983799       1.0000       8668.9       8668.9       0.0000       0.0000       0.0000       0.0000    
  4698.991899       1.0000       8668.9       8668.9       0.0000       0.0000       0.0000       0.0000    
  4699.000000       1.0000       8668.9       8668.9       0.0000       0.0000       0.0000       0.0000    
  4699.000000       1.0000       8668.9       8668.9       0.0000       0.0000       0.0000       0.0000    
  4699.006480       1.0000       8668.9       8668.9       0.0000       0.0000       0.0000       0.0000    
  4699.012961       1.0000       8668.9       8668.9       0.0000       0.0000       0.0000       0.0000    
  4699.025922       1.0000       8668.9       8668.9       0.0000       0.0000       0.0000       0.0000    
  4699.051844       1.0000       8668.9       8668.9       0.0000       0.0000       0.0000       0.0000    
  4699.103687       1.0000       8668.9       8668.9       0.0000       0.0000       0.0000       0.0000    
  4699.207374       1.0000       8668.9       8668.9       0.0000       0.0000       0.0000       0.0000    
  4699.414749       1.0000       8668.9       8668.9       0.0000       0.0000       0.0000       0.0000    
  4699.798068       1.0000       8668.9       8668.9       0.0000       0.0000       0.0000       0.0000    
  4700.000000       1.0000       8668.9       8668.9       0.0000       0.0000       0.0000       0.0000    
  4700.000000       1.0000       8668.9       8668.9       0.0000       0.0000       0.0000       0.0000    
  4700.165899       1.0000       8668.9       8668.9       0.0000       0.0000       0.0000       0.0000    
  4700.331799       1.0000       8668.9       8668.9       0.0000       0.0000       0.0000       0.0000    
  4700.663598       1.0000       8668.9       8668.9       0.0000       0.0000       0.0000       0.0000    
  4701.000000       1.0000       8668.9       8668.9       0.0000       0.0000       0.0000       0.0000    
  4701.000000       1.0000       8668.9       8668.9       0.0000       0.0000       0.0000       0.0000    
  4701.265439       1.0000       8668.9       8668.9       0.0000       0.0000       0.0000       0.0000    
  4701.530878       1.0000       8668.9       8668.9       0.0000       0.0000       0.0000       0.0000    
  4701.842919       1.0000       8668.9       8668.9       0.0000       0.0000       0.0000       0.0000    
  4701.842919       1.0000       8668.9       8668.9       0.0000       0.0000       0.0000       0.0000    
  4701.921460       1.0000       8668.9       8668.9       0.0000       0.0000       0.0000       0.0000    
  4702.000000       1.0000       8668.9       8668.9       0.0000       0.0000       0.0000       0.0000    
  4702.000000       1.0000       8668.9       8668.9       0.0000       0.0000       0.0000       0.0000    
  4702.062832       1.0000       8668.9       8668.9       0.0000       0.0000       0.0000       0.0000    
  4702.125665       1.0000       8668.9       8668.9       0.0000       0.0000       0.0000       0.0000    
  4702.251329       1.0000       8668.9       8668.9       0.0000       0.0000       0.0000       0.0000    
  4702.320977       1.0000       8668.9       8668.9       0.0000       0.0000       0.0000       0.0000    
  4702.320977       1.0000       8668.9       8668.9       0.0000       0.0000       0.0000       0.0000    
  4702.421509       1.0000       8668.9       8668.9       0.0000       0.0000       0.0000       0.0000    
  4702.522040       1.0000       8668.9       8668.9       0.0000       0.0000       0.0000       0.0000    
  4702.648061       1.0000       8668.9       8668.9       0.0000       0.0000       0.0000       0.0000    
  4702.806394       1.0000       8668.9       8668.9       0.0000       0.0000       0.0000       0.0000    
  4703.000000       1.0000       8668.9       8668.9       0.0000       0.0000       0.0000       0.0000    
