#      time         order        anzahl_ka1   anzahl_kal   anzahl_wa1   anzahl_war   pmv_1        ppd_1     
  4679.000000       1.0000       0.0000       0.0000       0.0000       0.0000       0.0000       0.0000    
  4679.400000       1.0000       0.0000       0.0000       0.0000       0.0000       0.0000       0.0000    
  4679.800000       1.0000       0.0000       0.0000       0.0000       0.0000       0.0000       0.0000    
  4680.000000       1.0000       0.0000       0.0000       0.0000       0.0000       0.0000       0.0000    
  4680.000000       1.0000       0.0000       0.0000       0.0000       0.0000       0.0000       0.0000    
  4680.002746       1.0000       0.0000       0.0000       0.0000       0.0000       0.0000       0.0000    
  4680.005491       1.0000       0.0000       0.0000       0.0000       0.0000       0.0000       0.0000    
  4680.007168       1.0000       0.0000       0.0000       0.0000       0.0000       0.0000       0.0000    
  4680.007168       1.0000       0.0000       0.0000       0.0000       0.0000       0.0000       0.0000    
  4680.009364       1.0000       0.0000       0.0000       0.0000       0.0000       0.0000       0.0000    
  4680.011560       1.0000       0.0000       0.0000       0.0000       0.0000       0.0000       0.0000    
  4680.015953       1.0000       0.0000       0.0000       0.0000       0.0000       0.0000       0.0000    
  4680.024739       1.0000       0.0000       0.0000       0.0000       0.0000       0.0000       0.0000    
  4680.042311       1.0000       0.0000       0.0000       0.0000       0.0000       0.0000       0.0000    
  4680.077454       1.0000       0.0000       0.0000       0.0000       0.0000       0.0000       0.0000    
  4680.147740       1.0000       0.0000       0.0000       0.0000       0.0000       0.0000       0.0000    
  4680.288312       1.0000       0.0000       0.0000       0.0000       0.0000       0.0000       0.0000    
  4680.569457       1.0000       0.0000       0.0000       0.0000       0.0000       0.0000       0.0000    
  4680.677689       1.0000       0.0000       0.0000       0.0000       0.0000       0.0000       0.0000    
  4680.677689       1.0000       0.0000       0.0000       0.0000       0.0000       0.0000       0.0000    
  4680.726387       1.0000       0.0000       0.0000       0.0000       0.0000       0.0000       0.0000    
  4680.775084       1.0000       0.0000       0.0000       0.0000       0.0000       0.0000       0.0000    
  4680.872480       1.0000       0.0000       0.0000       0.0000       0.0000       0.0000       0.0000    
  4681.000000       1.0000       0.0000       0.0000       0.0000       0.0000       0.0000       0.0000    
  4681.000000       1.0000       0.0000       0.0000       0.0000       0.0000       0.0000       0.0000    
  4681.077916       1.0000       0.0000       0.0000       0.0000       0.0000       0.0000       0.0000    
  4681.155832       1.0000       0.0000       0.0000       0.0000       0.0000       0.0000       0.0000    
  4681.311665       1.0000       0.0000       0.0000       0.0000       0.0000       0.0000       0.0000    
  4681.623329       1.0000       0.0000       0.0000       0.0000       0.0000       0.0000       0.0000    
  4682.000000       1.0000       0.0000       0.0000       0.0000       0.0000       0.0000       0.0000    
  4682.000000       1.0000       0.0000       0.0000       0.0000       0.0000       0.0000       0.0000    
  4682.249332       1.0000       0.0000       0.0000       0.0000       0.0000       0.0000       0.0000    
  4682.498664       1.0000       0.0000       0.0000       0.0000       0.0000       0.0000       0.0000    
  4682.997327       1.0000       0.0000       0.0000       0.0000       0.0000       0.0000       0.0000    
  4683.000000       1.0000       0.0000       0.0000       0.0000       0.0000       0.0000       0.0000    
  4683.000000       1.0000       0.0000       0.0000       0.0000       0.0000       0.0000       0.0000    
  4683.398931       1.0000       0.0000       0.0000       0.0000       0.0000       0.0000       0.0000    
  4683.797862       1.0000       0.0000       0.0000       0.0000       0.0000       0.0000       0.0000    
  4684.000000       1.0000       0.0000       0.0000       0.0000       0.0000       0.0000       0.0000    
  4684.000000       1.0000       0.0000       0.0000       0.0000       0.0000       0.0000       0.0000    
  4684.006383       1.0000       0.0000       0.0000       0.0000       0.0000       0.0000       0.0000    
  4684.012766       1.0000       0.0000       0.0000       0.0000       0.0000       0.0000       0.0000    
  4684.023176       1.0000       0.0000       0.0000       0.0000       0.0000       0.0000       0.0000    
  4684.035077       1.0000       0.0000       0.0000       0.0000       0.0000       0.0000       0.0000    
  4684.052703       1.0000       0.0000       0.0000       0.0000       0.0000       0.0000       0.0000    
  4684.076841       1.0000       0.0000       0.0000       0.0000       0.0000       0.0000       0.0000    
  4684.097822       1.0000       0.0000       0.0000       0.0000       0.0000       0.0000       0.0000    
  4684.120551       1.0000       0.0000       0.0000       0.0000       0.0000       0.0000       0.0000    
  4684.139473       1.0000       0.0000       0.0000       0.0000       0.0000       0.0000       0.0000    
  4684.158205       1.0000       0.0000       0.0000       0.0000       0.0000       0.0000       0.0000    
  4684.175485       1.0000       0.0000       0.0000       0.0000       0.0000       0.0000       0.0000    
  4684.192669       1.0000       0.0000       0.0000       0.0000       0.0000       0.0000       0.0000    
  4684.209402       1.0000       0.0000       0.0000       0.0000       0.0000       0.0000       0.0000    
  4684.226201       1.0000       0.0000       0.0000       0.0000       0.0000       0.0000       0.0000    
  4684.243406       1.0000       0.0000       0.0000       0.0000       0.0000       0.0000       0.0000    
  4684.262049       1.0000       0.0000       0.0000       0.0000       0.0000       0.0000       0.0000    
  4684.282280       1.0000       0.0000       0.0000       0.0000       0.0000       0.0000       0.0000    
  4684.304645       1.0000       0.0000       0.0000       0.0000       0.0000       0.0000       0.0000    
  4684.329681       1.0000       0.0000       0.0000       0.0000       0.0000       0.0000       0.0000    
  4684.358057       1.0000       0.0000       0.0000       0.0000       0.0000       0.0000       0.0000    
  4684.390755       1.0000       0.0000       0.0000       0.0000       0.0000       0.0000       0.0000    
  4684.429120       1.0000       0.0000       0.0000       0.0000       0.0000       0.0000       0.0000    
  4684.475262       1.0000       0.0000       0.0000       0.0000       0.0000       0.0000       0.0000    
  4684.532385       1.0000       0.0000       0.0000       0.0000       0.0000       0.0000       0.0000    
  4684.606075       1.0000       0.0000       0.0000       0.0000       0.0000       0.0000       0.0000    
  4684.606075       1.0000       0.0000       0.0000       0.0000       0.0000       0.0000       0.0000    
  4684.614403       1.0000       0.0000       0.0000       0.0000       0.0000       0.0000       0.0000    
  4684.622731       1.0000       0.0000       0.0000       0.0000       0.0000       0.0000       0.0000    
  4684.639386       1.0000       0.0000       0.0000       0.0000       0.0000       0.0000       0.0000    
  4684.672697       1.0000       0.0000       0.0000       0.0000       0.0000       0.0000       0.0000    
  4684.739319       1.0000       0.0000       0.0000       0.0000       0.0000       0.0000       0.0000    
  4684.872564       1.0000       0.0000       0.0000       0.0000       0.0000     -0.19314       5.7735    
  4685.000000       1.0000       0.0000       0.0000       0.0000       0.0000     -0.18743       5.7284    
  4685.000000       1.0000       0.0000       0.0000       0.0000       0.0000     -0.18743       5.7283    
  4685.106596       1.0000       0.0000       0.0000       0.0000       0.0000     -0.18212       5.6876    
  4685.213191       1.0000       0.0000       0.0000       0.0000       0.0000     -0.17660       5.6465    
  4685.426382       1.0000       0.0000       0.0000       0.0000       0.0000     -0.16424       5.5591    
  4685.829970       1.0000       0.0000       0.0000       0.0000       0.0000     -0.13558       5.3808    
  4686.000000       1.0000       0.0000       0.0000       0.0000       0.0000     -0.12161       5.3063    
  4686.000000       1.0000       0.0000       0.0000       0.0000       0.0000     -0.12161       5.3063    
  4686.034111       1.0000       0.0000       0.0000       0.0000       0.0000     -0.11874       5.2920    
  4686.068221       1.0000       0.0000       0.0000       0.0000       0.0000     -0.11580       5.2777    
  4686.102458       1.0000       0.0000       0.0000       0.0000       0.0000     -0.11278       5.2634    
  4686.113461       1.0000       0.0000       0.0000       0.0000       0.0000     -0.11180       5.2589    
  4686.135467       1.0000       0.0000       0.0000       0.0000       0.0000     -0.10985       5.2499    
  4686.173404       1.0000       0.0000       0.0000       0.0000       0.0000     -0.10646       5.2347    
  4686.185629       1.0000       0.0000       0.0000       0.0000       0.0000     -0.10536       5.2299    
  4686.210081       1.0000       0.0000       0.0000       0.0000       0.0000     -0.10320       5.2206    
  4686.258985       1.0000       0.0000       0.0000       0.0000       0.0000     -9.90054E-02   5.2030    
  4686.278546       1.0000       0.0000       0.0000       0.0000       0.0000     -9.73393E-02   5.1962    
  4686.317669       1.0000       0.0000       0.0000       0.0000       0.0000     -9.40409E-02   5.1831    
  4686.333318       1.0000       0.0000       0.0000       0.0000       0.0000     -9.27270E-02   5.1781    
  4686.364616       1.0000       0.0000       0.0000       0.0000       0.0000     -9.01156E-02   5.1682    
  4686.377136       1.0000       0.0000       0.0000       0.0000       0.0000     -8.90738E-02   5.1643    
  4686.402174       1.0000       0.0000       0.0000       0.0000       0.0000     -8.70052E-02   5.1568    
  4686.452251       1.0000       0.0000       0.0000       0.0000       0.0000     -8.30764E-02   5.1429    
  4686.472282       1.0000       0.0000       0.0000       0.0000       0.0000     -8.15220E-02   5.1376    
  4686.512344       1.0000       0.0000       0.0000       0.0000       0.0000     -7.84640E-02   5.1275    
  4686.528369       1.0000       0.0000       0.0000       0.0000       0.0000     -7.72531E-02   5.1236    
  4686.560418       1.0000       0.0000       0.0000       0.0000       0.0000     -7.48568E-02   5.1160    
  4686.573238       1.0000       0.0000       0.0000       0.0000       0.0000     -7.39017E-02   5.1131    
  4686.598878       1.0000       0.0000       0.0000       0.0000       0.0000     -7.20052E-02   5.1074    
  4686.650157       1.0000       0.0000       0.0000       0.0000       0.0000     -6.84640E-02   5.0971    
  4686.752715       1.0000       0.0000       0.0000       0.0000       0.0000     -6.17754E-02   5.0790    
  4686.957831       1.0000       0.0000       0.0000       0.0000       0.0000     -5.02978E-02   5.0524    
  4686.958056       1.0000       0.0000       0.0000       0.0000       0.0000     -5.02830E-02   5.0523    
  4686.958056       1.0000       0.0000       0.0000       0.0000       0.0000     -5.02830E-02   5.0523    
  4686.965333       1.0000       0.0000       0.0000       0.0000       0.0000     -4.99004E-02   5.0516    
  4686.972610       1.0000       0.0000       0.0000       0.0000       0.0000     -4.95221E-02   5.0508    
  4686.987164       1.0000       0.0000       0.0000       0.0000       0.0000     -4.87788E-02   5.0493    
  4687.000000       1.0000       0.0000       0.0000       0.0000       0.0000     -4.81332E-02   5.0480    
  4687.000000       1.0000       0.0000       0.0000       0.0000       0.0000     -4.81332E-02   5.0480    
  4687.011643       1.0000       0.0000       0.0000       0.0000       0.0000     -4.75849E-02   5.0469    
  4687.023286       1.0000       0.0000       0.0000       0.0000       0.0000     -4.70498E-02   5.0458    
  4687.046572       1.0000       0.0000       0.0000       0.0000       0.0000     -4.60274E-02   5.0439    
  4687.093144       1.0000       0.0000       0.0000       0.0000       0.0000     -4.41331E-02   5.0403    
  4687.111044       1.0000       0.0000       0.0000       0.0000       0.0000     -4.34306E-02   5.0390    
  4687.118204       1.0000       0.0000       0.0000       0.0000       0.0000     -4.31530E-02   5.0386    
  4687.132525       1.0000       0.0000       0.0000       0.0000       0.0000     -4.26074E-02   5.0376    
  4687.138253       1.0000       0.0000       0.0000       0.0000       0.0000     -4.23924E-02   5.0372    
  4687.149709       1.0000       0.0000       0.0000       0.0000       0.0000     -4.19700E-02   5.0365    
  4687.172621       1.0000       0.0000       0.0000       0.0000       0.0000     -4.11526E-02   5.0351    
  4687.218445       1.0000       0.0000       0.0000       0.0000       0.0000     -3.96478E-02   5.0325    
  4687.266413       1.0000       0.0000       0.0000       0.0000       0.0000     -3.82305E-02   5.0303    
  4687.325406       1.0000       0.0000       0.0000       0.0000       0.0000     -3.66474E-02   5.0278    
  4687.389614       1.0000       0.0000       0.0000       0.0000       0.0000     -3.50812E-02   5.0255    
  4687.468798       1.0000       0.0000       0.0000       0.0000       0.0000     -3.33500E-02   5.0230    
  4687.575177       1.0000       0.0000       0.0000       0.0000       0.0000     -3.08594E-02   5.0197    
  4687.699872       1.0000       0.0000       0.0000       0.0000       0.0000     -2.80533E-02   5.0163    
  4687.853224       1.0000       0.0000       0.0000       0.0000       0.0000     -2.48275E-02   5.0128    
  4687.986302       1.0000       0.0000       0.0000       0.0000       0.0000     -2.22075E-02   5.0102    
  4688.000000       1.0000       0.0000       0.0000       0.0000       0.0000     -2.19404E-02   5.0100    
  4688.000000       1.0000       0.0000       0.0000       0.0000       0.0000     -2.19404E-02   5.0100    
  4688.037258       1.0000       0.0000       0.0000       0.0000       0.0000     -2.12290E-02   5.0093    
  4688.074515       1.0000       0.0000       0.0000       0.0000       0.0000     -2.05325E-02   5.0087    
  4688.149031       1.0000       0.0000       0.0000       0.0000       0.0000     -1.91969E-02   5.0076    
  4688.149031       1.0000       0.0000       0.0000       0.0000       0.0000     -1.91969E-02   5.0076    
  4688.178837       1.0000       0.0000       0.0000       0.0000       0.0000     -1.86728E-02   5.0072    
  4688.208643       1.0000       0.0000       0.0000       0.0000       0.0000     -1.81582E-02   5.0068    
  4688.268256       1.0000       0.0000       0.0000       0.0000       0.0000     -1.71651E-02   5.0061    
  4688.387480       1.0000       0.0000       0.0000       0.0000       0.0000     -1.52970E-02   5.0048    
  4688.387480       1.0000       0.0000       0.0000       0.0000       0.0000     -1.52972E-02   5.0048    
  4688.435170       1.0000       0.0000       0.0000       0.0000       0.0000     -1.50745E-02   5.0047    
  4688.482860       1.0000       0.0000       0.0000       0.0000       0.0000     -1.45340E-02   5.0044    
  4688.578240       1.0000       0.0000       0.0000       0.0000       0.0000     -1.34831E-02   5.0038    
  4688.768999       1.0000       0.0000       0.0000       0.0000       0.0000     -1.14910E-02   5.0027    
  4689.000000       1.0000       0.0000       0.0000       0.0000       0.0000     -9.25863E-03   5.0018    
  4689.000000       1.0000       0.0000       0.0000       0.0000       0.0000     -9.25862E-03   5.0018    
  4689.024840       1.0000       0.0000       0.0000       0.0000       0.0000     -9.02271E-03   5.0017    
  4689.049681       1.0000       0.0000       0.0000       0.0000       0.0000     -8.78943E-03   5.0016    
  4689.099362       1.0000       0.0000       0.0000       0.0000       0.0000     -8.33337E-03   5.0014    
  4689.099362       1.0000       0.0000       0.0000       0.0000       0.0000     -8.33337E-03   5.0014    
  4689.119234       1.0000       0.0000       0.0000       0.0000       0.0000     -8.14898E-03   5.0014    
  4689.139107       1.0000       0.0000       0.0000       0.0000       0.0000     -7.96548E-03   5.0013    
  4689.178851       1.0000       0.0000       0.0000       0.0000       0.0000     -7.60219E-03   5.0012    
  4689.258341       1.0000       0.0000       0.0000       0.0000       0.0000     -6.89410E-03   5.0010    
  4689.417320       1.0000       0.0000       0.0000       0.0000       0.0000     -5.57565E-03   5.0006    
  4689.676495       1.0000       0.0000       0.0000       0.0000       0.0000     -3.66459E-03   5.0003    
  4690.000000       1.0000       0.0000       0.0000       0.0000       0.0000     -1.68334E-03   5.0001    
  4690.000000       1.0000       0.0000       0.0000       0.0000       0.0000     -1.68334E-03   5.0001    
  4690.127183       1.0000       0.0000       0.0000       0.0000       0.0000     -1.03561E-03   5.0000    
  4690.254366       1.0000       0.0000       0.0000       0.0000       0.0000     -5.06914E-04   5.0000    
  4690.508733       1.0000       0.0000       0.0000       0.0000       0.0000      1.20333E-04   5.0000    
  4690.888597       1.0000       0.0000       0.0000       0.0000       0.0000      2.36559E-04   5.0000    
  4690.888597       1.0000       0.0000       0.0000       0.0000       0.0000      2.36490E-04   5.0000    
  4690.944298       1.0000       0.0000       0.0000       0.0000       0.0000      2.33240E-04   5.0000    
  4691.000000       1.0000       0.0000       0.0000       0.0000       0.0000      2.12108E-04   5.0000    
  4691.000000       1.0000       0.0000       0.0000       0.0000       0.0000      2.12116E-04   5.0000    
  4691.044561       1.0000       0.0000       0.0000       0.0000       0.0000      1.81056E-04   5.0000    
  4691.089123       1.0000       0.0000       0.0000       0.0000       0.0000      1.36449E-04   5.0000    
  4691.178245       1.0000       0.0000       0.0000       0.0000       0.0000     -2.20136E-05   5.0000    
  4691.356490       1.0000       0.0000       0.0000       0.0000       0.0000     -4.69361E-04   5.0000    
  4691.712980       1.0000       0.0000       0.0000       0.0000       0.0000     -1.92132E-03   5.0001    
  4692.000000       1.0000       0.0000       0.0000       0.0000       0.0000     -3.61935E-03   5.0003    
  4692.000000       1.0000       0.0000       0.0000       0.0000       0.0000     -3.61937E-03   5.0003    
  4692.285192       1.0000       0.0000       0.0000       0.0000       0.0000      8.02361E-03   5.0013    
  4692.570384       1.0000       0.0000       0.0000       0.0000       0.0000      1.34530E-02   5.0037    
  4693.000000       1.0000       0.0000       0.0000       0.0000       0.0000      2.20960E-02   5.0101    
  4693.000000       1.0000       0.0000       0.0000       0.0000       0.0000      2.20960E-02   5.0101    
  4693.228154       1.0000       0.0000       0.0000       0.0000       0.0000      2.67004E-02   5.0148    
  4693.456307       1.0000       0.0000       0.0000       0.0000       0.0000      3.12942E-02   5.0203    
  4693.912615       1.0000       0.0000       0.0000       0.0000       0.0000      4.02469E-02   5.0335    
  4694.000000       1.0000       0.0000       0.0000       0.0000       0.0000      4.19458E-02   5.0364    
  4694.000000       1.0000       0.0000       0.0000       0.0000       0.0000      4.19458E-02   5.0364    
  4694.365046       1.0000       0.0000       0.0000       0.0000       0.0000      4.82932E-02   5.0483    
  4694.730092       1.0000       0.0000       0.0000       0.0000       0.0000      5.39641E-02   5.0603    
  4695.000000       1.0000       0.0000       0.0000       0.0000       0.0000      5.78255E-02   5.0692    
  4695.000000       1.0000       0.0000       0.0000       0.0000       0.0000      5.78255E-02   5.0692    
  4695.292037       1.0000       0.0000       0.0000       0.0000       0.0000      6.15218E-02   5.0784    
  4695.584073       1.0000       0.0000       0.0000       0.0000       0.0000      6.47686E-02   5.0869    
  4696.000000       1.0000       0.0000       0.0000       0.0000       0.0000      6.66390E-02   5.0919    
  4696.000000       1.0000       0.0000       0.0000       0.0000       0.0000      6.66390E-02   5.0919    
  4696.026105       1.0000       0.0000       0.0000       0.0000       0.0000      6.66627E-02   5.0920    
  4696.052211       1.0000       0.0000       0.0000       0.0000       0.0000      6.66513E-02   5.0920    
  4696.104422       1.0000       0.0000       0.0000       0.0000       0.0000      6.65216E-02   5.0916    
  4696.104422       1.0000       0.0000       0.0000       0.0000       0.0000      6.65216E-02   5.0916    
  4696.125306       1.0000       0.0000       0.0000       0.0000       0.0000      6.64543E-02   5.0914    
  4696.146190       1.0000       0.0000       0.0000       0.0000       0.0000      6.63731E-02   5.0912    
  4696.187959       1.0000       0.0000       0.0000       0.0000       0.0000      6.61642E-02   5.0906    
  4696.271496       1.0000       0.0000       0.0000       0.0000       0.0000      6.52727E-02   5.0882    
  4696.438571       1.0000       0.0000       0.0000       0.0000       0.0000      6.23000E-02   5.0804    
  4696.772720       1.0000       0.0000       0.0000       0.0000       0.0000      5.08813E-02   5.0536    
  4697.000000       1.0000       0.0000       0.0000       0.0000       0.0000      3.97380E-02   5.0327    
  4697.000000       1.0000       0.0000       0.0000       0.0000       0.0000      3.97380E-02   5.0327    
  4697.005484       1.0000       0.0000       0.0000       0.0000       0.0000      3.94663E-02   5.0322    
  4697.010968       1.0000       0.0000       0.0000       0.0000       0.0000      3.91927E-02   5.0318    
  4697.015390       1.0000       0.0000       0.0000       0.0000       0.0000      3.89708E-02   5.0314    
  4697.020624       1.0000       0.0000       0.0000       0.0000       0.0000      3.87068E-02   5.0310    
  4697.026095       1.0000       0.0000       0.0000       0.0000       0.0000      3.84293E-02   5.0306    
  4697.032691       1.0000       0.0000       0.0000       0.0000       0.0000      3.80925E-02   5.0300    
  4697.040669       1.0000       0.0000       0.0000       0.0000       0.0000      3.76819E-02   5.0294    
  4697.051837       1.0000       0.0000       0.0000       0.0000       0.0000      3.71017E-02   5.0285    
  4697.066336       1.0000       0.0000       0.0000       0.0000       0.0000      3.63383E-02   5.0273    
  4697.083964       1.0000       0.0000       0.0000       0.0000       0.0000      3.53971E-02   5.0259    
  4697.099858       1.0000       0.0000       0.0000       0.0000       0.0000      3.45382E-02   5.0247    
  4697.117901       1.0000       0.0000       0.0000       0.0000       0.0000      3.35507E-02   5.0233    
  4697.136382       1.0000       0.0000       0.0000       0.0000       0.0000      3.25267E-02   5.0219    
  4697.157403       1.0000       0.0000       0.0000       0.0000       0.0000      3.13467E-02   5.0203    
  4697.180516       1.0000       0.0000       0.0000       0.0000       0.0000      3.00317E-02   5.0187    
  4697.207166       1.0000       0.0000       0.0000       0.0000       0.0000      2.85161E-02   5.0168    
  4697.237854       1.0000       0.0000       0.0000       0.0000       0.0000      2.68267E-02   5.0149    
  4697.274264       1.0000       0.0000       0.0000       0.0000       0.0000      2.48268E-02   5.0128    
  4697.318177       1.0000       0.0000       0.0000       0.0000       0.0000      2.24098E-02   5.0104    
  4697.372883       1.0000       0.0000       0.0000       0.0000       0.0000      1.93717E-02   5.0078    
  4697.443486       1.0000       0.0000       0.0000       0.0000       0.0000      1.55778E-02   5.0050    
  4697.539417       1.0000       0.0000       0.0000       0.0000       0.0000      1.05766E-02   5.0023    
  4697.679040       1.0000       0.0000       0.0000       0.0000       0.0000      3.66093E-03   5.0003    
  4697.810017       1.0000       0.0000       0.0000       0.0000       0.0000     -2.40571E-03   5.0001    
  4697.810017       1.0000       0.0000       0.0000       0.0000       0.0000     -2.40572E-03   5.0001    
  4697.813554       1.0000       0.0000       0.0000       0.0000       0.0000     -2.56249E-03   5.0001    
  4697.817092       1.0000       0.0000       0.0000       0.0000       0.0000     -2.71849E-03   5.0002    
  4697.824168       1.0000       0.0000       0.0000       0.0000       0.0000     -3.02741E-03   5.0002    
  4697.838319       1.0000       0.0000       0.0000       0.0000       0.0000     -3.63953E-03   5.0003    
  4697.866621       1.0000       0.0000       0.0000       0.0000       0.0000     -4.81767E-03   5.0005    
  4697.923225       1.0000       0.0000       0.0000       0.0000       0.0000     -7.08477E-03   5.0010    
  4698.000000       1.0000       0.0000       0.0000       0.0000       0.0000     -1.00606E-02   5.0021    
  4698.000000       1.0000       0.0000       0.0000       0.0000       0.0000     -1.00606E-02   5.0021    
  4698.045283       1.0000       0.0000       0.0000       0.0000       0.0000     -1.16211E-02   5.0028    
  4698.090567       1.0000       0.0000       0.0000       0.0000       0.0000     -1.31072E-02   5.0036    
  4698.181133       1.0000       0.0000       0.0000       0.0000       0.0000     -1.59055E-02   5.0052    
  4698.362266       1.0000       0.0000       0.0000       0.0000       0.0000       0.0000       0.0000    
  4698.643955       1.0000       0.0000       0.0000       0.0000       0.0000       0.0000       0.0000    
  4698.983799       1.0000       0.0000       0.0000       0.0000       0.0000       0.0000       0.0000    
  4698.983799       1.0000       0.0000       0.0000       0.0000       0.0000       0.0000       0.0000    
  4698.991899       1.0000       0.0000       0.0000       0.0000       0.0000       0.0000       0.0000    
  4699.000000       1.0000       0.0000       0.0000       0.0000       0.0000       0.0000       0.0000    
  4699.000000       1.0000       0.0000       0.0000       0.0000       0.0000       0.0000       0.0000    
  4699.006480       1.0000       0.0000       0.0000       0.0000       0.0000       0.0000       0.0000    
  4699.012961       1.0000       0.0000       0.0000       0.0000       0.0000       0.0000       0.0000    
  4699.025922       1.0000       0.0000       0.0000       0.0000       0.0000       0.0000       0.0000    
  4699.051844       1.0000       0.0000       0.0000       0.0000       0.0000       0.0000       0.0000    
  4699.103687       1.0000       0.0000       0.0000       0.0000       0.0000       0.0000       0.0000    
  4699.207374       1.0000       0.0000       0.0000       0.0000       0.0000       0.0000       0.0000    
  4699.414749       1.0000       0.0000       0.0000       0.0000       0.0000       0.0000       0.0000    
  4699.798068       1.0000       0.0000       0.0000       0.0000       0.0000       0.0000       0.0000    
  4700.000000       1.0000       0.0000       0.0000       0.0000       0.0000       0.0000       0.0000    
  4700.000000       1.0000       0.0000       0.0000       0.0000       0.0000       0.0000       0.0000    
  4700.165899       1.0000       0.0000       0.0000       0.0000       0.0000       0.0000       0.0000    
  4700.331799       1.0000       0.0000       0.0000       0.0000       0.0000       0.0000       0.0000    
  4700.663598       1.0000       0.0000       0.0000       0.0000       0.0000       0.0000       0.0000    
  4701.000000       1.0000       0.0000       0.0000       0.0000       0.0000       0.0000       0.0000    
  4701.000000       1.0000       0.0000       0.0000       0.0000       0.0000       0.0000       0.0000    
  4701.265439       1.0000       0.0000       0.0000       0.0000       0.0000       0.0000       0.0000    
  4701.530878       1.0000       0.0000       0.0000       0.0000       0.0000       0.0000       0.0000    
  4701.842919       1.0000       0.0000       0.0000       0.0000       0.0000       0.0000       0.0000    
  4701.842919       1.0000       0.0000       0.0000       0.0000       0.0000       0.0000       0.0000    
  4701.921460       1.0000       0.0000       0.0000       0.0000       0.0000       0.0000       0.0000    
  4702.000000       1.0000       0.0000       0.0000       0.0000       0.0000       0.0000       0.0000    
  4702.000000       1.0000       0.0000       0.0000       0.0000       0.0000       0.0000       0.0000    
  4702.062832       1.0000       0.0000       0.0000       0.0000       0.0000       0.0000       0.0000    
  4702.125665       1.0000       0.0000       0.0000       0.0000       0.0000       0.0000       0.0000    
  4702.251329       1.0000       0.0000       0.0000       0.0000       0.0000       0.0000       0.0000    
  4702.320977       1.0000       0.0000       0.0000       0.0000       0.0000       0.0000       0.0000    
  4702.320977       1.0000       0.0000       0.0000       0.0000       0.0000       0.0000       0.0000    
  4702.421509       1.0000       0.0000       0.0000       0.0000       0.0000       0.0000       0.0000    
  4702.522040       1.0000       0.0000       0.0000       0.0000       0.0000       0.0000       0.0000    
  4702.648061       1.0000       0.0000       0.0000       0.0000       0.0000       0.0000       0.0000    
  4702.806394       1.0000       0.0000       0.0000       0.0000       0.0000       0.0000       0.0000    
  4703.000000       1.0000       0.0000       0.0000       0.0000       0.0000       0.0000       0.0000    
