#      time         order        qbridges     qcdwalls2z   qdaylite     qequip2zon   qhc2zone     qlcwinds2z   qlite        qloss        qocc2zone    qterm2zone
  4679.000000       1.0000       0.0000       538.87       0.0000       0.0000      5.18204E-18  -221.55       0.0000       0.0000       0.0000      -298.68    
  4679.400000       1.0000       0.0000       542.20       0.0000       0.0000      7.50228E-20  -228.37       0.0000       0.0000       0.0000      -303.78    
  4679.800000       1.0000       0.0000       545.10       0.0000       0.0000      1.45311E-18  -234.83       0.0000       0.0000       0.0000      -306.35    
  4680.000000       1.0000       0.0000       546.48       0.0000       0.0000     -2.46886E-16  -238.01       0.0000       0.0000       0.0000      -307.11    
  4680.000000       1.0000       0.0000       546.48       0.0000       0.0000      2.14215E-18  -238.00       0.0000       0.0000       0.0000      -307.11    
  4680.002746       1.0000       0.0000       546.50       0.0000       0.0000      3.22122E-21  -238.05       0.0000       0.0000       0.0000      -307.12    
  4680.005491       1.0000       0.0000       546.51       0.0000       0.0000      3.25503E-18  -238.09       0.0000       0.0000       0.0000      -307.13    
  4680.007168       1.0000       0.0000       546.53       0.0000       0.0000     -5.14953E-19  -238.12       0.0000       0.0000       0.0000      -307.13    
  4680.007168       1.0000       0.0000       546.53       0.0000       0.0000     -7.22208E-23  -238.12       0.0000       0.0000       0.0000      -307.13    
  4680.009364       1.0000       0.0000       546.54       0.0000       0.0000     -1.11947E-20  -238.15       0.0000       0.0000       0.0000      -307.14    
  4680.011560       1.0000       0.0000       546.55       0.0000       0.0000      1.65143E-19  -238.18       0.0000       0.0000       0.0000      -307.15    
  4680.015953       1.0000       0.0000       546.58       0.0000       0.0000     -3.29218E-18  -238.25       0.0000       0.0000       0.0000      -307.16    
  4680.024739       1.0000       0.0000       546.64       0.0000       0.0000     -6.47789E-18  -238.38       0.0000       0.0000       0.0000      -307.18    
  4680.042311       1.0000       0.0000       546.75       0.0000       0.0000      4.82727E-17  -238.65       0.0000       0.0000       0.0000      -307.23    
  4680.077454       1.0000       0.0000       546.96       0.0000       0.0000      6.51992E-17  -239.17       0.0000       0.0000       0.0000      -307.32    
  4680.147740       1.0000       0.0000       547.30       0.0000       0.0000      1.60429E-17  -240.12       0.0000       0.0000       0.0000      -307.43    
  4680.288312       1.0000       0.0000       547.84       0.0000       0.0000      9.93131E-17  -241.85       0.0000       0.0000       0.0000      -307.50    
  4680.569457       1.0000       0.0000       548.42       0.0000       0.0000     -1.57133E-19  -244.81       0.0000       0.0000       0.0000      -320.23    
  4680.677689       1.0000       0.0000       548.71       0.0000       0.0000      7.91642E-16  -245.91       0.0000       0.0000       0.0000      -324.88    
  4680.677689       1.0000       0.0000       548.71       0.0000       0.0000      4.39066E-21  -245.91       0.0000       0.0000       0.0000      -324.88    
  4680.726387       1.0000       0.0000       548.75       0.0000       0.0000     -3.61412E-20  -246.41       0.0000       0.0000       0.0000      -326.85    
  4680.775084       1.0000       0.0000       548.80       0.0000       0.0000      1.76318E-16  -246.89       0.0000       0.0000       0.0000      -328.70    
  4680.872480       1.0000       0.0000       548.95       0.0000       0.0000      2.79998E-16  -247.85       0.0000       0.0000       0.0000      -331.96    
  4681.000000       1.0000       0.0000       549.12       0.0000       0.0000     -7.87886E-16  -249.09       0.0000       0.0000       0.0000      -335.72    
  4681.000000       1.0000       0.0000       549.12       0.0000       0.0000     -9.67409E-18  -249.09       0.0000       0.0000       0.0000      -335.72    
  4681.077916       1.0000       0.0000       549.09       0.0000       0.0000      5.39940E-19  -249.79       0.0000       0.0000       0.0000      -336.64    
  4681.155832       1.0000       0.0000       549.03       0.0000       0.0000     -4.56173E-16  -250.45       0.0000       0.0000       0.0000      -337.33    
  4681.311665       1.0000       0.0000       548.80       0.0000       0.0000     -8.29557E-17  -251.64       0.0000       0.0000       0.0000      -338.30    
  4681.623329       1.0000       0.0000       548.17       0.0000       0.0000     -4.36393E-16  -253.78       0.0000       0.0000       0.0000      -339.21    
  4682.000000       1.0000       0.0000       546.99       0.0000       0.0000     -1.87349E-20  -256.16       0.0000       0.0000       0.0000      -338.68    
  4682.000000       1.0000       0.0000       546.99       0.0000       0.0000      1.21442E-21  -256.16       0.0000       0.0000       0.0000      -338.68    
  4682.249332       1.0000       0.0000       546.19       0.0000       0.0000     -3.68856E-22  -257.70       0.0000       0.0000       0.0000      -337.85    
  4682.498664       1.0000       0.0000       545.37       0.0000       0.0000     -4.63002E-19  -259.23       0.0000       0.0000       0.0000      -336.64    
  4682.997327       1.0000       0.0000       543.66       0.0000       0.0000      3.30649E-16  -262.25       0.0000       0.0000       0.0000      -333.30    
  4683.000000       1.0000       0.0000       543.65       0.0000       0.0000     -4.80157E-18  -262.27       0.0000       0.0000       0.0000      -333.28    
  4683.000000       1.0000       0.0000       543.65       0.0000       0.0000      4.57442E-19  -262.27       0.0000       0.0000       0.0000      -333.28    
  4683.398931       1.0000       0.0000       541.52       0.0000       0.0000     -9.91871E-18  -263.93       0.0000       0.0000       0.0000      -325.91    
  4683.797862       1.0000       0.0000       234.63       285.89       0.0000      4.57442E-19  -225.43       0.0000       0.0000       0.0000      -325.42    
  4684.000000       1.0000       0.0000       286.03       193.21       0.0000      8.51218E-19  -185.85       0.0000       0.0000       0.0000      -324.91    
  4684.000000       1.0000       0.0000       286.03       193.21       0.0000      4.79892E-21  -185.85       0.0000       0.0000       0.0000      -324.91    
  4684.006383       1.0000       0.0000       281.50       196.89       0.0000      1.26394E-19  -184.46       0.0000       0.0000       0.0000      -324.90    
  4684.012766       1.0000       0.0000       276.89       200.59       0.0000      4.79892E-21  -183.02       0.0000       0.0000       0.0000      -324.56    
  4684.023176       1.0000       0.0000       269.22       206.70       0.0000      9.15073E-21  -180.51       0.0000       0.0000       0.0000      -323.93    
  4684.035077       1.0000       0.0000       260.22       213.80       0.0000      3.11852E-27  -177.40       0.0000       0.0000       0.0000      -323.24    
  4684.052703       1.0000       0.0000       246.44       224.51       0.0000      3.87751E-18  -172.61       0.0000       0.0000       0.0000      -322.27    
  4684.076841       1.0000       0.0000       226.81       239.55       0.0000      1.40555E-18  -165.78       0.0000       0.0000       0.0000      -321.01    
  4684.097822       1.0000       0.0000       209.14       252.97       0.0000      5.53969E-19  -159.68       0.0000       0.0000       0.0000      -319.99    
  4684.120551       1.0000       0.0000       189.38       267.84       0.0000      3.52247E-18  -152.92       0.0000       0.0000       0.0000      -318.94    
  4684.139473       1.0000       0.0000       172.50       280.48       0.0000      2.10267E-18  -147.20       0.0000       0.0000       0.0000      -318.11    
  4684.158205       1.0000       0.0000       155.42       293.22       0.0000     -7.08493E-18  -141.46       0.0000       0.0000       0.0000      -317.33    
  4684.175485       1.0000       0.0000       139.37       305.16       0.0000      3.12945E-21  -136.11       0.0000       0.0000       0.0000      -316.64    
  4684.192669       1.0000       0.0000       123.13       317.20       0.0000      1.21498E-18  -130.75       0.0000       0.0000       0.0000      -315.99    
  4684.209402       1.0000       0.0000       107.07       329.09       0.0000      4.49465E-19  -125.49       0.0000       0.0000       0.0000      -315.39    
  4684.226201       1.0000       0.0000       90.721       341.17       0.0000      3.29426E-19  -120.17       0.0000       0.0000       0.0000      -314.81    
  4684.243406       1.0000       0.0000       73.750       353.69       0.0000     -3.03606E-18  -114.69       0.0000       0.0000       0.0000      -314.24    
  4684.262049       1.0000       0.0000       55.119       367.42       0.0000     -4.81874E-17  -108.72       0.0000       0.0000       0.0000      -313.66    
  4684.282280       1.0000       0.0000       34.634       382.50       0.0000      1.39010E-18  -102.20       0.0000       0.0000       0.0000      -313.06    
  4684.304645       1.0000       0.0000       12.240       398.81       0.0000      8.21148E-18  -95.007       0.0000       0.0000       0.0000      -312.43    
  4684.329681       1.0000       0.0000      -10.068       414.17       0.0000     -2.31134E-18  -87.247       0.0000       0.0000       0.0000      -311.78    
  4684.358057       1.0000       0.0000      -35.640       431.83       0.0000      9.10769E-18  -78.458       0.0000       0.0000       0.0000      -311.07    
  4684.390755       1.0000       0.0000      -65.404       452.47       0.0000     -1.14568E-17  -68.348       0.0000       0.0000       0.0000      -310.32    
  4684.429120       1.0000       0.0000      -100.73       477.01       0.0000     -8.74661E-17  -55.993       0.0000       0.0000       0.0000      -309.53    
  4684.475262       1.0000       0.0000      -143.55       506.88       0.0000     -4.39915E-17  -41.927       0.0000       0.0000       0.0000      -308.67    
  4684.532385       1.0000       0.0000      -191.71       539.26       0.0000     -7.31786E-17  -25.608       0.0000       0.0000       0.0000      -307.70    
  4684.606075       1.0000       0.0000      -228.85       557.17       0.0000      2.26947E-19  -6.9316       0.0000       0.0000       0.0000      -306.50    
  4684.606075       1.0000       0.0000      -228.85       557.17       0.0000     -2.31158E-21  -6.9316       0.0000       0.0000       0.0000      -306.50    
  4684.614403       1.0000       0.0000      -232.88       559.03       0.0000     -7.37806E-21  -4.5753       0.0000       0.0000       0.0000      -306.37    
  4684.622731       1.0000       0.0000      -236.88       560.86       0.0000     -1.24445E-20  -2.1919       0.0000       0.0000       0.0000      -306.24    
  4684.639386       1.0000       0.0000      -244.78       564.45       0.0000     -6.71087E-19   2.6236       0.0000       0.0000       0.0000      -305.99    
  4684.672697       1.0000       0.0000      -260.07       571.32       0.0000     -2.40377E-17   11.732       0.0000       0.0000       0.0000      -305.54    
  4684.739319       1.0000       0.0000      -288.45       583.81       0.0000      5.37429E-17   28.555       0.0000       0.0000       0.0000      -304.75    
  4684.872564       1.0000       0.0000      -338.86       603.85      0.67409     -2.31158E-21   59.200       1.2264       0.0000       1.1468      -303.75    
  4685.000000       1.0000       0.0000      -380.39       617.05       1.8579     -1.03550E-20   85.928       3.3782       0.0000       3.1609      -303.33    
  4685.000000       1.0000       0.0000      -380.39       617.05       1.8579     -2.22079E-22   85.928       3.3782       0.0000       3.1609      -303.33    
  4685.106596       1.0000       0.0000      -414.89       623.74       4.8286     -2.22079E-22   106.67       8.7761       0.0000       8.2150      -296.73    
  4685.213191       1.0000       0.0000      -446.16       626.69       8.0444     -2.22079E-22   125.89       14.616       0.0000       13.686      -290.75    
  4685.426382       1.0000       0.0000      -506.41       621.88       18.437     -2.22079E-22   157.77       33.481       0.0000       31.366      -283.24    
  4685.829970       1.0000       0.0000      -637.14       601.97       49.510     -2.22079E-22   203.87       89.881       0.0000       84.222      -283.05    
  4686.000000       1.0000       0.0000      -705.72       595.66       66.885     -2.22079E-22   221.48       121.39       0.0000       113.77      -285.83    
  4686.000000       1.0000       0.0000      -705.72       595.66       66.885      9.45757E-23   221.48       121.39       0.0000       113.77      -285.83    
  4686.034111       1.0000       0.0000      -719.15       593.82       70.371      9.73805E-28   225.03       127.71       0.0000       119.70      -282.24    
  4686.068221       1.0000       0.0000      -732.52       591.80       73.856     -1.54100E-23   228.56       134.03       0.0000       125.63      -277.74    
  4686.102458       1.0000       0.0000      -745.77       589.59       77.355      6.54451E-27   232.08       140.38       0.0000       131.58      -273.46    
  4686.113461       1.0000       0.0000      -750.01       588.84       78.479      4.96093E-24   233.21       142.41       0.0000       133.49      -272.16    
  4686.135467       1.0000       0.0000      -758.45       587.29       80.728     -8.64424E-29   235.46       146.49       0.0000       137.31      -275.41    
  4686.173404       1.0000       0.0000      -772.91       584.44       84.604     -1.68225E-27   239.33       153.52       0.0000       143.91      -281.07    
  4686.185629       1.0000       0.0000      -777.53       583.47       85.854     -2.19652E-27   240.57       155.79       0.0000       146.03      -282.89    
  4686.210081       1.0000       0.0000      -786.37       581.49       88.165     -3.22508E-27   243.07       159.98       0.0000       149.96      -286.50    
  4686.258985       1.0000       0.0000      -802.78       577.27       92.254     -1.48431E-28   248.10       167.40       0.0000       156.91      -293.50    
  4686.278546       1.0000       0.0000      -809.17       575.49       93.889      1.08223E-27   250.10       170.36       0.0000       159.69      -296.27    
  4686.317669       1.0000       0.0000      -821.60       571.77       97.160      3.54355E-27   254.09       176.30       0.0000       165.26      -301.69    
  4686.333318       1.0000       0.0000      -826.47       570.22       98.468      4.52807E-27   255.68       178.67       0.0000       167.48      -303.85    
  4686.364616       1.0000       0.0000      -836.01       567.02       101.09      6.49713E-27   258.83       183.42       0.0000       171.93      -308.09    
  4686.377136       1.0000       0.0000      -839.78       565.70       102.13      7.28475E-27   260.09       185.32       0.0000       173.71      -309.78    
  4686.402174       1.0000       0.0000      -847.11       563.01       104.18      8.85999E-27   262.60       189.05       0.0000       177.20      -313.11    
  4686.452251       1.0000       0.0000      -859.50       557.41       107.44      2.34693E-27   267.61       194.96       0.0000       182.74      -319.54    
  4686.472282       1.0000       0.0000      -864.27       555.07       108.74     -2.58290E-28   269.60       197.32       0.0000       184.95      -322.07    
  4686.512344       1.0000       0.0000      -873.34       550.26       111.35     -5.46874E-27   273.52       202.05       0.0000       189.38      -327.02    
  4686.528369       1.0000       0.0000      -876.83       548.28       112.39     -7.55292E-27   275.08       203.95       0.0000       191.15      -328.98    
  4686.560418       1.0000       0.0000      -883.61       544.22       114.47     -1.17213E-26   278.16       207.73       0.0000       194.69      -332.83    
  4686.573238       1.0000       0.0000      -886.31       542.56       115.31     -1.33886E-26   279.39       209.25       0.0000       196.11      -334.35    
  4686.598878       1.0000       0.0000      -891.62       539.19       116.98     -1.67233E-26   281.80       212.28       0.0000       198.94      -337.36    
  4686.650157       1.0000       0.0000      -899.72       532.25       119.38      7.66190E-28   286.60       216.65       0.0000       203.03      -343.11    
  4686.752715       1.0000       0.0000      -912.93       517.47       124.14      3.57452E-26   295.75       225.32       0.0000       211.13      -353.78    
  4686.957831       1.0000       0.0000      -923.71       484.77       130.74      1.05703E-25   312.39       237.37       0.0000       222.33      -371.95    
  4686.958056       1.0000       0.0000      -923.73       484.73       130.74      1.05780E-25   312.41       237.39       0.0000       222.34      -362.39    
  4686.958056       1.0000       0.0000      -923.73       484.73       130.74      9.14457E-27   312.41       237.39       0.0000       222.34      -380.80    
  4686.965333       1.0000       0.0000      -923.96       483.50       130.95      9.14457E-27   312.99       237.76       0.0000       222.69      -394.10    
  4686.972610       1.0000       0.0000      -924.17       482.26       131.15      9.14457E-27   313.57       238.13       0.0000       223.03      -396.17    
  4686.987164       1.0000       0.0000      -924.53       479.77       131.55      9.14457E-27   314.71       238.87       0.0000       223.72      -399.42    
  4687.000000       1.0000       0.0000      -924.80       477.56       131.91      9.14457E-27   315.71       239.53       0.0000       224.33      -402.22    
  4687.000000       1.0000       0.0000      -924.80       477.56       131.91      9.14457E-27   315.71       239.53       0.0000       224.33      -402.22    
  4687.011643       1.0000       0.0000      -924.63       475.55       132.02      9.14457E-27   316.63       239.73       0.0000       224.51      -404.78    
  4687.023286       1.0000       0.0000      -924.40       473.53       132.13      9.14457E-27   317.55       239.93       0.0000       224.70      -407.43    
  4687.046572       1.0000       0.0000      -923.72       469.44       132.34      9.14457E-27   319.36       240.34       0.0000       225.06      -412.53    
  4687.093144       1.0000       0.0000      -921.71       461.14       132.78      9.14457E-27   322.90       241.15       0.0000       225.80      -422.06    
  4687.111044       1.0000       0.0000      -920.80       457.91       132.94      9.14457E-27   324.24       241.46       0.0000       226.08      -425.52    
  4687.118204       1.0000       0.0000      -920.42       456.60       133.01      9.14457E-27   324.78       241.58       0.0000       226.20      -426.88    
  4687.132525       1.0000       0.0000      -919.61       453.99       133.14      9.14457E-27   325.84       241.83       0.0000       226.42      -429.53    
  4687.138253       1.0000       0.0000      -919.27       452.94       133.20      9.14457E-27   326.26       241.93       0.0000       226.51      -430.57    
  4687.149709       1.0000       0.0000      -918.56       450.83       133.30      8.49921E-29   327.09       242.13       0.0000       226.69      -432.60    
  4687.172621       1.0000       0.0000      -917.03       446.58       133.52     -4.05319E-20   328.75       242.53       0.0000       227.05      -436.49    
  4687.218445       1.0000       0.0000      -913.21       437.97       133.77     -6.72740E-25   331.97       243.02       0.0000       227.49      -443.58    
  4687.266413       1.0000       0.0000      -908.18       428.81       133.77      4.24271E-20   335.27       243.05       0.0000       227.49      -450.22    
  4687.325406       1.0000       0.0000      -901.27       417.32       133.77      8.75395E-22   339.16       243.09       0.0000       227.49      -457.40    
  4687.389614       1.0000       0.0000      -893.03       404.57       133.77     -4.43499E-20   343.20       243.13       0.0000       227.49      -464.29    
  4687.468798       1.0000       0.0000      -881.98       388.50       133.77      1.20580E-21   347.88       243.19       0.0000       227.49      -471.83    
  4687.575177       1.0000       0.0000      -887.37       388.29       133.77      6.24072E-20   354.46       243.19       0.0000       227.49      -480.98    
  4687.699872       1.0000       0.0000      -893.73       388.31       133.77      1.25503E-20   362.00       243.18       0.0000       227.50      -490.57    
  4687.853224       1.0000       0.0000      -900.40       387.64       133.77     -4.87644E-20   370.61       243.19       0.0000       227.50      -500.58    
  4687.986302       1.0000       0.0000      -905.07       386.46       133.77     -6.43460E-22   377.39       243.20       0.0000       227.51      -507.75    
  4688.000000       1.0000       0.0000      -905.51       386.30       133.77      4.30975E-21   378.07       243.21       0.0000       227.51      -508.45    
  4688.000000       1.0000       0.0000      -905.51       386.30       133.77      3.49081E-23   378.07       243.21       0.0000       227.51      -508.45    
  4688.037258       1.0000       0.0000      -906.61       385.86       133.77     -4.67376E-24   379.84       243.21       0.0000       227.51      -510.00    
  4688.074515       1.0000       0.0000      -907.60       385.37       133.77     -4.42556E-23   381.52       243.22       0.0000       227.51      -511.42    
  4688.149031       1.0000       0.0000      -909.20       384.28       133.77     -1.23419E-22   384.59       243.23       0.0000       227.51      -513.94    
  4688.149031       1.0000       0.0000      -909.20       384.28       133.77      3.49081E-23   384.59       243.23       0.0000       227.51      -513.94    
  4688.178837       1.0000       0.0000      -909.75       383.80       133.77      3.49081E-23   385.75       243.23       0.0000       227.51      -514.89    
  4688.208643       1.0000       0.0000      -910.22       383.29       133.77      3.49081E-23   386.86       243.24       0.0000       227.52      -515.77    
  4688.268256       1.0000       0.0000      -910.92       382.19       133.77      3.49081E-23   388.88       243.25       0.0000       227.52      -517.34    
  4688.387480       1.0000       0.0000      -911.40       379.70       133.77     -2.07523E-17   392.24       243.28       0.0000       227.52      -519.76    
  4688.387480       1.0000       0.0000      -911.40       379.70       133.77      3.49081E-23   392.24       243.28       0.0000       227.52      -519.75    
  4688.435170       1.0000       0.0000      -891.76       359.63       133.77      3.49081E-23   390.44       243.48       0.0000       227.53      -520.43    
  4688.482860       1.0000       0.0000      -890.95       358.61       133.77      3.49081E-23   390.86       243.49       0.0000       227.53      -521.00    
  4688.578240       1.0000       0.0000      -888.96       356.40       133.77      3.49081E-23   391.41       243.51       0.0000       227.53      -521.77    
  4688.768999       1.0000       0.0000      -883.88       351.36       133.77      3.49081E-23   391.92       243.56       0.0000       227.54      -522.24    
  4689.000000       1.0000       0.0000      -875.78       344.25       133.77      3.49081E-23   391.36       243.63       0.0000       227.55      -521.62    
  4689.000000       1.0000       0.0000      -875.78       344.25       133.77      3.49081E-23   391.36       243.63       0.0000       227.55      -521.62    
  4689.024840       1.0000       0.0000      -874.85       343.48       133.77      3.49081E-23   391.23       243.64       0.0000       227.55      -521.40    
  4689.049681       1.0000       0.0000      -873.89       342.69       133.77      3.49081E-23   391.09       243.64       0.0000       227.55      -521.13    
  4689.099362       1.0000       0.0000      -871.84       341.08       133.77      3.49081E-23   390.70       243.66       0.0000       227.56      -520.63    
  4689.099362       1.0000       0.0000      -871.84       341.08       133.77      3.49081E-23   390.70       243.66       0.0000       227.56      -520.63    
  4689.119234       1.0000       0.0000      -871.00       340.42       133.77      3.49081E-23   390.53       243.67       0.0000       227.56      -519.02    
  4689.139107       1.0000       0.0000      -870.13       339.76       133.77      3.49081E-23   390.34       243.67       0.0000       227.56      -518.45    
  4689.178851       1.0000       0.0000      -868.30       338.40       133.77      3.49081E-23   389.88       243.68       0.0000       227.56      -517.45    
  4689.258341       1.0000       0.0000      -864.34       335.61       133.77      3.49081E-23   388.73       243.71       0.0000       227.56      -515.66    
  4689.417320       1.0000       0.0000      -855.21       329.70       133.77     -5.18804E-18   385.39       243.76       0.0000       227.57      -512.44    
  4689.676495       1.0000       0.0000      -837.35       319.21       133.77     -1.36459E-17   377.72       243.85       0.0000       227.58      -507.44    
  4690.000000       1.0000       0.0000      -810.76       304.78       133.77      1.47233E-20   364.82       243.97       0.0000       227.59      -501.66    
  4690.000000       1.0000       0.0000      -810.76       304.78       133.77     -1.17942E-24   364.82       243.97       0.0000       227.59      -501.66    
  4690.127183       1.0000       0.0000      -798.90       298.77       133.77     -1.17942E-24   358.51       244.02       0.0000       227.59      -499.09    
  4690.254366       1.0000       0.0000      -786.17       292.75       133.77     -1.17942E-24   351.26       244.07       0.0000       227.59      -496.68    
  4690.508733       1.0000       0.0000      -757.71       280.37       133.77     -1.17942E-24   333.97       244.16       0.0000       227.60      -492.34    
  4690.888597       1.0000       0.0000      -710.49       261.28       133.77     -1.17942E-24   303.84       244.30       0.0000       227.61      -486.67    
  4690.888597       1.0000       0.0000      -710.49       261.28       133.77     -1.17942E-24   303.84       244.30       0.0000       227.61      -486.67    
  4690.944298       1.0000       0.0000      -703.42       258.44       133.77     -1.17942E-24   299.31       244.32       0.0000       227.61      -485.85    
  4691.000000       1.0000       0.0000      -696.25       255.60       133.77     -1.17942E-24   294.68       244.33       0.0000       227.61      -485.05    
  4691.000000       1.0000       0.0000      -696.25       255.60       133.77     -1.17942E-24   294.68       244.33       0.0000       227.61      -485.05    
  4691.044561       1.0000       0.0000      -690.44       253.32       133.77     -1.17942E-24   290.88       244.35       0.0000       227.61      -484.37    
  4691.089123       1.0000       0.0000      -684.54       251.05       133.77     -1.17942E-24   287.00       244.36       0.0000       227.61      -483.70    
  4691.178245       1.0000       0.0000      -671.41       245.27       133.77     -1.17942E-24   279.05       244.40       0.0000       227.61      -482.42    
  4691.356490       1.0000       0.0000      -644.93       233.71       133.77     -1.17942E-24   263.12       244.47       0.0000       227.61      -480.06    
  4691.712980       1.0000       0.0000      -594.31       215.42       133.77     -1.17942E-24   228.61       244.57       0.0000       227.62      -475.88    
  4692.000000       1.0000       0.0000      -554.82       205.77       133.77     -1.03762E-17   196.57       244.62       0.0000       227.62      -472.67    
  4692.000000       1.0000       0.0000      -554.82       205.77       133.77     -1.17942E-24   196.57       244.62       0.0000       227.62      -472.67    
  4692.285192       1.0000       0.0000      -884.69       574.74       133.77     -1.17942E-24   181.71       240.63       0.0000       227.62      -474.29    
  4692.570384       1.0000       0.0000      -869.07       573.05       133.77     -1.17942E-24   165.43       240.65       0.0000       227.63      -475.00    
  4693.000000       1.0000       0.0000      -853.64       568.26       133.77     -1.17942E-24   157.58       240.73       0.0000       227.63      -476.47    
  4693.000000       1.0000       0.0000      -853.64       568.26       133.77     -1.17942E-24   157.58       240.73       0.0000       227.63      -476.47    
  4693.228154       1.0000       0.0000      -845.23       564.56       133.77     -1.17942E-24   154.69       240.80       0.0000       227.63      -477.03    
  4693.456307       1.0000       0.0000      -836.47       560.02       133.77     -1.17942E-24   152.31       240.87       0.0000       227.63      -477.83    
  4693.912615       1.0000       0.0000      -816.76       548.29       133.77     -1.17942E-24   147.74       241.06       0.0000       227.64      -479.82    
  4694.000000       1.0000       0.0000      -812.57       545.62       133.77     -1.17942E-24   146.83       241.10       0.0000       227.64      -480.21    
  4694.000000       1.0000       0.0000      -812.57       545.62       133.77     -1.17942E-24   146.83       241.10       0.0000       227.64      -480.21    
  4694.365046       1.0000       0.0000      -789.57       532.94       133.77     -1.17942E-24   138.54       241.30       0.0000       227.64      -481.16    
  4694.730092       1.0000       0.0000      -761.68       517.72       133.77     -1.17942E-24   127.50       241.53       0.0000       227.64      -481.73    
  4695.000000       1.0000       0.0000      -738.69       504.80       133.77     -1.17942E-24   118.57       241.72       0.0000       227.64      -482.07    
  4695.000000       1.0000       0.0000      -738.69       504.80       133.77     -1.17942E-24   118.57       241.72       0.0000       227.64      -482.10    
  4695.292037       1.0000       0.0000      -710.85       489.20       133.77     -1.17942E-24   107.37       241.94       0.0000       227.64      -482.42    
  4695.584073       1.0000       0.0000      -680.57       471.90       133.77     -1.17942E-24   95.266       242.18       0.0000       227.64      -482.72    
  4696.000000       1.0000       0.0000      -607.88       425.44       131.91     -1.17942E-24   74.300       239.40       0.0000       224.47      -482.23    
  4696.000000       1.0000       0.0000      -607.88       425.44       131.91     -1.17942E-24   74.300       239.40       0.0000       224.47      -482.29    
  4696.026105       1.0000       0.0000      -603.19       423.67       131.18     -1.17942E-24   73.095       238.10       0.0000       223.24      -482.18    
  4696.052211       1.0000       0.0000      -598.32       421.89       130.46     -1.17942E-24   71.888       236.80       0.0000       222.00      -482.03    
  4696.104422       1.0000       0.0000      -588.06       418.29       129.00      1.01318E-20   69.465       234.20       0.0000       219.52      -481.60    
  4696.104422       1.0000       0.0000      -588.06       418.29       129.00     -1.17942E-24   69.465       234.20       0.0000       219.52      -481.59    
  4696.125306       1.0000       0.0000      -583.88       416.84       128.42     -1.01341E-20   68.495       233.16       0.0000       218.53      -481.41    
  4696.146190       1.0000       0.0000      -579.63       415.38       127.84     -2.02671E-20   67.522       232.12       0.0000       217.54      -481.20    
  4696.187959       1.0000       0.0000      -570.93       412.44       126.67     -1.17942E-24   65.562       230.04       0.0000       215.56      -480.75    
  4696.271496       1.0000       0.0000      -549.92       406.50       123.02      4.05307E-20   61.702       223.47       0.0000       209.34      -479.48    
  4696.438571       1.0000       0.0000      -501.85       394.32       114.54      1.21594E-19   53.922       208.19       0.0000       194.91      -475.72    
  4696.772720       1.0000       0.0000      -376.53       368.83       89.603      2.83722E-19   38.699       163.05       0.0000       152.48      -462.54    
  4697.000000       1.0000       0.0000      -271.48       350.66       66.885      6.97420E-20   28.726       121.80       0.0000       113.82      -450.31    
  4697.000000       1.0000       0.0000      -271.48       350.66       66.885      3.94495E-22   28.726       121.80       0.0000       113.82      -450.34    
  4697.005484       1.0000       0.0000      -268.90       350.21       66.325      3.94495E-22   28.487       120.79       0.0000       112.87      -450.03    
  4697.010968       1.0000       0.0000      -266.32       349.77       65.764      7.78400E-23   28.242       119.77       0.0000       111.91      -449.70    
  4697.015390       1.0000       0.0000      -264.23       349.40       65.312     -1.77503E-22   28.043       118.95       0.0000       111.14      -449.43    
  4697.020624       1.0000       0.0000      -261.74       348.97       64.778     -4.79718E-22   27.807       117.97       0.0000       110.23      -449.10    
  4697.026095       1.0000       0.0000      -259.15       348.53       64.219     -7.95586E-22   27.559       116.96       0.0000       109.28      -448.76    
  4697.032691       1.0000       0.0000      -256.00       347.98       63.544     -1.17648E-21   27.260       115.73       0.0000       108.13      -448.34    
  4697.040669       1.0000       0.0000      -252.19       347.33       62.729     -1.63713E-21   26.897       114.25       0.0000       106.75      -447.84    
  4697.051837       1.0000       0.0000      -246.83       346.41       61.588     -2.28199E-21   26.385       112.18       0.0000       104.81      -447.13    
  4697.066336       1.0000       0.0000      -239.83       345.21       60.106     -3.11918E-21   25.714       109.48       0.0000       102.28      -446.19    
  4697.083964       1.0000       0.0000      -231.28       343.76       58.305     -3.28392E-19   24.889       106.21       0.0000       99.219      -445.04    
  4697.099858       1.0000       0.0000      -223.53       342.44       56.681     -1.36751E-20   24.136       103.26       0.0000       96.455      -443.99    
  4697.117901       1.0000       0.0000      -214.69       340.93       54.837      1.93608E-20   23.270       99.904       0.0000       93.318      -442.78    
  4697.136382       1.0000       0.0000      -205.60       339.39       52.949      1.26660E-20   22.370       96.469       0.0000       90.104      -441.54    
  4697.157403       1.0000       0.0000      -195.21       337.63       50.801      5.05112E-21   21.331       92.562       0.0000       86.449      -440.10    
  4697.180516       1.0000       0.0000      -183.73       335.68       48.439     -3.32128E-21   20.170       88.265       0.0000       82.430      -438.51    
  4697.207166       1.0000       0.0000      -170.70       333.43       45.849     -7.13289E-27   18.797       83.553       0.0000       78.022      -436.63    
  4697.237854       1.0000       0.0000      -156.49       330.80       43.283     -5.17773E-24   17.156       78.885       0.0000       73.656      -434.49    
  4697.274264       1.0000       0.0000      -139.79       327.67       40.239     -1.13124E-23   15.170       73.346       0.0000       68.476      -431.97    
  4697.318177       1.0000       0.0000      -119.89       323.87       36.568     -1.87113E-23   12.727       66.663       0.0000       62.228      -428.94    
  4697.372883       1.0000       0.0000      -95.285       319.09       31.994     -2.79288E-23   9.6240       58.335       0.0000       54.445      -425.16    
  4697.443486       1.0000       0.0000      -65.462       312.84       26.899     -3.98247E-23   5.4889       49.056       0.0000       45.775      -420.37    
  4697.539417       1.0000       0.0000      -27.212       304.21       20.661     -5.59882E-23 -0.36520       37.691       0.0000       35.160      -414.04    
  4697.679040       1.0000       0.0000       23.611       291.38       13.050     -7.95134E-23  -9.3798       23.817       0.0000       22.208      -405.36    
  4697.810017       1.0000       0.0000       66.917       279.09       7.1525      1.03761E-17  -17.448       13.058       0.0000       12.172      -395.87    
  4697.810017       1.0000       0.0000       66.917       279.09       7.1525     -1.01582E-22  -17.448       13.058       0.0000       12.172      -395.87    
  4697.813554       1.0000       0.0000       67.988       278.75       7.0539     -1.01582E-22  -17.655       12.879       0.0000       12.004      -396.56    
  4697.817092       1.0000       0.0000       69.054       278.41       6.9553     -6.19997E-23  -17.862       12.699       0.0000       11.836      -396.33    
  4697.824168       1.0000       0.0000       71.166       277.74       6.7581      1.71640E-23  -18.277       12.339       0.0000       11.501      -395.75    
  4697.838319       1.0000       0.0000       75.351       276.38       6.3638      1.75492E-22  -19.110       11.619       0.0000       10.830      -394.57    
  4697.866621       1.0000       0.0000       83.419       273.67       5.5750      4.92147E-22  -20.791       10.180       0.0000       9.4874      -392.28    
  4697.923225       1.0000       0.0000       98.960       268.22       3.9975      1.12546E-21  -24.189       7.3006       0.0000       6.8029      -387.88    
  4698.000000       1.0000       0.0000       119.37       260.77       1.8579      1.98445E-21  -28.847       3.3938       0.0000       3.1618      -382.18    
  4698.000000       1.0000       0.0000       119.37       260.77       1.8579     -7.38093E-23  -28.847       3.3938       0.0000       3.1618      -382.16    
  4698.045283       1.0000       0.0000       129.42       256.32       1.4373     -7.38093E-23  -31.605       2.6257       0.0000       2.4459      -379.47    
  4698.090567       1.0000       0.0000       138.99       251.84       1.0166      4.99267E-21  -34.329       1.8574       0.0000       1.7300      -376.97    
  4698.181133       1.0000       0.0000       156.98       242.82      0.17527      1.51256E-20  -39.632      0.32030       0.0000      0.29826      -372.31    
  4698.362266       1.0000       0.0000       186.87       224.49       0.0000      1.04115E-17  -49.872       0.0000       0.0000       0.0000      -364.38    
  4698.643955       1.0000       0.0000       242.84       183.46       0.0000     -5.64297E-17  -67.496       0.0000       0.0000       0.0000      -353.73    
  4698.983799       1.0000       0.0000       293.46       149.32       0.0000      4.13586E-19  -87.353       0.0000       0.0000       0.0000      -342.38    
  4698.983799       1.0000       0.0000       293.46       149.32       0.0000      3.20073E-21  -87.353       0.0000       0.0000       0.0000      -342.37    
  4698.991899       1.0000       0.0000       294.67       148.51       0.0000      2.34667E-20  -87.825       0.0000       0.0000       0.0000      -342.08    
  4699.000000       1.0000       0.0000       295.88       147.69       0.0000     -2.55031E-18  -88.297       0.0000       0.0000       0.0000      -341.79    
  4699.000000       1.0000       0.0000       295.88       147.69       0.0000     -2.49994E-21  -88.297       0.0000       0.0000       0.0000      -341.79    
  4699.006480       1.0000       0.0000       296.84       147.04       0.0000      2.56654E-21  -88.674       0.0000       0.0000       0.0000      -341.56    
  4699.012961       1.0000       0.0000       297.80       146.38       0.0000     -6.00014E-22  -89.047       0.0000       0.0000       0.0000      -341.39    
  4699.025922       1.0000       0.0000       299.72       145.08       0.0000      3.37156E-17  -89.790       0.0000       0.0000       0.0000      -341.05    
  4699.051844       1.0000       0.0000       303.54       142.46       0.0000      7.76252E-18  -91.266       0.0000       0.0000       0.0000      -340.38    
  4699.103687       1.0000       0.0000       311.11       137.24       0.0000     -5.23301E-18  -94.161       0.0000       0.0000       0.0000      -339.06    
  4699.207374       1.0000       0.0000       326.02       126.81       0.0000     -2.68963E-18  -99.764       0.0000       0.0000       0.0000      -336.52    
  4699.414749       1.0000       0.0000       355.10       106.07       0.0000      1.10009E-18  -110.48       0.0000       0.0000       0.0000      -331.64    
  4699.798068       1.0000       0.0000       406.52       68.968       0.0000     -7.45905E-18  -129.45       0.0000       0.0000       0.0000      -323.01    
  4700.000000       1.0000       0.0000       432.07       50.769       0.0000     -2.94824E-19  -139.23       0.0000       0.0000       0.0000      -318.28    
  4700.000000       1.0000       0.0000       432.07       50.769       0.0000      1.56559E-21  -139.23       0.0000       0.0000       0.0000      -318.27    
  4700.165899       1.0000       0.0000       451.61       37.077       0.0000     -2.37668E-20  -147.03       0.0000       0.0000       0.0000      -314.33    
  4700.331799       1.0000       0.0000       469.18       25.095       0.0000     -3.69729E-25  -154.52       0.0000       0.0000       0.0000      -310.38    
  4700.663598       1.0000       0.0000       504.84       0.0000       0.0000     -3.35312E-20  -169.23       0.0000       0.0000       0.0000      -302.54    
  4701.000000       1.0000       0.0000       513.37       0.0000       0.0000      1.22949E-18  -180.18       0.0000       0.0000       0.0000      -294.66    
  4701.000000       1.0000       0.0000       513.37       0.0000       0.0000     -2.29622E-21  -180.18       0.0000       0.0000       0.0000      -294.66    
  4701.265439       1.0000       0.0000       518.23       0.0000       0.0000      1.19299E-19  -187.13       0.0000       0.0000       0.0000      -291.40    
  4701.530878       1.0000       0.0000       521.97       0.0000       0.0000     -8.33599E-20  -193.00       0.0000       0.0000       0.0000      -287.80    
  4701.842919       1.0000       0.0000       525.59       0.0000       0.0000      9.75420E-19  -199.25       0.0000       0.0000       0.0000      -283.05    
  4701.842919       1.0000       0.0000       525.59       0.0000       0.0000     -1.70811E-27  -199.25       0.0000       0.0000       0.0000      -283.05    
  4701.921460       1.0000       0.0000       526.47       0.0000       0.0000      7.29573E-19  -200.81       0.0000       0.0000       0.0000      -281.69    
  4702.000000       1.0000       0.0000       527.32       0.0000       0.0000     -1.62127E-19  -202.34       0.0000       0.0000       0.0000      -280.30    
  4702.000000       1.0000       0.0000       527.32       0.0000       0.0000     -2.84993E-21  -202.34       0.0000       0.0000       0.0000      -280.30    
  4702.062832       1.0000       0.0000       527.98       0.0000       0.0000      4.02469E-19  -203.56       0.0000       0.0000       0.0000      -279.16    
  4702.125665       1.0000       0.0000       528.64       0.0000       0.0000     -2.31159E-20  -204.78       0.0000       0.0000       0.0000      -277.99    
  4702.251329       1.0000       0.0000       529.92       0.0000       0.0000      9.50187E-18  -207.19       0.0000       0.0000       0.0000      -275.62    
  4702.320977       1.0000       0.0000       530.62       0.0000       0.0000     -7.83291E-19  -208.52       0.0000       0.0000       0.0000      -274.25    
  4702.320977       1.0000       0.0000       530.62       0.0000       0.0000      9.49941E-22  -208.52       0.0000       0.0000       0.0000      -277.86    
  4702.421509       1.0000       0.0000       531.94       0.0000       0.0000      3.16630E-22  -210.42       0.0000       0.0000       0.0000      -281.26    
  4702.522040       1.0000       0.0000       533.13       0.0000       0.0000     -1.62444E-19  -212.33       0.0000       0.0000       0.0000      -285.22    
  4702.648061       1.0000       0.0000       534.54       0.0000       0.0000      8.44744E-21  -214.71       0.0000       0.0000       0.0000      -289.51    
  4702.806394       1.0000       0.0000       536.23       0.0000       0.0000      2.09755E-17  -217.70       0.0000       0.0000       0.0000      -293.96    
  4703.000000       1.0000       0.0000       538.23       0.0000       0.0000     -1.80405E-19  -221.36       0.0000       0.0000       0.0000      -298.21    
