#      time         order        air_age      relhum       xco2vol   
  4679.000000       1.0000      0.98254      0.61556       400.73    
  4679.400000       1.0000      0.98262      0.62161       400.52    
  4679.800000       1.0000      0.98267      0.62672       400.37    
  4680.000000       1.0000      0.98270      0.62909       400.31    
  4680.000000       1.0000      0.98270      0.62909       400.31    
  4680.002746       1.0000      0.98270      0.62912       400.31    
  4680.005491       1.0000      0.98270      0.62916       400.30    
  4680.007168       1.0000      0.98270      0.62918       400.30    
  4680.007168       1.0000      0.98270      0.62918       400.30    
  4680.009364       1.0000      0.98270      0.62920       400.30    
  4680.011560       1.0000      0.98270      0.62923       400.30    
  4680.015953       1.0000      0.98270      0.62928       400.30    
  4680.024739       1.0000      0.98270      0.62938       400.30    
  4680.042311       1.0000      0.98270      0.62959       400.29    
  4680.077454       1.0000      0.98271      0.62999       400.28    
  4680.147740       1.0000      0.98271      0.63077       400.26    
  4680.288312       1.0000      0.98273      0.63228       400.23    
  4680.569457       1.0000      0.98271      0.63360       400.18    
  4680.677689       1.0000      0.98270      0.63389       400.16    
  4680.677689       1.0000      0.98270      0.63389       400.16    
  4680.726387       1.0000      0.98270      0.63397       400.15    
  4680.775084       1.0000      0.98269      0.63400       400.15    
  4680.872480       1.0000      0.98267      0.63392       400.13    
  4681.000000       1.0000      0.98264      0.63363       400.12    
  4681.000000       1.0000      0.98264      0.63363       400.12    
  4681.077916       1.0000      0.98262      0.63336       400.11    
  4681.155832       1.0000      0.98260      0.63304       400.10    
  4681.311665       1.0000      0.98256      0.63226       400.09    
  4681.623329       1.0000      0.98246      0.63031       400.06    
  4682.000000       1.0000      0.98233      0.62732       400.05    
  4682.000000       1.0000      0.98233      0.62732       400.05    
  4682.249332       1.0000      0.98225      0.62517       400.04    
  4682.498664       1.0000      0.98215      0.62290       400.03    
  4682.997327       1.0000      0.98196      0.61803       400.02    
  4683.000000       1.0000      0.98196      0.61800       400.02    
  4683.000000       1.0000      0.98196      0.61800       400.02    
  4683.398931       1.0000      0.98182      0.61456       400.01    
  4683.797862       1.0000      0.98169      0.60809       400.01    
  4684.000000       1.0000      0.98163      0.60343       400.01    
  4684.000000       1.0000      0.98163      0.60343       400.01    
  4684.006383       1.0000      0.98163      0.60328       400.01    
  4684.012766       1.0000      0.98162      0.60313       400.01    
  4684.023176       1.0000      0.98162      0.60288       400.01    
  4684.035077       1.0000      0.98162      0.60283       400.01    
  4684.052703       1.0000      0.98161      0.60274       400.01    
  4684.076841       1.0000      0.98160      0.60258       400.01    
  4684.097822       1.0000      0.98160      0.60244       400.01    
  4684.120551       1.0000      0.98159      0.60225       400.01    
  4684.139473       1.0000      0.98159      0.60209       400.01    
  4684.158205       1.0000      0.98158      0.60191       400.01    
  4684.175485       1.0000      0.98158      0.60173       400.01    
  4684.192669       1.0000      0.98158      0.60154       400.01    
  4684.209402       1.0000      0.98157      0.60134       400.01    
  4684.226201       1.0000      0.98157      0.60114       400.01    
  4684.243406       1.0000      0.98157      0.60092       400.01    
  4684.262049       1.0000      0.98156      0.60068       400.01    
  4684.282280       1.0000      0.98156      0.60042       400.01    
  4684.304645       1.0000      0.98155      0.60012       400.01    
  4684.329681       1.0000      0.98155      0.59979       400.01    
  4684.358057       1.0000      0.98155      0.59942       400.01    
  4684.390755       1.0000      0.98154      0.59900       400.01    
  4684.429120       1.0000      0.98154      0.59853       400.01    
  4684.475262       1.0000      0.98153      0.59801       400.01    
  4684.532385       1.0000      0.98153      0.59744       400.00    
  4684.606075       1.0000      0.98152      0.59688       400.00    
  4684.606075       1.0000      0.98152      0.59688       400.00    
  4684.614403       1.0000      0.98152      0.59682       400.00    
  4684.622731       1.0000      0.98152      0.59676       400.00    
  4684.639386       1.0000      0.98152      0.59666       400.00    
  4684.672697       1.0000      0.98152      0.59648       400.00    
  4684.739319       1.0000      0.98152      0.59622       400.00    
  4684.872564       1.0000      0.98152      0.59604       400.11    
  4685.000000       1.0000      0.98153      0.59617       400.39    
  4685.000000       1.0000      0.98153      0.59617       400.39    
  4685.106596       1.0000      0.98154      0.59663       400.99    
  4685.213191       1.0000      0.98156      0.59748       401.95    
  4685.426382       1.0000      0.98163      0.60014       406.03    
  4685.829970       1.0000      0.98184      0.60771       423.70    
  4686.000000       1.0000      0.98194      0.61109       433.51    
  4686.000000       1.0000      0.98194      0.61109       433.51    
  4686.034111       1.0000      0.98197      0.61183       435.57    
  4686.068221       1.0000      0.98199      0.61264       437.71    
  4686.102458       1.0000      0.98202      0.61353       439.96    
  4686.113461       1.0000      0.98202      0.61382       440.68    
  4686.135467       1.0000      0.98204      0.61439       442.18    
  4686.173404       1.0000      0.98207      0.61531       444.85    
  4686.185629       1.0000      0.98208      0.61561       445.72    
  4686.210081       1.0000      0.98210      0.61618       447.50    
  4686.258985       1.0000      0.98213      0.61729       451.14    
  4686.278546       1.0000      0.98214      0.61772       452.62    
  4686.317669       1.0000      0.98217      0.61857       455.62    
  4686.333318       1.0000      0.98218      0.61890       456.83    
  4686.364616       1.0000      0.98220      0.61954       459.28    
  4686.377136       1.0000      0.98221      0.61980       460.26    
  4686.402174       1.0000      0.98222      0.62029       462.26    
  4686.452251       1.0000      0.98225      0.62127       466.26    
  4686.472282       1.0000      0.98226      0.62166       467.87    
  4686.512344       1.0000      0.98228      0.62241       471.09    
  4686.528369       1.0000      0.98229      0.62271       472.38    
  4686.560418       1.0000      0.98231      0.62330       474.97    
  4686.573238       1.0000      0.98231      0.62353       476.01    
  4686.598878       1.0000      0.98233      0.62399       478.08    
  4686.650157       1.0000      0.98235      0.62490       482.19    
  4686.752715       1.0000      0.98239      0.62664       490.25    
  4686.957831       1.0000      0.98247      0.62887       505.10    
  4686.958056       1.0000      0.98247      0.62887       505.12    
  4686.958056       1.0000      0.98247      0.62887       505.12    
  4686.965333       1.0000      0.98247      0.62889       505.64    
  4686.972610       1.0000      0.98247      0.62890       506.17    
  4686.987164       1.0000      0.98247      0.62893       507.21    
  4687.000000       1.0000      0.98248      0.62896       508.12    
  4687.000000       1.0000      0.98248      0.62896       508.12    
  4687.011643       1.0000      0.98248      0.62898       508.94    
  4687.023286       1.0000      0.98248      0.62899       509.75    
  4687.046572       1.0000      0.98248      0.62901       511.34    
  4687.093144       1.0000      0.98248      0.62898       514.40    
  4687.111044       1.0000      0.98248      0.62895       515.56    
  4687.118204       1.0000      0.98248      0.62894       516.02    
  4687.132525       1.0000      0.98248      0.62891       516.94    
  4687.138253       1.0000      0.98248      0.62890       517.30    
  4687.149709       1.0000      0.98247      0.62886       518.02    
  4687.172621       1.0000      0.98247      0.62878       519.43    
  4687.218445       1.0000      0.98246      0.62852       522.14    
  4687.266413       1.0000      0.98245      0.62817       524.85    
  4687.325406       1.0000      0.98244      0.62760       527.99    
  4687.389614       1.0000      0.98241      0.62684       531.20    
  4687.468798       1.0000      0.98238      0.62567       534.86    
  4687.575177       1.0000      0.98233      0.62374       539.29    
  4687.699872       1.0000      0.98227      0.62103       543.90    
  4687.853224       1.0000      0.98218      0.61714       548.80    
  4687.986302       1.0000      0.98209      0.61344       552.54    
  4688.000000       1.0000      0.98208      0.61306       552.92    
  4688.000000       1.0000      0.98208      0.61306       552.92    
  4688.037258       1.0000      0.98206      0.61200       553.91    
  4688.074515       1.0000      0.98204      0.61091       554.87    
  4688.149031       1.0000      0.98199      0.60868       556.65    
  4688.149031       1.0000      0.98199      0.60868       556.65    
  4688.178837       1.0000      0.98196      0.60778       557.35    
  4688.208643       1.0000      0.98194      0.60688       558.02    
  4688.268256       1.0000      0.98190      0.60505       559.28    
  4688.387480       1.0000      0.98182      0.60136       561.56    
  4688.387480       1.0000      0.98182      0.60136       561.56    
  4688.435170       1.0000      0.98179      0.59983       562.42    
  4688.482860       1.0000      0.98175      0.59831       563.24    
  4688.578240       1.0000      0.98169      0.59526       564.73    
  4688.768999       1.0000      0.98156      0.58920       567.23    
  4689.000000       1.0000      0.98140      0.58193       569.66    
  4689.000000       1.0000      0.98140      0.58193       569.66    
  4689.024840       1.0000      0.98139      0.58115       569.92    
  4689.049681       1.0000      0.98137      0.58037       570.17    
  4689.099362       1.0000      0.98134      0.57883       570.64    
  4689.099362       1.0000      0.98134      0.57883       570.64    
  4689.119234       1.0000      0.98132      0.57823       570.83    
  4689.139107       1.0000      0.98131      0.57763       571.01    
  4689.178851       1.0000      0.98129      0.57645       571.36    
  4689.258341       1.0000      0.98124      0.57414       572.01    
  4689.417320       1.0000      0.98115      0.56975       573.12    
  4689.676495       1.0000      0.98102      0.56311       574.57    
  4690.000000       1.0000      0.98088      0.55554       575.90    
  4690.000000       1.0000      0.98088      0.55554       575.90    
  4690.127183       1.0000      0.98083      0.55271       576.36    
  4690.254366       1.0000      0.98078      0.55002       576.78    
  4690.508733       1.0000      0.98070      0.54508       577.43    
  4690.888597       1.0000      0.98059      0.53847       578.12    
  4690.888597       1.0000      0.98059      0.53847       578.12    
  4690.944298       1.0000      0.98058      0.53752       578.22    
  4691.000000       1.0000      0.98056      0.53659       578.31    
  4691.000000       1.0000      0.98056      0.53659       578.31    
  4691.044561       1.0000      0.98055      0.53585       578.38    
  4691.089123       1.0000      0.98054      0.53513       578.45    
  4691.178245       1.0000      0.98052      0.53372       578.57    
  4691.356490       1.0000      0.98048      0.53104       578.78    
  4691.712980       1.0000      0.98041      0.52615       579.08    
  4692.000000       1.0000      0.98036      0.52246       579.26    
  4692.000000       1.0000      0.98036      0.52246       579.26    
  4692.285192       1.0000      0.98032      0.51912       579.41    
  4692.570384       1.0000      0.98028      0.51601       579.52    
  4693.000000       1.0000      0.98023      0.51173       579.63    
  4693.000000       1.0000      0.98023      0.51173       579.63    
  4693.228154       1.0000      0.98021      0.50966       579.68    
  4693.456307       1.0000      0.98019      0.50775       579.72    
  4693.912615       1.0000      0.98016      0.50446       579.77    
  4694.000000       1.0000      0.98015      0.50385       579.78    
  4694.000000       1.0000      0.98015      0.50385       579.78    
  4694.365046       1.0000      0.98014      0.50184       579.81    
  4694.730092       1.0000      0.98013      0.50034       579.83    
  4695.000000       1.0000      0.98013      0.49950       579.84    
  4695.000000       1.0000      0.98013      0.49950       579.84    
  4695.292037       1.0000      0.98013      0.49891       579.85    
  4695.584073       1.0000      0.98014      0.49858       579.86    
  4696.000000       1.0000      0.98016      0.49888       579.13    
  4696.000000       1.0000      0.98016      0.49888       579.13    
  4696.026105       1.0000      0.98016      0.49891       579.06    
  4696.052211       1.0000      0.98016      0.49895       578.96    
  4696.104422       1.0000      0.98017      0.49906       578.69    
  4696.104422       1.0000      0.98017      0.49906       578.69    
  4696.125306       1.0000      0.98017      0.49911       578.56    
  4696.146190       1.0000      0.98017      0.49916       578.42    
  4696.187959       1.0000      0.98017      0.49927       578.10    
  4696.271496       1.0000      0.98018      0.49958       577.12    
  4696.438571       1.0000      0.98019      0.50036       573.76    
  4696.772720       1.0000      0.98022      0.50257       560.24    
  4697.000000       1.0000      0.98024      0.50443       547.02    
  4697.000000       1.0000      0.98024      0.50443       547.02    
  4697.005484       1.0000      0.98024      0.50447       546.69    
  4697.010968       1.0000      0.98024      0.50452       546.37    
  4697.015390       1.0000      0.98024      0.50455       546.11    
  4697.020624       1.0000      0.98024      0.50460       545.79    
  4697.026095       1.0000      0.98024      0.50464       545.46    
  4697.032691       1.0000      0.98024      0.50470       545.06    
  4697.040669       1.0000      0.98025      0.50476       544.57    
  4697.051837       1.0000      0.98025      0.50486       543.88    
  4697.066336       1.0000      0.98025      0.50498       542.96    
  4697.083964       1.0000      0.98025      0.50512       541.82    
  4697.099858       1.0000      0.98025      0.50525       540.77    
  4697.117901       1.0000      0.98025      0.50540       539.56    
  4697.136382       1.0000      0.98026      0.50555       538.30    
  4697.157403       1.0000      0.98026      0.50572       536.83    
  4697.180516       1.0000      0.98026      0.50591       535.18    
  4697.207166       1.0000      0.98026      0.50639       533.23    
  4697.237854       1.0000      0.98027      0.50691       530.96    
  4697.274264       1.0000      0.98027      0.50745       528.21    
  4697.318177       1.0000      0.98028      0.50801       524.82    
  4697.372883       1.0000      0.98029      0.50861       520.50    
  4697.443486       1.0000      0.98030      0.50923       514.83    
  4697.539417       1.0000      0.98031      0.50987       507.08    
  4697.679040       1.0000      0.98034      0.51058       495.92    
  4697.810017       1.0000      0.98036      0.51123       485.75    
  4697.810017       1.0000      0.98036      0.51123       485.75    
  4697.813554       1.0000      0.98036      0.51125       485.47    
  4697.817092       1.0000      0.98036      0.51127       485.20    
  4697.824168       1.0000      0.98037      0.51130       484.65    
  4697.838319       1.0000      0.98037      0.51136       483.57    
  4697.866621       1.0000      0.98037      0.51149       481.43    
  4697.923225       1.0000      0.98039      0.51175       477.28    
  4698.000000       1.0000      0.98040      0.51216       471.85    
  4698.000000       1.0000      0.98040      0.51216       471.85    
  4698.045283       1.0000      0.98042      0.51239       468.76    
  4698.090567       1.0000      0.98043      0.51262       465.79    
  4698.181133       1.0000      0.98045      0.51312       460.24    
  4698.362266       1.0000      0.98050      0.51430       450.85    
  4698.643955       1.0000      0.98059      0.51675       439.50    
  4698.983799       1.0000      0.98071      0.52042       429.34    
  4698.983799       1.0000      0.98071      0.52042       429.34    
  4698.991899       1.0000      0.98072      0.52051       429.10    
  4699.000000       1.0000      0.98072      0.52060       428.86    
  4699.000000       1.0000      0.98072      0.52060       428.86    
  4699.006480       1.0000      0.98072      0.52067       428.67    
  4699.012961       1.0000      0.98073      0.52074       428.48    
  4699.025922       1.0000      0.98073      0.52088       428.11    
  4699.051844       1.0000      0.98074      0.52117       427.38    
  4699.103687       1.0000      0.98076      0.52175       426.01    
  4699.207374       1.0000      0.98080      0.52295       423.52    
  4699.414749       1.0000      0.98088      0.52554       419.42    
  4699.798068       1.0000      0.98103      0.53214       413.96    
  4700.000000       1.0000      0.98111      0.53485       411.58    
  4700.000000       1.0000      0.98111      0.53485       411.58    
  4700.165899       1.0000      0.98119      0.53875       409.90    
  4700.331799       1.0000      0.98126      0.54339       408.47    
  4700.663598       1.0000      0.98142      0.55374       406.33    
  4701.000000       1.0000      0.98159      0.56372       404.72    
  4701.000000       1.0000      0.98159      0.56372       404.72    
  4701.265439       1.0000      0.98172      0.57124       403.71    
  4701.530878       1.0000      0.98186      0.57862       402.92    
  4701.842919       1.0000      0.98203      0.58731       402.22    
  4701.842919       1.0000      0.98203      0.58731       402.22    
  4701.921460       1.0000      0.98207      0.58951       402.05    
  4702.000000       1.0000      0.98211      0.59172       401.90    
  4702.000000       1.0000      0.98211      0.59172       401.90    
  4702.062832       1.0000      0.98215      0.59350       401.79    
  4702.125665       1.0000      0.98218      0.59529       401.68    
  4702.251329       1.0000      0.98225      0.59893       401.49    
  4702.320977       1.0000      0.98229      0.60096       401.39    
  4702.320977       1.0000      0.98229      0.60096       401.39    
  4702.421509       1.0000      0.98234      0.60364       401.26    
  4702.522040       1.0000      0.98238      0.60614       401.15    
  4702.648061       1.0000      0.98243      0.60902       401.02    
  4702.806394       1.0000      0.98249      0.61229       400.87    
  4703.000000       1.0000      0.98254      0.61586       400.73    
