#      time         order        q_cool       q_equip      q_heat       q_light      q_loss       q_occ        qintw        ql_a         qventil      qwcb         qwind     
  4679.000000       1.0000       0.0000       0.0000     -4.33372E-20   0.0000       0.0000       0.0000       275.24      -11.095      -267.99       150.88      -156.13    
  4679.400000       1.0000       0.0000       0.0000     -1.24401E-19   0.0000       0.0000       0.0000       278.83      -11.818      -264.55       150.32      -161.84    
  4679.800000       1.0000       0.0000       0.0000      4.43045E-19   0.0000       0.0000       0.0000       282.69      -12.501      -261.11       149.10      -167.26    
  4680.000000       1.0000       0.0000       0.0000      8.37360E-17   0.0000       0.0000       0.0000       284.70      -12.834      -259.38       148.35      -169.93    
  4680.000000       1.0000       0.0000       0.0000      2.02379E-18   0.0000       0.0000       0.0000       284.70      -12.831      -259.38       148.35      -169.92    
  4680.002746       1.0000       0.0000       0.0000     -7.07518E-22   0.0000       0.0000       0.0000       284.72      -12.836      -259.36       148.34      -169.96    
  4680.005491       1.0000       0.0000       0.0000     -3.22864E-19   0.0000       0.0000       0.0000       284.75      -12.840      -259.33       148.33      -170.00    
  4680.007168       1.0000       0.0000       0.0000      4.32927E-19   0.0000       0.0000       0.0000       284.77      -12.843      -259.32       148.33      -170.02    
  4680.007168       1.0000       0.0000       0.0000     -1.84075E-21   0.0000       0.0000       0.0000       284.77      -12.843      -259.32       148.33      -170.02    
  4680.009364       1.0000       0.0000       0.0000      2.15702E-21   0.0000       0.0000       0.0000       284.79      -12.845      -259.30       148.32      -170.05    
  4680.011560       1.0000       0.0000       0.0000     -1.17940E-18   0.0000       0.0000       0.0000       284.81      -12.848      -259.28       148.31      -170.08    
  4680.015953       1.0000       0.0000       0.0000     -7.05290E-19   0.0000       0.0000       0.0000       284.85      -12.852      -259.24       148.29      -170.13    
  4680.024739       1.0000       0.0000       0.0000     -2.73187E-17   0.0000       0.0000       0.0000       284.94      -12.862      -259.17       148.26      -170.24    
  4680.042311       1.0000       0.0000       0.0000     -3.64469E-17   0.0000       0.0000       0.0000       285.11      -12.881      -259.02       148.19      -170.47    
  4680.077454       1.0000       0.0000       0.0000      5.29492E-17   0.0000       0.0000       0.0000       285.45      -12.919      -258.72       148.04      -170.90    
  4680.147740       1.0000       0.0000       0.0000      8.72127E-19   0.0000       0.0000       0.0000       286.11      -12.994      -258.12       147.70      -171.71    
  4680.288312       1.0000       0.0000       0.0000      1.49637E-16   0.0000       0.0000       0.0000       287.38      -13.141      -256.92       146.92      -173.16    
  4680.569457       1.0000       0.0000       0.0000      1.84252E-20   0.0000       0.0000       0.0000       289.88      -13.620      -254.54       145.04      -175.69    
  4680.677689       1.0000       0.0000       0.0000      6.06494E-16   0.0000       0.0000       0.0000       290.89      -13.800      -253.61       144.33      -176.63    
  4680.677689       1.0000       0.0000       0.0000     -1.03461E-20   0.0000       0.0000       0.0000       290.89      -13.800      -253.61       144.33      -176.63    
  4680.726387       1.0000       0.0000       0.0000     -4.54991E-18   0.0000       0.0000       0.0000       291.31      -13.879      -253.20       143.98      -177.05    
  4680.775084       1.0000       0.0000       0.0000      1.46553E-16   0.0000       0.0000       0.0000       291.74      -13.957      -252.79       143.62      -177.47    
  4680.872480       1.0000       0.0000       0.0000      3.37122E-17   0.0000       0.0000       0.0000       292.63      -14.105      -251.96       142.91      -178.28    
  4681.000000       1.0000       0.0000       0.0000      5.91547E-16   0.0000       0.0000       0.0000       293.81      -14.291      -250.88       141.95      -179.34    
  4681.000000       1.0000       0.0000       0.0000     -6.70284E-18   0.0000       0.0000       0.0000       293.81      -14.291      -250.88       141.94      -179.34    
  4681.077916       1.0000       0.0000       0.0000     -1.22152E-17   0.0000       0.0000       0.0000       294.48      -14.365      -250.23       141.30      -179.95    
  4681.155832       1.0000       0.0000       0.0000     -3.49764E-16   0.0000       0.0000       0.0000       295.13      -14.433      -249.59       140.65      -180.52    
  4681.311665       1.0000       0.0000       0.0000      3.35048E-17   0.0000       0.0000       0.0000       296.42      -14.564      -248.29       139.26      -181.56    
  4681.623329       1.0000       0.0000       0.0000     -3.62086E-16   0.0000       0.0000       0.0000       298.99      -14.810      -245.72       136.37      -183.43    
  4682.000000       1.0000       0.0000       0.0000     -4.35698E-20   0.0000       0.0000       0.0000       301.95      -15.083      -242.65       132.74      -185.54    
  4682.000000       1.0000       0.0000       0.0000     -2.72132E-21   0.0000       0.0000       0.0000       301.95      -15.083      -242.65       132.74      -185.54    
  4682.249332       1.0000       0.0000       0.0000      1.39520E-21   0.0000       0.0000       0.0000       303.95      -15.257      -240.61       130.24      -186.91    
  4682.498664       1.0000       0.0000       0.0000     -6.42998E-19   0.0000       0.0000       0.0000       305.98      -15.426      -238.58       127.68      -188.26    
  4682.997327       1.0000       0.0000       0.0000     -8.49410E-17   0.0000       0.0000       0.0000       310.15      -15.747      -234.47       122.35      -190.95    
  4683.000000       1.0000       0.0000       0.0000     -2.38363E-18   0.0000       0.0000       0.0000       310.18      -15.749      -234.45       122.32      -190.96    
  4683.000000       1.0000       0.0000       0.0000     -7.33113E-20   0.0000       0.0000       0.0000       310.18      -15.749      -234.45       122.32      -190.96    
  4683.398931       1.0000       0.0000       0.0000     -3.12018E-17   0.0000       0.0000       0.0000       313.19      -15.828      -231.19       117.73      -192.49    
  4683.797862       1.0000       0.0000       0.0000     -7.33113E-20   0.0000       0.0000       0.0000       298.40      -15.933      -228.45       102.23      -163.48    
  4684.000000       1.0000       0.0000       0.0000      5.49456E-25   0.0000       0.0000       0.0000       290.91      -15.992      -227.15       94.302      -148.83    
  4684.000000       1.0000       0.0000       0.0000     -6.32761E-22   0.0000       0.0000       0.0000       290.91      -15.992      -227.15       94.302      -148.83    
  4684.006383       1.0000       0.0000       0.0000     -2.03292E-19   0.0000       0.0000       0.0000       290.66      -15.994      -227.11       94.042      -148.34    
  4684.012766       1.0000       0.0000       0.0000     -7.91088E-22   0.0000       0.0000       0.0000       290.40      -15.984      -227.07       93.779      -147.84    
  4684.023176       1.0000       0.0000       0.0000      5.20830E-21   0.0000       0.0000       0.0000       289.98      -15.967      -227.01       93.349      -147.02    
  4684.035077       1.0000       0.0000       0.0000     -1.04057E-24   0.0000       0.0000       0.0000       289.49      -15.947      -226.93       92.853      -146.08    
  4684.052703       1.0000       0.0000       0.0000     -3.31970E-19   0.0000       0.0000       0.0000       288.76      -15.917      -226.82       92.112      -144.66    
  4684.076841       1.0000       0.0000       0.0000     -1.43511E-18   0.0000       0.0000       0.0000       287.74      -15.878      -226.68       91.083      -142.69    
  4684.097822       1.0000       0.0000       0.0000      5.24352E-19   0.0000       0.0000       0.0000       286.83      -15.844      -226.55       90.178      -140.95    
  4684.120551       1.0000       0.0000       0.0000     -6.85279E-20   0.0000       0.0000       0.0000       285.83      -15.808      -226.42       89.185      -139.04    
  4684.139473       1.0000       0.0000       0.0000     -8.86351E-19   0.0000       0.0000       0.0000       284.98      -15.778      -226.30       88.350      -137.42    
  4684.158205       1.0000       0.0000       0.0000     -3.98911E-19   0.0000       0.0000       0.0000       284.13      -15.749      -226.20       87.516      -135.80    
  4684.175485       1.0000       0.0000       0.0000     -2.73470E-19   0.0000       0.0000       0.0000       283.34      -15.722      -226.10       86.740      -134.29    
  4684.192669       1.0000       0.0000       0.0000     -3.10857E-19   0.0000       0.0000       0.0000       282.54      -15.696      -226.00       85.962      -132.77    
  4684.209402       1.0000       0.0000       0.0000      3.01247E-19   0.0000       0.0000       0.0000       281.76      -15.670      -225.91       85.199      -131.28    
  4684.226201       1.0000       0.0000       0.0000     -5.69867E-20   0.0000       0.0000       0.0000       280.96      -15.645      -225.81       84.428      -129.76    
  4684.243406       1.0000       0.0000       0.0000      3.86756E-19   0.0000       0.0000       0.0000       280.14      -15.620      -225.72       83.632      -128.20    
  4684.262049       1.0000       0.0000       0.0000     -2.37497E-18   0.0000       0.0000       0.0000       279.24      -15.592      -225.62       82.764      -126.49    
  4684.282280       1.0000       0.0000       0.0000     -1.15654E-18   0.0000       0.0000       0.0000       278.25      -15.563      -225.51       81.815      -124.62    
  4684.304645       1.0000       0.0000       0.0000      4.33695E-19   0.0000       0.0000       0.0000       277.15      -15.531      -225.39       80.758      -122.53    
  4684.329681       1.0000       0.0000       0.0000     -7.04578E-19   0.0000       0.0000       0.0000       275.90      -15.496      -225.26       79.565      -120.17    
  4684.358057       1.0000       0.0000       0.0000      1.08564E-18   0.0000       0.0000       0.0000       274.47      -15.456      -225.12       78.201      -117.46    
  4684.390755       1.0000       0.0000       0.0000     -2.03958E-18   0.0000       0.0000       0.0000       272.80      -15.412      -224.96       76.617      -114.32    
  4684.429120       1.0000       0.0000       0.0000     -1.81539E-18   0.0000       0.0000       0.0000       270.83      -15.360      -224.77       74.740      -110.58    
  4684.475262       1.0000       0.0000       0.0000     -1.54577E-18   0.0000       0.0000       0.0000       268.42      -15.300      -224.55       72.461      -106.04    
  4684.532385       1.0000       0.0000       0.0000      2.08373E-17   0.0000       0.0000       0.0000       265.41      -15.227      -224.29       69.610      -100.36    
  4684.606075       1.0000       0.0000       0.0000      4.62034E-21   0.0000       0.0000       0.0000       261.48      -15.137      -223.96       65.893      -92.943    
  4684.606075       1.0000       0.0000       0.0000     -2.08652E-22   0.0000       0.0000       0.0000       261.48      -15.137      -223.96       65.893      -92.943    
  4684.614403       1.0000       0.0000       0.0000      1.53875E-23   0.0000       0.0000       0.0000       261.04      -15.127      -223.93       65.471      -92.102    
  4684.622731       1.0000       0.0000       0.0000     -7.72279E-23   0.0000       0.0000       0.0000       260.59      -15.117      -223.89       65.050      -91.261    
  4684.639386       1.0000       0.0000       0.0000      4.05056E-19   0.0000       0.0000       0.0000       259.70      -15.097      -223.82       64.205      -89.573    
  4684.672697       1.0000       0.0000       0.0000     -2.02723E-18   0.0000       0.0000       0.0000       257.90      -15.057      -223.67       62.508      -86.188    
  4684.739319       1.0000       0.0000       0.0000     -1.70371E-18   0.0000       0.0000       0.0000       254.31      -14.980      -223.40       59.095      -79.378    
  4684.872564       1.0000       0.0000      0.67409     -2.85569E-21   1.2344       0.0000      0.78841       245.97      -14.838      -222.98       51.525      -65.725    
  4685.000000       1.0000       0.0000       1.8579     -1.59543E-19   3.4021       0.0000       2.1733       236.93      -14.714      -222.72       43.583      -52.666    
  4685.000000       1.0000       0.0000       1.8579      2.58430E-21   3.4021       0.0000       2.1731       236.93      -14.714      -222.72       43.584      -52.666    
  4685.106596       1.0000       0.0000       4.8286      5.10600E-23   8.8413       0.0000       5.6486       225.81      -14.385      -222.84       34.801      -41.575    
  4685.213191       1.0000       0.0000       8.0444     -2.48218E-21   14.728       0.0000       9.4127       213.44      -14.060      -223.18       25.285      -30.258    
  4685.426382       1.0000       0.0000       18.437     -8.86124E-20   33.750       0.0000       21.590       180.16      -13.499      -225.03       1.0781      -7.3788    
  4685.829970       1.0000       0.0000       49.510     -2.51664E-19   90.578       0.0000       58.120       85.285      -12.735      -232.93      -64.837       47.622    
  4686.000000       1.0000       0.0000       66.885     -3.20357E-19   122.33       0.0000       78.611       40.153      -12.475      -237.43      -95.874       65.652    
  4686.000000       1.0000       0.0000       66.885      9.81881E-23   122.33       0.0000       78.611       40.153      -12.475      -237.43      -95.874       65.652    
  4686.034111       1.0000       0.0000       70.371     -1.00825E-02   128.70       0.0000       82.729       31.261      -12.286      -238.39      -102.11       69.326    
  4686.068221       1.0000       0.0000       73.856     -2.56767E-02   135.07       0.0000       86.851       22.349      -12.066      -239.41      -108.46       73.047    
  4686.102458       1.0000       0.0000       77.355       814.59       141.46       0.0000       90.993      -216.47      -12.246      -253.89      -257.24       61.373    
  4686.113461       1.0000       0.0000       78.479       954.86       143.52       0.0000       92.325      -268.49      -12.322      -259.10      -289.63       59.617    
  4686.135467       1.0000       0.0000       80.728       800.19       147.62       0.0000       94.989      -266.15      -12.469      -266.49      -288.07       63.974    
  4686.173404       1.0000       0.0000       84.604       329.06       154.70       0.0000       99.583      -175.03      -12.406      -268.51      -232.58       76.577    
  4686.185629       1.0000       0.0000       85.854       187.39       156.98       0.0000       101.06      -144.17      -12.356      -268.19      -213.88       80.602    
  4686.210081       1.0000       0.0000       88.165       45.287       161.20       0.0000       103.81      -107.69      -12.212      -266.03      -192.14       86.443    
  4686.258985       1.0000       0.0000       92.254       66.839       168.67       0.0000       108.67      -109.15      -11.980      -263.70      -194.57       92.570    
  4686.278546       1.0000       0.0000       93.889       97.737       171.65       0.0000       110.61      -116.55      -11.901      -263.27      -199.73       94.554    
  4686.317669       1.0000       0.0000       97.160       132.79       177.62       0.0000       114.50      -129.65      -11.776      -263.52      -208.91       98.811    
  4686.333318       1.0000       0.0000       98.468       138.58       180.01       0.0000       116.06      -133.45      -11.729      -263.71      -211.67       100.64    
  4686.364616       1.0000       0.0000       101.09       125.07       184.78       0.0000       119.17      -135.17      -11.631      -264.02      -213.58       104.73    
  4686.377136       1.0000       0.0000       102.13       116.61       186.69       0.0000       120.41      -135.07      -11.590      -264.11      -213.86       106.42    
  4686.402174       1.0000       0.0000       104.18       97.408       190.43       0.0000       122.86      -133.76      -11.505      -264.14      -213.76       109.94    
  4686.452251       1.0000       0.0000       107.44       73.018       196.37       0.0000       126.75      -132.65      -11.327      -264.04      -214.56       116.86    
  4686.472282       1.0000       0.0000       108.74       65.503       198.74       0.0000       128.30      -132.68      -11.255      -264.00      -215.18       119.57    
  4686.512344       1.0000       0.0000       111.35       53.882       203.49       0.0000       131.41      -133.66      -11.111      -263.96      -217.02       124.90    
  4686.528369       1.0000       0.0000       112.39       49.305       205.39       0.0000       132.66      -134.11      -11.054      -263.96      -217.79       127.02    
  4686.560418       1.0000       0.0000       114.47       39.579       209.19       0.0000       135.15      -134.94      -10.939      -263.97      -219.31       131.25    
  4686.573238       1.0000       0.0000       115.31       35.448       210.70       0.0000       136.14      -135.23      -10.893      -263.98      -219.89       132.95    
  4686.598878       1.0000       0.0000       116.98       26.685       213.74       0.0000       138.13      -135.66      -10.800      -263.99      -220.97       136.33    
  4686.650157       1.0000       0.0000       119.38       11.451       218.11       0.0000       141.02      -135.95      -10.612      -263.97      -222.81       143.09    
  4686.752715       1.0000       0.0000       124.14       0.0000       226.77       0.0000       146.74      -142.78      -10.243      -264.53      -230.43       156.10    
  4686.957831       1.0000       0.0000       130.74       0.0000       238.73       0.0000       154.70      -164.11      -9.5241      -267.27      -250.57       181.38    
  4686.958056       1.0000       0.0000       130.74     -8.26233E-24   238.74       0.0000       154.71      -164.14      -9.5234      -257.68      -250.59       181.40    
  4686.958056       1.0000       0.0000       130.74       0.0000       238.74       0.0000       154.71      -164.14      -9.6658      -266.58      -250.59       181.40    
  4686.965333       1.0000       0.0000       130.95       0.0000       239.11       0.0000       154.95      -164.87      -9.8301      -266.66      -251.29       182.29    
  4686.972610       1.0000       0.0000       131.15       0.0000       239.47       0.0000       155.19      -165.61      -9.8259      -266.77      -252.00       183.17    
  4686.987164       1.0000       0.0000       131.55       0.0000       240.21       0.0000       155.68      -167.09      -9.8047      -266.99      -253.41       184.94    
  4687.000000       1.0000       0.0000       131.91       0.0000       240.85       0.0000       156.11      -168.41      -9.7851      -267.18      -254.66       186.49    
  4687.000000       1.0000       0.0000       131.91       0.0000       240.85       0.0000       156.11      -168.41      -9.7851      -267.18      -254.66       186.49    
  4687.011643       1.0000       0.0000       132.02     -8.90592E-23   241.04       0.0000       156.24      -169.51      -9.7653      -267.35      -255.74       188.18    
  4687.023286       1.0000       0.0000       132.13     -2.85633E-20   241.23       0.0000       156.37      -170.93      -9.7428      -267.51      -257.00       190.50    
  4687.046572       1.0000       0.0000       132.34     -1.48432E-23   241.61       0.0000       156.64      -173.90      -9.6954      -267.84      -259.58       195.35    
  4687.093144       1.0000       0.0000       132.78      5.70820E-20   242.35       0.0000       157.16      -180.35      -9.5916      -268.50      -264.87       205.90    
  4687.111044       1.0000       0.0000       132.94      7.90273E-20   242.64       0.0000       157.36      -183.00      -9.5491      -268.75      -266.97       210.23    
  4687.118204       1.0000       0.0000       133.01      6.74175E-21   242.75       0.0000       157.44      -184.09      -9.5317      -268.85      -267.82       212.00    
  4687.132525       1.0000       0.0000       133.14     -1.37829E-19   242.98       0.0000       157.60      -186.33      -9.4960      -269.05      -269.53       215.64    
  4687.138253       1.0000       0.0000       133.20     -3.13159E-21   243.07       0.0000       157.67      -187.24      -9.4814      -269.13      -270.22       217.12    
  4687.149709       1.0000       0.0000       133.30      2.73790E-22   244.11       0.0000       157.79      -76.074      -9.4471      -269.16      -202.59       23.958    
  4687.172621       1.0000       0.0000       133.52      7.08455E-21   244.50       0.0000       158.05      -76.280      -9.3766      -269.21      -204.52       25.790    
  4687.218445       1.0000       0.0000       133.77      4.40153E-22   244.96       0.0000       158.35      -78.171      -9.2285      -269.38      -208.19       31.882    
  4687.266413       1.0000       0.0000       133.77     -6.51515E-21   244.95       0.0000       158.34      -81.068      -9.0644      -269.62      -212.01       40.068    
  4687.325406       1.0000       0.0000       133.77      1.30558E-22   244.95       0.0000       158.33      -85.791      -8.8523      -270.02      -217.02       51.685    
  4687.389614       1.0000       0.0000       133.77      7.36382E-21   244.94       0.0000       158.32      -91.783      -8.6113      -270.53      -222.77       65.219    
  4687.468798       1.0000       0.0000       133.77     -3.98171E-21   244.93       0.0000       158.29      -99.852      -8.3041      -271.26      -230.11       82.301    
  4687.575177       1.0000       0.0000       133.77     -1.92238E-20   244.92       0.0000       158.24      -111.19      -7.8802      -272.35      -240.10       105.44    
  4687.699872       1.0000       0.0000       133.77      3.44177E-21   244.90       0.0000       158.17      -124.34      -7.3651      -273.59      -251.53       130.48    
  4687.853224       1.0000       0.0000       133.77      3.13161E-20   244.87       0.0000       158.07      -139.64      -6.7045      -275.08      -264.82       159.78    
  4687.986302       1.0000       0.0000       133.77      4.84059E-21   244.85       0.0000       157.97      -152.60      -6.1136      -276.51      -276.03       186.06    
  4688.000000       1.0000       0.0000       133.77      2.11539E-21   244.85       0.0000       157.96      -153.93      -6.0522      -276.66      -277.18       188.73    
  4688.000000       1.0000       0.0000       133.77      5.71326E-23   244.85       0.0000       157.96      -153.93      -6.0522      -276.66      -277.18       188.73    
  4688.037258       1.0000       0.0000       133.77      5.71326E-23   244.84       0.0000       157.93      -157.54      -5.8976      -277.07      -280.29       195.95    
  4688.074515       1.0000       0.0000       133.77      5.71326E-23   244.83       0.0000       157.90      -161.12      -5.7451      -277.49      -283.38       203.14    
  4688.149031       1.0000       0.0000       133.77      5.71326E-23   244.82       0.0000       157.84      -168.24      -5.4370      -278.36      -289.47       217.38    
  4688.149031       1.0000       0.0000       133.77      5.71326E-23   244.82       0.0000       157.84      -168.24      -5.4370      -278.36      -289.47       217.38    
  4688.178837       1.0000       0.0000       133.77      5.71326E-23   244.81       0.0000       157.82      -171.07      -5.3129      -278.71      -291.90       223.08    
  4688.208643       1.0000       0.0000       133.77      5.71326E-23   244.81       0.0000       157.80      -173.90      -5.1882      -279.07      -294.31       228.76    
  4688.268256       1.0000       0.0000       133.77      5.71326E-23   244.80       0.0000       157.75      -179.51      -4.9365      -279.80      -299.08       240.01    
  4688.387480       1.0000       0.0000       133.77      5.71326E-23   244.77       0.0000       157.64      -190.64      -4.4250      -281.33      -308.43       262.20    
  4688.387480       1.0000       0.0000       133.77      5.71326E-23   244.77       0.0000       157.64      -190.64      -4.4249      -281.33      -308.43       262.19    
  4688.435170       1.0000       0.0000       133.77      5.71326E-23   244.77       0.0000       157.60      -194.06      -4.2179      -281.94      -311.54       269.28    
  4688.482860       1.0000       0.0000       133.77      5.71326E-23   244.76       0.0000       157.56      -198.26      -4.0094      -282.57      -315.11       277.75    
  4688.578240       1.0000       0.0000       133.77      5.71326E-23   244.74       0.0000       157.48      -206.57      -3.5883      -283.86      -322.12       294.42    
  4688.768999       1.0000       0.0000       133.77      5.71326E-23   244.70       0.0000       157.32      -222.76      -2.7325      -286.49      -335.55       326.29    
  4689.000000       1.0000       0.0000       133.77      5.71326E-23   244.65       0.0000       157.12      -241.70      -1.6808      -289.71      -350.96       363.23    
  4689.000000       1.0000       0.0000       133.77      5.71326E-23   244.65       0.0000       157.12      -241.70      -1.6808      -289.71      -350.96       363.23    
  4689.024840       1.0000       0.0000       133.77      5.71326E-23   244.65       0.0000       157.10      -243.71      -1.5755      -290.06      -352.59       367.17    
  4689.049681       1.0000       0.0000       133.77      5.71326E-23   244.64       0.0000       157.08      -245.71      -1.4736      -290.40      -354.22       371.10    
  4689.099362       1.0000       0.0000       133.77      5.71326E-23   244.63       0.0000       157.04      -249.67      -1.2705      -291.10      -357.42       378.87    
  4689.099362       1.0000       0.0000       133.77      5.71326E-23   244.63       0.0000       157.04      -249.67      -1.2705      -291.10      -357.42       378.87    
  4689.119234       1.0000       0.0000       133.77      5.71326E-23   244.63       0.0000       157.02      -251.24      -1.1677      -291.39      -358.69       381.97    
  4689.139107       1.0000       0.0000       133.77      5.71326E-23   244.62       0.0000       157.01      -252.81      -1.0808      -291.67      -359.96       385.05    
  4689.178851       1.0000       0.0000       133.77      5.71326E-23   244.62       0.0000       156.98      -255.93     -0.90942      -292.23      -362.47       391.16    
  4689.258341       1.0000       0.0000       133.77     -1.29696E-18   244.60       0.0000       156.92      -262.08     -0.57036      -293.37      -367.37       403.19    
  4689.417320       1.0000       0.0000       133.77     -3.89100E-18   244.57       0.0000       156.81      -274.02      0.10024      -295.67      -376.75       426.47    
  4689.676495       1.0000       0.0000       133.77     -8.11992E-18   244.51       0.0000       156.64      -292.72       1.1850      -299.49      -390.95       462.69    
  4690.000000       1.0000       0.0000       133.77      2.20194E-19   244.45       0.0000       156.46      -314.72       2.5233      -304.39      -407.00       504.88    
  4690.000000       1.0000       0.0000       133.77      2.33484E-21   244.45       0.0000       156.46      -314.72       2.5233      -304.39      -407.00       504.88    
  4690.127183       1.0000       0.0000       133.77      2.33484E-21   244.43       0.0000       156.40      -322.72       2.8824      -306.31      -412.80       520.28    
  4690.254366       1.0000       0.0000       133.77      2.33484E-21   244.40       0.0000       156.34      -330.26       3.2284      -308.22      -418.19       534.74    
  4690.508733       1.0000       0.0000       133.77      2.33484E-21   244.36       0.0000       156.23      -343.88       3.9106      -311.98      -427.49       560.67    
  4690.888597       1.0000       0.0000       133.77      2.33484E-21   244.31       0.0000       156.09      -361.48       4.9126      -317.49      -438.46       593.68    
  4690.888597       1.0000       0.0000       133.77      2.33484E-21   244.31       0.0000       156.09      -361.48       4.9126      -317.49      -438.46       593.68    
  4690.944298       1.0000       0.0000       133.77      2.33484E-21   244.30       0.0000       156.07      -363.89       5.0593      -318.30      -439.94       598.18    
  4691.000000       1.0000       0.0000       133.77      2.33484E-21   244.29       0.0000       156.05      -366.22       5.2057      -319.10      -441.35       602.54    
  4691.000000       1.0000       0.0000       133.77      2.33484E-21   244.29       0.0000       156.05      -366.22       5.2057      -319.10      -441.35       602.54    
  4691.044561       1.0000       0.0000       133.77      2.33484E-21   244.29       0.0000       156.04      -368.02       5.3020      -319.74      -442.42       605.89    
  4691.089123       1.0000       0.0000       133.77      2.33484E-21   244.28       0.0000       156.02      -369.76       5.3943      -320.38      -443.44       609.13    
  4691.178245       1.0000       0.0000       133.77      2.33484E-21   244.28       0.0000       155.99      -373.05       5.5777      -321.63      -445.29       615.19    
  4691.356490       1.0000       0.0000       133.77      2.33484E-21   244.26       0.0000       155.94      -378.90       5.9420      -324.09      -448.29       625.87    
  4691.712980       1.0000       0.0000       133.77      2.33484E-21   244.24       0.0000       155.86      -388.22       6.6631      -328.82      -451.83       642.31    
  4692.000000       1.0000       0.0000       133.77      2.33484E-21   244.24       0.0000       155.79      -393.84       7.2412      -332.49      -452.89       651.68    
  4692.000000       1.0000       0.0000       133.77      2.33484E-21   244.24       0.0000       155.79      -393.84       7.2412      -332.49      -452.89       651.68    
  4692.285192       1.0000       0.0000       133.77     -4.93101E-25   244.24       0.0000       155.74      -397.06       7.5828      -335.93      -451.91       656.26    
  4692.570384       1.0000       0.0000       133.77     -2.92505E-26   244.25       0.0000       155.69      -398.16       7.9191      -339.15      -449.06       656.64    
  4693.000000       1.0000       0.0000       133.77      6.69498E-25   244.29       0.0000       155.62      -396.12       8.4298      -343.56      -441.30       649.70    
  4693.000000       1.0000       0.0000       133.77      6.69498E-25   244.29       0.0000       155.62      -396.12       8.4298      -343.56      -441.30       649.70    
  4693.228154       1.0000       0.0000       133.77      6.69498E-25   244.32       0.0000       155.59      -392.84       8.3970      -345.68      -435.52       641.76    
  4693.456307       1.0000       0.0000       133.77      6.69498E-25   244.35       0.0000       155.57      -387.91       8.3567      -347.59      -428.45       630.71    
  4693.912615       1.0000       0.0000       133.77     -2.02653E-20   244.43       0.0000       155.53      -373.79       8.2889      -350.73      -410.68       600.43    
  4694.000000       1.0000       0.0000       133.77     -2.41463E-20   244.45       0.0000       155.52      -370.71       8.2766      -351.30      -407.01       593.92    
  4694.000000       1.0000       0.0000       133.77     -1.34711E-24   244.45       0.0000       155.52      -370.71       8.2766      -351.30      -407.01       593.92    
  4694.365046       1.0000       0.0000       133.77     -1.34711E-24   244.52       0.0000       155.50      -353.95       7.6393      -353.07      -388.84       559.51    
  4694.730092       1.0000       0.0000       133.77     -4.05332E-20   244.59       0.0000       155.49      -333.90       7.0069      -354.30      -368.26       519.15    
  4695.000000       1.0000       0.0000       133.77     -7.05017E-20   244.65       0.0000       155.49      -317.58       6.5448      -354.99      -351.73       486.51    
  4695.000000       1.0000       0.0000       133.77      1.12357E-22   244.65       0.0000       155.49      -317.58       6.5443      -354.99      -351.73       486.51    
  4695.292037       1.0000       0.0000       133.77      1.12357E-22   244.71       0.0000       155.50      -298.19       5.8888      -355.43      -332.72       448.07    
  4695.584073       1.0000       0.0000       133.77      1.12357E-22   244.77       0.0000       155.51      -277.44       5.2347      -355.60      -312.87       407.26    
  4696.000000       1.0000       0.0000       131.91     -2.42088E-21   241.44       0.0000       153.37      -241.87       4.3246      -355.01      -281.35       345.69    
  4696.000000       1.0000       0.0000       131.91      3.31932E-23   241.44       0.0000       153.37      -241.87       4.3235      -355.01      -281.35       345.69    
  4696.026105       1.0000       0.0000       131.18      3.31932E-23   240.12       0.0000       152.53      -238.77       4.2573      -354.95      -278.86       341.74    
  4696.052211       1.0000       0.0000       130.46      3.31932E-23   238.79       0.0000       151.68      -235.56       4.1882      -354.85      -276.29       337.79    
  4696.104422       1.0000       0.0000       129.00      3.31932E-23   236.14       0.0000       149.99      -228.81       4.0529      -354.59      -270.97       329.81    
  4696.104422       1.0000       0.0000       129.00     -6.38864E-24   236.14       0.0000       149.99      -228.81       4.0531      -354.59      -270.97       329.81    
  4696.125306       1.0000       0.0000       128.42     -6.38864E-24   235.07       0.0000       149.32      -226.07       3.9994      -354.47      -268.81       326.61    
  4696.146190       1.0000       0.0000       127.84     -6.38864E-24   234.01       0.0000       148.64      -223.28       3.9461      -354.34      -266.63       323.40    
  4696.187959       1.0000       0.0000       126.67     -6.38864E-24   231.89       0.0000       147.29      -217.59       3.8409      -354.05      -262.19       316.93    
  4696.271496       1.0000       0.0000       123.02     -6.38864E-24   225.21       0.0000       143.04      -203.87       3.6397      -353.25      -251.89       303.90    
  4696.438571       1.0000       0.0000       114.54     -6.38864E-24   209.71       0.0000       133.18      -172.20       3.2674      -350.95      -228.92       276.82    
  4696.772720       1.0000       0.0000       89.603      2.07523E-17   164.08       0.0000       104.17      -92.344       2.6536      -343.52      -173.33       225.29    
  4697.000000       1.0000       0.0000       66.885     -1.44904E-18   122.12       0.0000       77.740      -128.24       2.2800      -337.81      -189.77       360.31    
  4697.000000       1.0000       0.0000       66.885     -2.48609E-23   122.12       0.0000       77.740      -128.24       2.2795      -337.81      -189.77       360.31    
  4697.005484       1.0000       0.0000       66.325     -2.48609E-23   121.10       0.0000       77.088      -126.39       2.2707      -337.67      -188.45       358.78    
  4697.010968       1.0000       0.0000       65.764     -2.48609E-23   120.08       0.0000       76.436      -124.59       2.2566      -337.53      -187.17       357.37    
  4697.015390       1.0000       0.0000       65.312     -2.48609E-23   119.25       0.0000       75.910      -123.24       2.2437      -337.41      -186.20       356.45    
  4697.020624       1.0000       0.0000       64.778     -2.48609E-23   118.28       0.0000       75.288      -121.63       2.2286      -337.27      -185.06       355.34    
  4697.026095       1.0000       0.0000       64.219     -2.48609E-23   117.26       0.0000       74.638      -119.94       2.2128      -337.12      -183.86       354.17    
  4697.032691       1.0000       0.0000       63.544     -2.48609E-23   116.03       0.0000       73.854      -117.87       2.1938      -336.94      -182.41       352.75    
  4697.040669       1.0000       0.0000       62.729     -2.48609E-23   114.54       0.0000       72.906      -115.35       2.1711      -336.72      -180.66       351.01    
  4697.051837       1.0000       0.0000       61.588     -2.48609E-23   112.46       0.0000       71.579      -111.79       2.1394      -336.40      -178.19       348.58    
  4697.066336       1.0000       0.0000       60.106     -2.48609E-23   109.76       0.0000       69.856      -107.10       2.0988      -335.98      -174.97       345.41    
  4697.083964       1.0000       0.0000       58.305     -2.48609E-23   106.47       0.0000       67.761      -101.35       2.0499      -335.45      -171.04       341.58    
  4697.099858       1.0000       0.0000       56.681     -2.48609E-23   103.51       0.0000       65.872      -96.127       2.0061      -334.96      -167.49       338.17    
  4697.117901       1.0000       0.0000       54.837     -2.48609E-23   100.15       0.0000       63.728      -90.171       1.9570      -334.40      -163.45       334.35    
  4697.136382       1.0000       0.0000       52.949     -2.48609E-23   96.702       0.0000       61.532      -84.055       1.9070      -333.81      -159.32       330.51    
  4697.157403       1.0000       0.0000       50.801     -2.48609E-23   92.782       0.0000       59.035      -77.094       1.8506      -333.13      -154.62       326.26    
  4697.180516       1.0000       0.0000       48.439     -2.48609E-23   88.473       0.0000       56.288      -69.451       1.7891      -332.37      -149.47       321.71    
  4697.207166       1.0000       0.0000       45.849     -6.28513E-27   83.746       0.0000       53.277      -60.830       1.7188      -331.49      -143.66       316.63    
  4697.237854       1.0000       0.0000       43.283      1.40076E-24   79.064       0.0000       50.293      -51.508       1.6371      -330.49      -137.35       310.96    
  4697.274264       1.0000       0.0000       40.239      3.07014E-24   73.509       0.0000       46.754      -40.692       1.5395      -329.34      -130.02       304.54    
  4697.318177       1.0000       0.0000       36.568      5.08358E-24   66.807       0.0000       42.486      -27.961       1.4209      -327.97      -121.36       297.17    
  4697.372883       1.0000       0.0000       31.994      7.59187E-24   58.457       0.0000       37.169      -12.511       1.2722      -326.29      -110.82       288.49    
  4697.443486       1.0000       0.0000       26.899      1.08290E-23   49.154       0.0000       31.247       5.7205       1.0762      -324.25      -98.238       277.84    
  4697.539417       1.0000       0.0000       20.661      1.52275E-23   37.761       0.0000       23.998       28.325      0.80297      -321.66      -82.413       264.15    
  4697.679040       1.0000       0.0000       13.050      2.16293E-23   23.857       0.0000       15.155       57.050      0.38849      -318.29      -61.795       245.13    
  4697.810017       1.0000       0.0000       7.1525      2.76346E-23   13.078       0.0000       8.3056       80.671      1.48093E-02  -315.45      -44.361       227.73    
  4697.810017       1.0000       0.0000       7.1525      4.05595E-20   13.078       0.0000       8.3056       80.671      1.48421E-02  -315.45      -44.361       227.73    
  4697.813554       1.0000       0.0000       7.0539      2.76346E-23   12.898       0.0000       8.1911       81.248     -1.00628E-02  -315.37      -43.929       227.26    
  4697.817092       1.0000       0.0000       6.9553      2.76346E-23   12.718       0.0000       8.0766       81.821     -2.06306E-02  -315.29      -43.499       226.78    
  4697.824168       1.0000       0.0000       6.7581      2.76346E-23   12.357       0.0000       7.8475       82.953     -3.97320E-02  -315.15      -42.646       225.83    
  4697.838319       1.0000       0.0000       6.3638      2.76346E-23   11.637       0.0000       7.3895       85.191     -7.79374E-02  -314.85      -40.957       223.94    
  4697.866621       1.0000       0.0000       5.5750     -3.24227E-19   10.195       0.0000       6.4735       89.447     -0.15617      -314.31      -37.691       220.17    
  4697.923225       1.0000       0.0000       3.9975      3.24282E-19   7.3107       0.0000       4.6417       97.547     -0.31617      -313.29      -31.385       212.48    
  4698.000000       1.0000       0.0000       1.8579     -1.20654E-20   3.3982       0.0000       2.1572       108.01     -0.53860      -311.98      -23.094       202.19    
  4698.000000       1.0000       0.0000       1.8579     -3.24912E-23   3.3982       0.0000       2.1572       108.01     -0.53835      -311.98      -23.094       202.19    
  4698.045283       1.0000       0.0000       1.4373      2.02334E-20   2.6289       0.0000       1.6688       112.90     -0.63772      -311.29      -18.905       196.18    
  4698.090567       1.0000       0.0000       1.0166      4.04994E-20   1.8596       0.0000       1.1804       117.43     -0.73312      -310.66      -14.904       190.29    
  4698.181133       1.0000       0.0000      0.17527      8.10312E-20  0.32064       0.0000      0.20351       125.59     -0.93250      -309.58      -7.3927       179.00    
  4698.362266       1.0000       0.0000       0.0000      6.24190E-17   0.0000       0.0000       0.0000       137.77      -1.3606      -307.90       5.2095       156.48    
  4698.643955       1.0000       0.0000       0.0000     -4.81593E-17   0.0000       0.0000       0.0000       160.50      -2.0591      -305.50       27.069       111.00    
  4698.983799       1.0000       0.0000       0.0000      5.20412E-18   0.0000       0.0000       0.0000       179.71      -2.9261      -302.63       48.031       68.895    
  4698.983799       1.0000       0.0000       0.0000      1.60436E-20   0.0000       0.0000       0.0000       179.71      -2.9259      -302.63       48.031       68.895    
  4698.991899       1.0000       0.0000       0.0000      2.61008E-18   0.0000       0.0000       0.0000       180.17      -2.9464      -302.56       48.533       67.848    
  4699.000000       1.0000       0.0000       0.0000     -6.46905E-18   0.0000       0.0000       0.0000       180.63      -2.9668      -302.49       49.035       66.802    
  4699.000000       1.0000       0.0000       0.0000     -2.44914E-20   0.0000       0.0000       0.0000       180.63      -2.9668      -302.49       49.035       66.802    
  4699.006480       1.0000       0.0000       0.0000     -2.44914E-20   0.0000       0.0000       0.0000       181.00      -2.9831      -302.43       49.437       65.965    
  4699.012961       1.0000       0.0000       0.0000      5.90749E-21   0.0000       0.0000       0.0000       181.37      -2.9968      -302.38       49.838       65.132    
  4699.025922       1.0000       0.0000       0.0000      3.63832E-17   0.0000       0.0000       0.0000       182.10      -3.0239      -302.27       50.639       63.468    
  4699.051844       1.0000       0.0000       0.0000      2.09406E-17   0.0000       0.0000       0.0000       183.56      -3.0782      -302.04       52.234       60.235    
  4699.103687       1.0000       0.0000       0.0000      5.61957E-18   0.0000       0.0000       0.0000       186.45      -3.1872      -301.60       55.388       53.895    
  4699.207374       1.0000       0.0000       0.0000     -4.27020E-18   0.0000       0.0000       0.0000       192.13      -3.4067      -300.71       61.570       41.357    
  4699.414749       1.0000       0.0000       0.0000     -5.48902E-20   0.0000       0.0000       0.0000       203.28      -3.8489      -298.90       73.522       16.737    
  4699.798068       1.0000       0.0000       0.0000      2.54879E-18   0.0000       0.0000       0.0000       223.40      -4.6701      -295.40       94.237      -27.211    
  4700.000000       1.0000       0.0000       0.0000     -2.94909E-19   0.0000       0.0000       0.0000       233.41      -5.0993      -293.51       104.49      -49.157    
  4700.000000       1.0000       0.0000       0.0000     -5.80309E-21   0.0000       0.0000       0.0000       233.41      -5.0992      -293.51       104.49      -49.157    
  4700.165899       1.0000       0.0000       0.0000      1.44628E-20   0.0000       0.0000       0.0000       241.05      -5.4507      -291.93       112.35      -66.028    
  4700.331799       1.0000       0.0000       0.0000     -1.75730E-26   0.0000       0.0000       0.0000       247.88      -5.8016      -290.35       119.49      -81.325    
  4700.663598       1.0000       0.0000       0.0000      2.14265E-19   0.0000       0.0000       0.0000       262.34      -6.5030      -287.06       133.39      -112.63    
  4701.000000       1.0000       0.0000       0.0000      1.07249E-19   0.0000       0.0000       0.0000       264.09      -7.2166      -283.95       138.69      -121.38    
  4701.000000       1.0000       0.0000       0.0000      3.77465E-22   0.0000       0.0000       0.0000       264.09      -7.2166      -283.95       138.69      -121.38    
  4701.265439       1.0000       0.0000       0.0000      1.21973E-19   0.0000       0.0000       0.0000       264.98      -7.6781      -281.59       141.93      -127.02    
  4701.530878       1.0000       0.0000       0.0000      1.21973E-19   0.0000       0.0000       0.0000       265.80      -8.1303      -279.29       144.45      -131.98    
  4701.842919       1.0000       0.0000       0.0000      7.70483E-19   0.0000       0.0000       0.0000       266.96      -8.6536      -276.62       146.66      -137.39    
  4701.842919       1.0000       0.0000       0.0000      1.68098E-28   0.0000       0.0000       0.0000       266.96      -8.6536      -276.62       146.66      -137.39    
  4701.921460       1.0000       0.0000       0.0000      2.43191E-19   0.0000       0.0000       0.0000       267.27      -8.7829      -275.95       147.17      -138.73    
  4702.000000       1.0000       0.0000       0.0000     -8.10637E-20   0.0000       0.0000       0.0000       267.60      -8.9116      -275.28       147.64      -140.06    
  4702.000000       1.0000       0.0000       0.0000      3.95818E-21   0.0000       0.0000       0.0000       267.60      -8.9116      -275.28       147.64      -140.06    
  4702.062832       1.0000       0.0000       0.0000      4.49809E-19   0.0000       0.0000       0.0000       267.88      -9.0141      -274.74       147.98      -141.11    
  4702.125665       1.0000       0.0000       0.0000     -1.88568E-19   0.0000       0.0000       0.0000       268.18      -9.1162      -274.21       148.31      -142.16    
  4702.251329       1.0000       0.0000       0.0000      1.92870E-17   0.0000       0.0000       0.0000       268.83      -9.3201      -273.14       148.86      -144.19    
  4702.320977       1.0000       0.0000       0.0000      1.54658E-18   0.0000       0.0000       0.0000       269.20      -9.4323      -272.56       149.13      -145.27    
  4702.320977       1.0000       0.0000       0.0000     -2.21659E-21   0.0000       0.0000       0.0000       269.20      -9.4606      -274.28       149.13      -145.27    
  4702.421509       1.0000       0.0000       0.0000      1.26661E-21   0.0000       0.0000       0.0000       269.96      -9.7185      -272.33       149.59      -146.83    
  4702.522040       1.0000       0.0000       0.0000      1.46390E-18   0.0000       0.0000       0.0000       270.69      -9.9692      -271.46       149.95      -148.40    
  4702.648061       1.0000       0.0000       0.0000      7.19220E-20   0.0000       0.0000       0.0000       271.63      -10.273      -270.37       150.29      -150.38    
  4702.806394       1.0000       0.0000       0.0000     -5.35577E-17   0.0000       0.0000       0.0000       272.89      -10.641      -269.01       150.57      -152.87    
  4703.000000       1.0000       0.0000       0.0000     -2.80654E-19   0.0000       0.0000       0.0000       274.54      -11.072      -267.34       150.73      -155.92    
