#      time         order        air_age      relhum       xco2vol   
  336.0000000       1.0000      0.96922      8.68102E-02   400.00    
  336.0277111       1.0000      0.96922      8.67555E-02   400.00    
  336.0554222       1.0000      0.96922      8.67005E-02   400.00    
  336.0682198       1.0000      0.96922      8.66750E-02   400.00    
  336.0682198       1.0000      0.96922      8.66750E-02   400.00    
  336.0903887       1.0000      0.96921      8.66311E-02   400.00    
  336.1125575       1.0000      0.96921      8.65875E-02   400.00    
  336.1568953       1.0000      0.96921      8.65009E-02   400.00    
  336.2455708       1.0000      0.96921      8.63295E-02   400.00    
  336.4229219       1.0000      0.96920      8.59999E-02   400.00    
  336.7776240       1.0000      0.96919      8.53712E-02   400.00    
  337.0000000       1.0000      0.96918      8.49875E-02   400.00    
  337.0000000       1.0000      0.96918      8.49875E-02   400.00    
  337.2837617       1.0000      0.96917      8.45295E-02   400.00    
  337.5675234       1.0000      0.96916      8.41022E-02   400.00    
  338.0000000       1.0000      0.96915      8.35009E-02   400.00    
  338.0000000       1.0000      0.96915      8.35009E-02   400.00    
  338.2270094       1.0000      0.96914      8.31965E-02   400.00    
  338.4540187       1.0000      0.96914      8.29016E-02   400.00    
  338.9080375       1.0000      0.96913      8.23377E-02   400.00    
  339.0000000       1.0000      0.96912      8.22245E-02   400.00    
  339.0000000       1.0000      0.96912      8.22245E-02   400.00    
  339.3632150       1.0000      0.96912      8.18189E-02   400.00    
  339.7264300       1.0000      0.96911      8.14507E-02   400.00    
  340.0000000       1.0000      0.96910      8.11900E-02   400.00    
  340.0000000       1.0000      0.96910      8.11900E-02   400.00    
  340.2001218       1.0000      0.96910      8.10399E-02   400.00    
  340.4002436       1.0000      0.96910      8.09407E-02   400.00    
  340.4264857       1.0000      0.96910      8.09285E-02   400.00    
  340.4789699       1.0000      0.96910      8.09059E-02   400.00    
  340.4789699       1.0000      0.96910      8.09059E-02   400.00    
  340.6390673       1.0000      0.96910      8.08677E-02   400.00    
  340.7991647       1.0000      0.96910      8.08518E-02   400.00    
  341.0000000       1.0000      0.96910      8.08608E-02   400.00    
  341.0000000       1.0000      0.96910      8.08608E-02   400.00    
  341.0334978       1.0000      0.96910      8.08631E-02   400.00    
  341.0669955       1.0000      0.96910      8.08661E-02   400.00    
  341.0986329       1.0000      0.96910      8.08714E-02   400.00    
  341.1209903       1.0000      0.96910      8.08764E-02   400.00    
  341.1405617       1.0000      0.96910      8.08816E-02   400.00    
  341.1612116       1.0000      0.96910      8.08882E-02   400.00    
  341.1798055       1.0000      0.96910      8.08949E-02   400.00    
  341.1984890       1.0000      0.96910      8.09024E-02   400.00    
  341.2164927       1.0000      0.96910      8.09104E-02   400.00    
  341.2347019       1.0000      0.96910      8.09192E-02   400.00    
  341.2529417       1.0000      0.96910      8.09288E-02   400.00    
  341.2719537       1.0000      0.96910      8.09395E-02   400.00    
  341.2926427       1.0000      0.96910      8.09520E-02   400.00    
  341.3153501       1.0000      0.96910      8.09668E-02   400.00    
  341.3408346       1.0000      0.96910      8.09847E-02   400.00    
  341.3695986       1.0000      0.96910      8.10065E-02   400.00    
  341.4029150       1.0000      0.96910      8.10338E-02   400.00    
  341.4420061       1.0000      0.96910      8.10686E-02   400.00    
  341.4891999       1.0000      0.96910      8.11144E-02   400.00    
  341.5478014       1.0000      0.96910      8.11766E-02   400.00    
  341.6239840       1.0000      0.96910      8.12665E-02   400.00    
  341.7273979       1.0000      0.96911      8.14023E-02   400.00    
  341.8824781       1.0000      0.96911      8.16359E-02   400.00    
  342.0000000       1.0000      0.96911      8.18276E-02   400.00    
  342.0000000       1.0000      0.96911      8.18276E-02   400.00    
  342.0253099       1.0000      0.96912      8.18696E-02   400.00    
  342.0506198       1.0000      0.96912      8.19122E-02   400.00    
  342.1012396       1.0000      0.96912      8.20061E-02   400.00    
  342.2024792       1.0000      0.96912      8.22287E-02   400.00    
  342.4049584       1.0000      0.96914      8.28466E-02   400.00    
  342.8099168       1.0000      0.96917      8.44928E-02   400.00    
  343.0000000       1.0000      0.96919      8.52730E-02   400.00    
  343.0000000       1.0000      0.96919      8.52730E-02   400.00    
  343.0343945       1.0000      0.96919      7.93292E-02   400.00    
  343.0687890       1.0000      0.96919      7.53916E-02   400.00    
  343.1011679       1.0000      0.96919      7.43636E-02   400.00    
  343.1334259       1.0000      0.96920      7.48145E-02   400.00    
  343.1754230       1.0000      0.96920      7.56847E-02   400.00    
  343.2405886       1.0000      0.96920      7.61750E-02   400.00    
  343.3211551       1.0000      0.96921      7.63351E-02   400.00    
  343.4506229       1.0000      0.96921      7.65934E-02   400.00    
  343.6546876       1.0000      0.96922      7.69846E-02   400.00    
  344.0000000       1.0000      0.96924      7.74759E-02   400.00    
  344.0000000       1.0000      0.96924      7.74759E-02   400.00    
  344.0275156       1.0000      0.96924      7.75139E-02   400.00    
  344.0550312       1.0000      0.96924      7.75508E-02   400.00    
  344.1100624       1.0000      0.96924      7.76205E-02   400.00    
  344.2201247       1.0000      0.96924      7.77473E-02   400.00    
  344.4402494       1.0000      0.96925      7.79512E-02   400.00    
  344.8804989       1.0000      0.96925      7.82323E-02   400.00    
  345.0000000       1.0000      0.96925      7.83000E-02   400.00    
  345.0000000       1.0000      0.96925      7.83000E-02   400.00    
  345.3521996       1.0000      0.96926      7.84465E-02   400.00    
  345.7043991       1.0000      0.96926      7.85540E-02   400.00    
  346.0000000       1.0000      0.96926      7.86232E-02   400.00    
  346.0000000       1.0000      0.96926      7.86232E-02   400.00    
  346.2817596       1.0000      0.96926      7.86743E-02   400.00    
  346.5635193       1.0000      0.96926      7.87139E-02   400.00    
  347.0000000       1.0000      0.96927      7.87563E-02   400.00    
  347.0000000       1.0000      0.96927      7.87563E-02   400.00    
  347.2254077       1.0000      0.96927      7.87742E-02   400.00    
  347.4508154       1.0000      0.96927      7.87887E-02   400.00    
  347.9016308       1.0000      0.96927      7.88084E-02   400.00    
  348.0000000       1.0000      0.96927      7.88124E-02   400.00    
  348.0000000       1.0000      0.96927      7.88124E-02   400.00    
  348.3606523       1.0000      0.96927      7.88229E-02   400.00    
  348.7213047       1.0000      0.96927      7.88306E-02   400.00    
  349.0000000       1.0000      0.96927      7.88353E-02   400.00    
  349.0000000       1.0000      0.96927      7.88353E-02   400.00    
  349.2885219       1.0000      0.96927      7.88390E-02   400.00    
  349.5770437       1.0000      0.96927      7.88420E-02   400.00    
  350.0000000       1.0000      0.96927      7.88449E-02   400.00    
  350.0000000       1.0000      0.96927      7.88449E-02   400.00    
  350.2308175       1.0000      0.96927      7.88463E-02   400.00    
  350.4616350       1.0000      0.96927      7.88475E-02   400.00    
  350.9232700       1.0000      0.96927      7.88490E-02   400.00    
  351.0000000       1.0000      0.96927      7.88492E-02   400.00    
  351.0000000       1.0000      0.96927      7.88492E-02   400.00    
  351.3693080       1.0000      0.96927      7.88500E-02   400.00    
  351.7386160       1.0000      0.96927      7.88506E-02   400.00    
  352.0000000       1.0000      0.96927      7.88510E-02   400.00    
  352.0000000       1.0000      0.96927      7.88510E-02   400.00    
  352.2954464       1.0000      0.96927      7.88513E-02   400.00    
  352.5908928       1.0000      0.96927      7.88516E-02   400.00    
  353.0000000       1.0000      0.96927      7.88518E-02   400.00    
  353.0000000       1.0000      0.96927      7.88518E-02   400.00    
  353.2363571       1.0000      0.96927      7.88520E-02   400.00    
  353.4727142       1.0000      0.96927      7.88522E-02   400.00    
  353.9454285       1.0000      0.96927      7.88523E-02   400.00    
  354.0000000       1.0000      0.96927      7.88523E-02   400.00    
  354.0000000       1.0000      0.96927      7.88523E-02   400.00    
  354.0046237       1.0000      0.96927      7.91656E-02   400.00    
  354.0092474       1.0000      0.96927      7.97635E-02   400.00    
  354.0134995       1.0000      0.96927      8.03650E-02   400.00    
  354.0183217       1.0000      0.96927      8.10246E-02   400.00    
  354.0235101       1.0000      0.96927      8.17094E-02   400.00    
  354.0295713       1.0000      0.96927      8.24767E-02   400.00    
  354.0367419       1.0000      0.96927      8.33413E-02   400.00    
  354.0460348       1.0000      0.96927      8.43946E-02   400.00    
  354.0614277       1.0000      0.96927      8.59749E-02   400.00    
  354.0775703       1.0000      0.96927      8.74791E-02   400.00    
  354.0952626       1.0000      0.96927      8.89643E-02   400.00    
  354.1127914       1.0000      0.96927      9.03057E-02   400.00    
  354.1321187       1.0000      0.96927      9.12475E-02   400.00    
  354.1528605       1.0000      0.96927      9.10531E-02   400.00    
  354.1761060       1.0000      0.96927      9.01820E-02   400.00    
  354.2020698       1.0000      0.96927      8.93195E-02   400.00    
  354.2319999       1.0000      0.96927      8.89166E-02   400.00    
  354.2670234       1.0000      0.96927      8.89818E-02   400.00    
  354.3090897       1.0000      0.96927      8.91942E-02   400.00    
  354.3608224       1.0000      0.96927      8.92932E-02   400.00    
  354.4274250       1.0000      0.96927      8.92829E-02   400.00    
  354.5171731       1.0000      0.96927      8.92638E-02   400.00    
  354.6460647       1.0000      0.96927      8.92620E-02   400.00    
  354.8494441       1.0000      0.96927      8.92622E-02   400.00    
  355.0000000       1.0000      0.96927      8.92608E-02   400.00    
  355.0000000       1.0000      0.96927      8.92608E-02   400.00    
  355.0034017       1.0000      0.96927      8.92607E-02   400.00    
  355.0068033       1.0000      0.96927      8.92607E-02   400.00    
  355.0136067       1.0000      0.96927      8.92606E-02   400.00    
  355.0272133       1.0000      0.96927      8.92605E-02   400.00    
  355.0544266       1.0000      0.96927      8.92605E-02   400.00    
  355.1088533       1.0000      0.96927      8.92603E-02   400.00    
  355.2177065       1.0000      0.96927      8.92600E-02   400.00    
  355.4354131       1.0000      0.96927      8.92594E-02   400.00    
  355.8708262       1.0000      0.96927      8.92584E-02   400.00    
  356.0000000       1.0000      0.96927      8.92582E-02   400.00    
  356.0000000       1.0000      0.96927      8.92582E-02   400.00    
  356.3483305       1.0000      0.96927      8.92576E-02   400.00    
  356.6966609       1.0000      0.96927      8.92571E-02   400.00    
  357.0000000       1.0000      0.96927      8.92567E-02   400.00    
  357.0000000       1.0000      0.96927      8.92567E-02   400.00    
  357.2786644       1.0000      0.96927      8.92563E-02   400.00    
  357.5573287       1.0000      0.96927      8.92559E-02   400.00    
  358.0000000       1.0000      0.96927      8.92555E-02   400.00    
  358.0000000       1.0000      0.96927      8.92555E-02   400.00    
  358.2229315       1.0000      0.96927      8.92553E-02   400.00    
  358.4458630       1.0000      0.96927      8.91784E-02   400.00    
  358.4664371       1.0000      0.96927      8.91702E-02   400.00    
  358.5075854       1.0000      0.96927      8.91518E-02   400.00    
  358.5075854       1.0000      0.96927      8.91518E-02   400.00    
  358.6859306       1.0000      0.96926      8.89988E-02   400.00    
  358.8642758       1.0000      0.96926      8.87919E-02   400.00    
  359.0000000       1.0000      0.96925      8.86073E-02   400.00    
  359.0000000       1.0000      0.96925      8.86073E-02   400.00    
  359.1426762       1.0000      0.96925      8.83910E-02   400.00    
  359.2853523       1.0000      0.96925      8.81590E-02   400.00    
  359.5707046       1.0000      0.96924      8.76475E-02   400.00    
  360.0000000       1.0000      0.96922      8.68102E-02   400.00    
