#      time         order        tairma       togactive    togpassiv    toper        tug       
  336.0000000       1.0000      -11.982       24.500       25.000       17.965       20.500    
  336.0277111       1.0000      -11.981       24.500       25.000       17.964       20.500    
  336.0554222       1.0000      -11.981       24.500       25.000       17.964       20.500    
  336.0682198       1.0000      -11.981       24.500       25.000       17.964       20.500    
  336.0682198       1.0000      -11.981       24.500       25.000       17.964       20.500    
  336.0903887       1.0000      -11.981       24.500       25.000       17.963       20.500    
  336.1125575       1.0000      -11.981       24.500       25.000       17.963       20.500    
  336.1568953       1.0000      -11.981       24.500       25.000       17.962       20.500    
  336.2455708       1.0000      -11.980       24.500       25.000       17.961       20.500    
  336.4229219       1.0000      -11.979       24.500       25.000       17.958       20.500    
  336.7776240       1.0000      -11.977       24.500       25.000       17.953       20.500    
  337.0000000       1.0000      -11.977       24.500       25.000       17.950       20.500    
  337.0000000       1.0000      -11.977       24.500       25.000       17.950       20.500    
  337.2837617       1.0000      -11.976       24.500       25.000       17.946       20.500    
  337.5675234       1.0000      -11.975       24.500       25.000       17.943       20.500    
  338.0000000       1.0000      -11.975       24.500       25.000       17.937       20.500    
  338.0000000       1.0000      -11.975       24.500       25.000       17.937       20.500    
  338.2270094       1.0000      -11.975       24.500       25.000       17.935       20.500    
  338.4540187       1.0000      -11.976       24.500       25.000       17.932       20.500    
  338.9080375       1.0000      -11.977       24.500       25.000       17.927       20.500    
  339.0000000       1.0000      -11.977       24.500       25.000       17.926       20.500    
  339.0000000       1.0000      -11.977       24.500       25.000       17.926       20.500    
  339.3632150       1.0000      -11.978       24.500       25.000       17.922       20.500    
  339.7264300       1.0000      -11.980       24.500       25.000       17.919       20.500    
  340.0000000       1.0000      -11.982       24.500       25.000       17.916       20.500    
  340.0000000       1.0000      -11.982       24.500       25.000       17.916       20.500    
  340.2001218       1.0000      -11.985       24.500       25.000       17.914       20.500    
  340.4002436       1.0000      -11.987       24.500       25.000       17.912       20.500    
  340.4264857       1.0000      -11.988       24.500       25.000       17.912       20.500    
  340.4789699       1.0000      -11.988       24.500       25.000       17.911       20.500    
  340.4789699       1.0000      -11.988       24.500       25.000       17.911       20.500    
  340.6390673       1.0000      -11.991       24.500       25.000       17.910       20.500    
  340.7991647       1.0000      -11.993       24.500       25.000       17.909       20.500    
  341.0000000       1.0000      -11.995       24.500       25.000       17.907       20.500    
  341.0000000       1.0000      -11.995       24.500       25.000       17.907       20.500    
  341.0334978       1.0000      -11.996       24.500       25.000       17.906       20.500    
  341.0669955       1.0000      -11.996       24.500       25.000       17.906       20.500    
  341.0986329       1.0000      -11.997       24.500       25.000       17.906       20.500    
  341.1209903       1.0000      -11.997       24.500       25.000       17.906       20.500    
  341.1405617       1.0000      -11.997       24.500       25.000       17.905       20.500    
  341.1612116       1.0000      -11.997       24.500       25.000       17.905       20.500    
  341.1798055       1.0000      -11.998       24.500       25.000       17.905       20.500    
  341.1984890       1.0000      -11.998       24.500       25.000       17.905       20.500    
  341.2164927       1.0000      -11.998       24.500       25.000       17.905       20.500    
  341.2347019       1.0000      -11.998       24.500       25.000       17.905       20.500    
  341.2529417       1.0000      -11.998       24.500       25.000       17.904       20.500    
  341.2719537       1.0000      -11.999       24.500       25.000       17.904       20.500    
  341.2926427       1.0000      -11.999       24.500       25.000       17.904       20.500    
  341.3153501       1.0000      -11.999       24.500       25.000       17.904       20.500    
  341.3408346       1.0000      -11.999       24.500       25.000       17.904       20.500    
  341.3695986       1.0000      -12.000       24.500       25.000       17.903       20.500    
  341.4029150       1.0000      -12.000       24.500       25.000       17.903       20.500    
  341.4420061       1.0000      -12.000       24.500       25.000       17.903       20.500    
  341.4891999       1.0000      -12.001       24.500       25.000       17.902       20.500    
  341.5478014       1.0000      -12.001       24.500       25.000       17.902       20.500    
  341.6239840       1.0000      -12.002       24.500       25.000       17.901       20.500    
  341.7273979       1.0000      -12.003       24.500       25.000       17.900       20.500    
  341.8824781       1.0000      -12.004       24.500       25.000       17.899       20.500    
  342.0000000       1.0000      -12.005       24.500       25.000       17.898       20.500    
  342.0000000       1.0000      -12.005       24.500       25.000       17.898       20.500    
  342.0253099       1.0000      -12.005       24.500       25.000       17.898       20.500    
  342.0506198       1.0000      -12.005       24.500       25.000       17.898       20.500    
  342.1012396       1.0000      -12.005       24.500       25.000       17.898       20.500    
  342.2024792       1.0000      -12.006       24.500       25.000       17.897       20.500    
  342.4049584       1.0000      -12.006       24.500       25.000       17.895       20.500    
  342.8099168       1.0000      -12.004       24.500       25.000       17.892       20.500    
  343.0000000       1.0000      -12.003       24.500       25.000       17.891       20.500    
  343.0000000       1.0000      -12.003       24.500       25.000       17.891       20.500    
  343.0343945       1.0000      -12.002       24.500       25.000       19.674       20.500    
  343.0687890       1.0000      -12.002       24.500       25.000       20.107       20.500    
  343.1011679       1.0000      -12.001       24.500       25.000       19.891       20.500    
  343.1334259       1.0000      -12.001       24.500       25.000       19.591       20.500    
  343.1754230       1.0000      -12.000       24.500       25.000       19.433       20.500    
  343.2405886       1.0000      -11.999       24.500       25.000       19.458       20.500    
  343.3211551       1.0000      -11.998       24.500       25.000       19.504       20.500    
  343.4506229       1.0000      -11.996       24.500       25.000       19.524       20.500    
  343.6546876       1.0000      -11.991       24.500       25.000       19.542       20.500    
  344.0000000       1.0000      -11.982       24.500       25.000       19.570       20.500    
  344.0000000       1.0000      -11.982       24.500       25.000       19.570       20.500    
  344.0275156       1.0000      -11.982       24.500       25.000       19.572       20.500    
  344.0550312       1.0000      -11.983       24.500       25.000       19.574       20.500    
  344.1100624       1.0000      -11.985       24.500       25.000       19.578       20.500    
  344.2201247       1.0000      -11.988       24.500       25.000       19.586       20.500    
  344.4402494       1.0000      -11.993       24.500       25.000       19.601       20.500    
  344.8804989       1.0000      -12.002       24.500       25.000       19.626       20.500    
  345.0000000       1.0000      -12.003       24.500       25.000       19.632       20.500    
  345.0000000       1.0000      -12.003       24.500       25.000       19.632       20.500    
  345.3521996       1.0000      -12.007       24.500       25.000       19.648       20.500    
  345.7043991       1.0000      -12.008       24.500       25.000       19.663       20.500    
  346.0000000       1.0000      -12.008       24.500       25.000       19.674       20.500    
  346.0000000       1.0000      -12.008       24.500       25.000       19.674       20.500    
  346.2817596       1.0000      -12.007       24.500       25.000       19.683       20.500    
  346.5635193       1.0000      -12.005       24.500       25.000       19.691       20.500    
  347.0000000       1.0000      -12.000       24.500       25.000       19.702       20.500    
  347.0000000       1.0000      -12.000       24.500       25.000       19.702       20.500    
  347.2254077       1.0000      -11.996       24.500       25.000       19.707       20.500    
  347.4508154       1.0000      -11.993       24.500       25.000       19.713       20.500    
  347.9016308       1.0000      -11.984       24.500       25.000       19.722       20.500    
  348.0000000       1.0000      -11.982       24.500       25.000       19.724       20.500    
  348.0000000       1.0000      -11.982       24.500       25.000       19.724       20.500    
  348.3606523       1.0000      -11.982       24.500       25.000       19.730       20.500    
  348.7213047       1.0000      -11.981       24.500       25.000       19.737       20.500    
  349.0000000       1.0000      -11.981       24.500       25.000       19.741       20.500    
  349.0000000       1.0000      -11.981       24.500       25.000       19.741       20.500    
  349.2885219       1.0000      -11.980       24.500       25.000       19.746       20.500    
  349.5770437       1.0000      -11.978       24.500       25.000       19.750       20.500    
  350.0000000       1.0000      -11.977       24.500       25.000       19.756       20.500    
  350.0000000       1.0000      -11.977       24.500       25.000       19.756       20.500    
  350.2308175       1.0000      -11.976       24.500       25.000       19.760       20.500    
  350.4616350       1.0000      -11.976       24.500       25.000       19.763       20.500    
  350.9232700       1.0000      -11.976       24.500       25.000       19.768       20.500    
  351.0000000       1.0000      -11.976       24.500       25.000       19.769       20.500    
  351.0000000       1.0000      -11.976       24.500       25.000       19.769       20.500    
  351.3693080       1.0000      -11.977       24.500       25.000       19.774       20.500    
  351.7386160       1.0000      -11.979       24.500       25.000       19.778       20.500    
  352.0000000       1.0000      -11.982       24.500       25.000       19.781       20.500    
  352.0000000       1.0000      -11.982       24.500       25.000       19.781       20.500    
  352.2954464       1.0000      -11.975       24.500       25.000       19.784       20.500    
  352.5908928       1.0000      -11.969       24.500       25.000       19.787       20.500    
  353.0000000       1.0000      -11.963       24.500       25.000       19.790       20.500    
  353.0000000       1.0000      -11.963       24.500       25.000       19.790       20.500    
  353.2363571       1.0000      -11.960       24.500       25.000       19.793       20.500    
  353.4727142       1.0000      -11.958       24.500       25.000       19.794       20.500    
  353.9454285       1.0000      -11.956       24.500       25.000       19.798       20.500    
  354.0000000       1.0000      -11.956       24.500       25.000       19.799       20.500    
  354.0000000       1.0000      -11.956       24.500       25.000       19.799       20.500    
  354.0046237       1.0000      -11.956       24.500       25.000       19.410       20.500    
  354.0092474       1.0000      -11.956       24.500       25.000       19.011       20.500    
  354.0134995       1.0000      -11.956       24.500       25.000       18.861       20.500    
  354.0183217       1.0000      -11.956       24.500       25.000       18.786       20.500    
  354.0235101       1.0000      -11.956       24.500       25.000       18.709       20.500    
  354.0295713       1.0000      -11.956       24.500       25.000       18.624       20.500    
  354.0367419       1.0000      -11.956       24.500       25.000       18.529       20.500    
  354.0460348       1.0000      -11.956       24.500       25.000       18.415       20.500    
  354.0614277       1.0000      -11.956       24.500       25.000       18.246       20.500    
  354.0775703       1.0000      -11.956       24.500       25.000       18.087       20.500    
  354.0952626       1.0000      -11.956       24.500       25.000       17.933       20.500    
  354.1127914       1.0000      -11.956       24.500       25.000       17.796       20.500    
  354.1321187       1.0000      -11.957       24.500       25.000       17.800       20.500    
  354.1528605       1.0000      -11.957       24.500       25.000       18.075       20.500    
  354.1761060       1.0000      -11.957       24.500       25.000       18.305       20.500    
  354.2020698       1.0000      -11.957       24.500       25.000       18.395       20.500    
  354.2319999       1.0000      -11.957       24.500       25.000       18.355       20.500    
  354.2670234       1.0000      -11.957       24.500       25.000       18.272       20.500    
  354.3090897       1.0000      -11.957       24.500       25.000       18.223       20.500    
  354.3608224       1.0000      -11.958       24.500       25.000       18.217       20.500    
  354.4274250       1.0000      -11.958       24.500       25.000       18.217       20.500    
  354.5171731       1.0000      -11.959       24.500       25.000       18.207       20.500    
  354.6460647       1.0000      -11.960       24.500       25.000       18.191       20.500    
  354.8494441       1.0000      -11.962       24.500       25.000       18.171       20.500    
  355.0000000       1.0000      -11.964       24.500       25.000       18.156       20.500    
  355.0000000       1.0000      -11.964       24.500       25.000       18.156       20.500    
  355.0034017       1.0000      -11.964       24.500       25.000       18.156       20.500    
  355.0068033       1.0000      -11.964       24.500       25.000       18.155       20.500    
  355.0136067       1.0000      -11.964       24.500       25.000       18.155       20.500    
  355.0272133       1.0000      -11.964       24.500       25.000       18.153       20.500    
  355.0544266       1.0000      -11.964       24.500       25.000       18.151       20.500    
  355.1088533       1.0000      -11.965       24.500       25.000       18.146       20.500    
  355.2177065       1.0000      -11.967       24.500       25.000       18.136       20.500    
  355.4354131       1.0000      -11.970       24.500       25.000       18.119       20.500    
  355.8708262       1.0000      -11.979       24.500       25.000       18.090       20.500    
  356.0000000       1.0000      -11.982       24.500       25.000       18.082       20.500    
  356.0000000       1.0000      -11.982       24.500       25.000       18.082       20.500    
  356.3483305       1.0000      -11.976       24.500       25.000       18.064       20.500    
  356.6966609       1.0000      -11.972       24.500       25.000       18.049       20.500    
  357.0000000       1.0000      -11.970       24.500       25.000       18.037       20.500    
  357.0000000       1.0000      -11.970       24.500       25.000       18.037       20.500    
  357.2786644       1.0000      -11.968       24.500       25.000       18.027       20.500    
  357.5573287       1.0000      -11.967       24.500       25.000       18.018       20.500    
  358.0000000       1.0000      -11.967       24.500       25.000       18.005       20.500    
  358.0000000       1.0000      -11.967       24.500       25.000       18.005       20.500    
  358.2229315       1.0000      -11.967       24.500       25.000       18.000       20.500    
  358.4458630       1.0000      -11.968       24.500       25.000       17.994       20.500    
  358.4664371       1.0000      -11.968       24.500       25.000       17.994       20.500    
  358.5075854       1.0000      -11.968       24.500       25.000       17.993       20.500    
  358.5075854       1.0000      -11.968       24.500       25.000       17.993       20.500    
  358.6859306       1.0000      -11.969       24.500       25.000       17.989       20.500    
  358.8642758       1.0000      -11.970       24.500       25.000       17.985       20.500    
  359.0000000       1.0000      -11.971       24.500       25.000       17.982       20.500    
  359.0000000       1.0000      -11.971       24.500       25.000       17.982       20.500    
  359.1426762       1.0000      -11.972       24.500       25.000       17.979       20.500    
  359.2853523       1.0000      -11.973       24.500       25.000       17.977       20.500    
  359.5707046       1.0000      -11.976       24.500       25.000       17.971       20.500    
  360.0000000       1.0000      -11.982       24.500       25.000       17.964       20.500    
