#      time         order        q_cool       q_equip      q_heat       q_light      q_loss       q_occ        qintw        ql_a         qventil      qwcb         qwind     
  4679.000000       1.0000       0.0000       0.0000       0.0000       0.0000       0.0000       0.0000       297.62      -12.252      -306.40       125.35      -113.90    
  4679.400000       1.0000       0.0000       0.0000       0.0000       0.0000       0.0000       0.0000       298.45      -12.974      -302.84       125.58      -117.62    
  4679.800000       1.0000       0.0000       0.0000       0.0000       0.0000       0.0000       0.0000       299.78      -13.657      -299.32       125.07      -121.15    
  4680.000000       1.0000       0.0000       0.0000       0.0000       0.0000       0.0000       0.0000       300.58      -13.990      -297.57       124.65      -122.89    
  4680.000000       1.0000       0.0000       0.0000       0.0000       0.0000       0.0000       0.0000       300.58      -13.987      -297.57       124.65      -122.89    
  4680.002746       1.0000       0.0000       0.0000       0.0000       0.0000       0.0000       0.0000       300.59      -13.991      -297.55       124.65      -122.91    
  4680.005491       1.0000       0.0000       0.0000       0.0000       0.0000       0.0000       0.0000       300.60      -13.996      -297.52       124.64      -122.94    
  4680.007168       1.0000       0.0000       0.0000       0.0000       0.0000       0.0000       0.0000       300.60      -13.999      -297.51       124.64      -122.95    
  4680.007168       1.0000       0.0000       0.0000       0.0000       0.0000       0.0000       0.0000       300.60      -13.999      -297.51       124.64      -122.95    
  4680.009364       1.0000       0.0000       0.0000       0.0000       0.0000       0.0000       0.0000       300.61      -14.001      -297.49       124.63      -122.97    
  4680.011560       1.0000       0.0000       0.0000       0.0000       0.0000       0.0000       0.0000       300.62      -14.003      -297.47       124.63      -122.99    
  4680.015953       1.0000       0.0000       0.0000       0.0000       0.0000       0.0000       0.0000       300.64      -14.008      -297.43       124.62      -123.02    
  4680.024739       1.0000       0.0000       0.0000       0.0000       0.0000       0.0000       0.0000       300.67      -14.018      -297.35       124.60      -123.10    
  4680.042311       1.0000       0.0000       0.0000       0.0000       0.0000       0.0000       0.0000       300.74      -14.037      -297.20       124.55      -123.24    
  4680.077454       1.0000       0.0000       0.0000       0.0000       0.0000       0.0000       0.0000       300.88      -14.075      -296.90       124.46      -123.53    
  4680.147740       1.0000       0.0000       0.0000       0.0000       0.0000       0.0000       0.0000       301.14      -14.149      -296.29       124.23      -124.05    
  4680.288312       1.0000       0.0000       0.0000       0.0000       0.0000       0.0000       0.0000       301.68      -14.297      -295.08       123.67      -125.00    
  4680.569457       1.0000       0.0000       0.0000       0.0000       0.0000       0.0000       0.0000       302.90      -14.781      -292.67       122.19      -126.65    
  4680.676913       1.0000       0.0000       0.0000       0.0000       0.0000       0.0000       0.0000       303.44      -14.962      -291.74       121.62      -127.26    
  4680.676913       1.0000       0.0000       0.0000       0.0000       0.0000       0.0000       0.0000       303.44      -14.962      -291.74       121.62      -127.26    
  4680.725999       1.0000       0.0000       0.0000       0.0000       0.0000       0.0000       0.0000       303.66      -15.042      -291.32       121.32      -127.54    
  4680.775084       1.0000       0.0000       0.0000       0.0000       0.0000       0.0000       0.0000       303.89      -15.121      -290.91       121.02      -127.81    
  4680.873255       1.0000       0.0000       0.0000       0.0000       0.0000       0.0000       0.0000       304.40      -15.272      -290.07       120.40      -128.35    
  4681.000000       1.0000       0.0000       0.0000       0.0000       0.0000       0.0000       0.0000       305.09      -15.459      -288.98       119.56      -129.04    
  4681.000000       1.0000       0.0000       0.0000       0.0000       0.0000       0.0000       0.0000       305.09      -15.459      -288.98       119.56      -129.04    
  4681.078537       1.0000       0.0000       0.0000       0.0000       0.0000       0.0000       0.0000       305.48      -15.534      -288.32       118.98      -129.44    
  4681.157073       1.0000       0.0000       0.0000       0.0000       0.0000       0.0000       0.0000       305.87      -15.603      -287.66       118.37      -129.82    
  4681.314147       1.0000       0.0000       0.0000       0.0000       0.0000       0.0000       0.0000       306.67      -15.735      -286.35       117.08      -130.50    
  4681.628294       1.0000       0.0000       0.0000       0.0000       0.0000       0.0000       0.0000       308.43      -15.983      -283.71       114.28      -131.73    
  4682.000000       1.0000       0.0000       0.0000       0.0000       0.0000       0.0000       0.0000       310.59      -16.252      -280.62       110.61      -133.08    
  4682.000000       1.0000       0.0000       0.0000       0.0000       0.0000       0.0000       0.0000       310.59      -16.252      -280.62       110.61      -133.08    
  4682.251318       1.0000       0.0000       0.0000       0.0000       0.0000       0.0000       0.0000       312.14      -16.426      -278.53       108.02      -133.98    
  4682.502635       1.0000       0.0000       0.0000       0.0000       0.0000       0.0000       0.0000       313.77      -16.595      -276.43       105.35      -134.87    
  4683.000000       1.0000       0.0000       0.0000       0.0000       0.0000       0.0000       0.0000       317.19      -16.914      -272.27       99.794      -136.62    
  4683.000000       1.0000       0.0000       0.0000       0.0000       0.0000       0.0000       0.0000       317.19      -16.914      -272.27       99.794      -136.62    
  4683.201054       1.0000       0.0000       0.0000       0.0000       0.0000       0.0000       0.0000       318.51      -16.949      -270.60       97.453      -137.19    
  4683.402108       1.0000       0.0000       0.0000       0.0000       0.0000       0.0000       0.0000       319.80      -16.986      -268.93       95.043      -137.66    
  4683.804216       1.0000       0.0000       0.0000       0.0000       0.0000       0.0000       0.0000       310.33      -17.086      -265.96       82.408      -117.46    
  4684.000000       1.0000       0.0000       0.0000       0.0000       0.0000       0.0000       0.0000       305.74      -17.139      -264.58       76.221      -107.68    
  4684.000000       1.0000       0.0000       0.0000       0.0000       0.0000       0.0000       0.0000       305.74      -17.139      -264.58       76.221      -107.68    
  4684.006434       1.0000       0.0000       0.0000       0.0000       0.0000       0.0000       0.0000       305.57      -17.141      -264.53       76.011      -107.34    
  4684.012867       1.0000       0.0000       0.0000       0.0000       0.0000       0.0000       0.0000       305.41      -17.131      -264.49       75.799      -106.99    
  4684.023281       1.0000       0.0000       0.0000       0.0000       0.0000       0.0000       0.0000       305.14      -17.113      -264.42       75.455      -106.43    
  4684.035208       1.0000       0.0000       0.0000       0.0000       0.0000       0.0000       0.0000       304.83      -17.092      -264.33       75.057      -105.78    
  4684.052861       1.0000       0.0000       0.0000       0.0000       0.0000       0.0000       0.0000       304.36      -17.062      -264.21       74.463      -104.80    
  4684.076880       1.0000       0.0000       0.0000       0.0000       0.0000       0.0000       0.0000       303.71      -17.022      -264.05       73.646      -103.46    
  4684.097778       1.0000       0.0000       0.0000       0.0000       0.0000       0.0000       0.0000       303.13      -16.987      -263.91       72.926      -102.27    
  4684.120423       1.0000       0.0000       0.0000       0.0000       0.0000       0.0000       0.0000       302.49      -16.950      -263.76       72.138      -100.96    
  4684.139275       1.0000       0.0000       0.0000       0.0000       0.0000       0.0000       0.0000       301.95      -16.919      -263.63       71.476      -99.854    
  4684.157926       1.0000       0.0000       0.0000       0.0000       0.0000       0.0000       0.0000       301.41      -16.889      -263.51       70.815      -98.748    
  4684.175122       1.0000       0.0000       0.0000       0.0000       0.0000       0.0000       0.0000       300.90      -16.862      -263.40       70.202      -97.717    
  4684.192204       1.0000       0.0000       0.0000       0.0000       0.0000       0.0000       0.0000       300.39      -16.835      -263.29       69.588      -96.682    
  4684.208820       1.0000       0.0000       0.0000       0.0000       0.0000       0.0000       0.0000       299.89      -16.809      -263.18       68.987      -95.667    
  4684.225480       1.0000       0.0000       0.0000       0.0000       0.0000       0.0000       0.0000       299.38      -16.784      -263.08       68.381      -94.639    
  4684.242636       1.0000       0.0000       0.0000       0.0000       0.0000       0.0000       0.0000       298.85      -16.757      -262.97       67.752      -93.571    
  4684.261189       1.0000       0.0000       0.0000       0.0000       0.0000       0.0000       0.0000       298.27      -16.729      -262.85       67.069      -92.406    
  4684.281348       1.0000       0.0000       0.0000       0.0000       0.0000       0.0000       0.0000       297.64      -16.699      -262.72       66.321      -91.128    
  4684.303612       1.0000       0.0000       0.0000       0.0000       0.0000       0.0000       0.0000       296.93      -16.666      -262.59       65.490      -89.704    
  4684.328532       1.0000       0.0000       0.0000       0.0000       0.0000       0.0000       0.0000       296.13      -16.630      -262.43       64.553      -88.095    
  4684.356756       1.0000       0.0000       0.0000       0.0000       0.0000       0.0000       0.0000       295.21      -16.589      -262.26       63.484      -86.253    
  4684.389260       1.0000       0.0000       0.0000       0.0000       0.0000       0.0000       0.0000       294.13      -16.543      -262.07       62.244      -84.110    
  4684.427364       1.0000       0.0000       0.0000       0.0000       0.0000       0.0000       0.0000       292.86      -16.490      -261.84       60.779      -81.571    
  4684.473144       1.0000       0.0000       0.0000       0.0000       0.0000       0.0000       0.0000       291.31      -16.428      -261.57       59.003      -78.486    
  4684.529743       1.0000       0.0000       0.0000       0.0000       0.0000       0.0000       0.0000       289.38      -16.354      -261.25       56.788      -74.628    
  4684.602625       1.0000       0.0000       0.0000       0.0000       0.0000       0.0000       0.0000       286.85      -16.260      -260.84       53.911      -69.602    
  4684.602625       1.0000       0.0000       0.0000       0.0000       0.0000       0.0000       0.0000       286.85      -16.260      -260.84       53.911      -69.602    
  4684.610956       1.0000       0.0000       0.0000       0.0000       0.0000       0.0000       0.0000       286.56      -16.250      -260.79       53.581      -69.025    
  4684.619287       1.0000       0.0000       0.0000       0.0000       0.0000       0.0000       0.0000       286.27      -16.239      -260.74       53.251      -68.448    
  4684.635950       1.0000       0.0000       0.0000       0.0000       0.0000       0.0000       0.0000       285.69      -16.218      -260.65       52.590      -67.291    
  4684.669274       1.0000       0.0000       0.0000       0.0000       0.0000       0.0000       0.0000       284.52      -16.177      -260.47       51.264      -64.969    
  4684.735923       1.0000       0.0000       0.0000       0.0000       0.0000       0.0000       0.0000       282.17      -16.097      -260.10       48.599      -60.297    
  4684.869222       1.0000       0.0000      0.96279       0.0000       1.1542       0.0000       1.1261       276.19      -15.949      -259.53       42.433      -50.931    
  4685.000000       1.0000       0.0000       2.7818       0.0000       3.3347       0.0000       3.2538       268.90      -15.818      -259.16       35.490      -41.744    
  4685.000000       1.0000       0.0000       2.7818       0.0000       3.3347       0.0000       3.2537       268.90      -15.818      -259.16       35.490      -41.744    
  4685.106639       1.0000       0.0000       7.2314       0.0000       8.6686       0.0000       8.4596       258.81      -15.488      -259.31       27.210      -34.171    
  4685.213277       1.0000       0.0000       12.050       0.0000       14.445       0.0000       14.101       247.09      -15.166      -259.75       18.018      -26.457    
  4685.426554       1.0000       0.0000       27.621       0.0000       33.109       0.0000       32.348       212.47      -14.626      -262.04      -6.6886      -10.915    
  4685.756748       1.0000       0.0000       64.130       0.0000       76.857       0.0000       75.262       132.33      -14.039      -269.36      -62.875       21.024    
  4686.000000       1.0000       0.0000       100.14       0.0000       120.00       0.0000       117.76       62.689      -13.761      -277.50      -112.60       38.525    
  4686.000000       1.0000       0.0000       100.14       0.0000       120.00       0.0000       117.76       62.691      -13.761      -277.50      -112.60       38.525    
  4686.034124       1.0000       0.0000       105.36       0.0000       126.26       0.0000       123.93       53.009      -13.584      -278.73      -119.68       41.003    
  4686.068249       1.0000       0.0000       110.59       0.0000       132.51       0.0000       130.11       43.109      -13.376      -280.02      -126.76       43.507    
  4686.077952       1.0000       0.0000       112.07       0.0000       134.29       0.0000       131.87       40.277      -13.317      -280.39      -128.79       44.220    
  4686.097358       1.0000       0.0000       115.04       0.0000       137.85       0.0000       135.39       34.555      -13.201      -281.15      -132.88       45.654    
  4686.136170       1.0000       0.0000       120.98       0.0000       144.96       0.0000       142.44       22.930      -13.066      -282.72      -141.19       48.559    
  4686.181830       1.0000       0.0000       127.96       0.0000       153.33       0.0000       150.73       9.0735      -12.984      -284.64      -151.11       52.027    
  4686.196032       1.0000       0.0000       130.14       0.0000       155.93       0.0000       153.31       4.7484      -12.959      -285.24      -154.20       53.108    
  4686.224435       1.0000       0.0000       133.80       0.0000       160.32       0.0000       157.67      -3.4027      -12.908      -286.44      -160.03       55.320    
  4686.235797       1.0000       0.0000       135.22       0.0000       162.02       0.0000       159.37      -6.6423      -12.888      -286.91      -162.34       56.209    
  4686.258519       1.0000       0.0000       138.07       0.0000       165.43       0.0000       162.75      -13.062      -12.846      -287.85      -166.92       57.999    
  4686.303965       1.0000       0.0000       143.76       0.0000       172.24       0.0000       169.53      -25.722      -12.760      -289.70      -175.99       61.621    
  4686.322143       1.0000       0.0000       146.03       0.0000       174.96       0.0000       172.24      -30.756      -12.725      -290.44      -179.61       63.073    
  4686.358499       1.0000       0.0000       150.58       0.0000       180.41       0.0000       177.67      -40.745      -12.654      -291.91      -186.81       65.998    
  4686.373041       1.0000       0.0000       152.40       0.0000       182.59       0.0000       179.84      -44.726      -12.626      -292.49      -189.68       67.169    
  4686.402126       1.0000       0.0000       155.99       0.0000       186.88       0.0000       184.11      -52.590      -12.568      -293.66      -195.38       69.523    
  4686.413760       1.0000       0.0000       157.12       0.0000       188.23       0.0000       185.47      -55.469      -12.545      -294.12      -197.49       70.478    
  4686.437028       1.0000       0.0000       159.38       0.0000       190.94       0.0000       188.18      -61.118      -12.497      -295.01      -201.64       72.395    
  4686.483564       1.0000       0.0000       163.92       0.0000       196.37       0.0000       193.61      -72.078      -12.398      -296.74      -209.77       76.246    
  4686.576636       1.0000       0.0000       172.98       0.0000       207.21       0.0000       204.47      -93.171      -12.188      -300.06      -225.61       83.990    
  4686.613865       1.0000       0.0000       176.22       0.0000       211.08       0.0000       208.36      -101.10      -12.102      -301.35      -231.64       87.156    
  4686.688322       1.0000       0.0000       181.39       0.0000       217.27       0.0000       214.60      -114.99      -11.919      -303.73      -242.50       93.521    
  4686.837237       1.0000       0.0000       190.71       0.0000       228.41       0.0000       225.86      -139.32      -11.518      -307.97      -262.26       106.14    
  4686.847164       1.0000       0.0000       191.13       0.0000       228.91       0.0000       226.36      -140.86      -11.492      -304.87      -263.53       106.98    
  4686.847164       1.0000       0.0000       191.13       0.0000       228.91       0.0000       226.36      -140.86      -11.537      -307.59      -263.53       106.98    
  4686.874463       1.0000       0.0000       192.27       0.0000       230.27       0.0000       227.75      -144.66      -11.531      -308.33      -266.74       109.29    
  4686.901763       1.0000       0.0000       193.41       0.0000       231.63       0.0000       229.13      -148.31      -11.520      -309.03      -269.87       111.60    
  4686.956362       1.0000       0.0000       195.68       0.0000       234.35       0.0000       231.89      -155.20      -11.482      -310.33      -275.88       116.19    
  4687.000000       1.0000       0.0000       197.51       0.0000       236.52       0.0000       234.09      -160.49      -11.442      -311.33      -280.56       119.84    
  4687.000000       1.0000       0.0000       197.51       0.0000       236.52       0.0000       234.09      -160.49      -11.442      -311.33      -280.56       119.84    
  4687.043679       1.0000       0.0000       198.11       0.0000       237.24       0.0000       234.85      -164.37      -11.378      -312.21      -284.35       123.54    
  4687.087358       1.0000       0.0000       198.72       0.0000       237.96       0.0000       235.59      -167.91      -11.299      -313.01      -287.92       127.24    
  4687.150293       1.0000       0.0000       199.60       0.0000       239.00       0.0000       236.66      -172.50      -11.162      -314.04      -292.78       132.56    
  4687.203309       1.0000       0.0000       200.29       0.0000       239.81       0.0000       237.49      -176.05      -11.029      -314.84      -296.67       137.02    
  4687.266602       1.0000       0.0000       200.29       0.0000       239.80       0.0000       237.50      -179.10      -10.847      -315.67      -300.57       142.35    
  4687.330669       1.0000       0.0000       200.29       0.0000       239.79       0.0000       237.49      -181.79      -10.644      -316.40      -304.27       147.72    
  4687.407310       1.0000       0.0000       200.29       0.0000       239.78       0.0000       237.48      -184.66      -10.380      -317.20      -308.47       154.09    
  4687.426106       1.0000       0.0000       200.29       0.0000       239.77       0.0000       237.47      -185.33      -10.313      -317.39      -309.49       155.65    
  4687.463698       1.0000       0.0000       200.29       0.0000       239.77       0.0000       237.46      -186.63      -10.176      -317.75      -311.48       158.74    
  4687.478735       1.0000       0.0000       200.29       0.0000       239.76       0.0000       237.45      -187.14      -10.120      -317.89      -312.26       159.97    
  4687.508809       1.0000       0.0000       200.29       0.0000       239.76       0.0000       237.44      -188.13      -10.008      -318.17      -313.82       162.43    
  4687.520838       1.0000       0.0000       200.29       0.0000       239.75       0.0000       237.44      -188.51      -9.9623      -318.28      -314.44       163.41    
  4687.544897       1.0000       0.0000       200.29       0.0000       239.75       0.0000       237.43      -189.27      -9.8708      -318.50      -315.67       165.37    
  4687.593015       1.0000       0.0000       200.29       0.0000       239.74       0.0000       237.40      -190.74      -9.6846      -318.92      -318.08       169.26    
  4687.689251       1.0000       0.0000       200.29       0.0000       239.72       0.0000       237.33      -193.54      -9.3008      -319.73      -322.80       176.96    
  4687.822690       1.0000       0.0000       200.29       0.0000       239.70       0.0000       237.22      -197.25      -8.7424      -320.83      -329.14       187.45    
  4687.951402       1.0000       0.0000       200.29       0.0000       239.67       0.0000       237.09      -200.72      -8.1789      -321.87      -335.07       197.35    
  4688.000000       1.0000       0.0000       200.29       0.0000       239.66       0.0000       237.04      -202.00      -7.9618      -322.26      -337.28       201.03    
  4688.000000       1.0000       0.0000       200.29       0.0000       239.66       0.0000       237.04      -202.00      -7.9618      -322.26      -337.28       201.03    
  4688.050348       1.0000       0.0000       200.29       0.0000       239.65       0.0000       236.99      -203.31      -7.7526      -322.66      -339.54       204.78    
  4688.100696       1.0000       0.0000       200.29       0.0000       239.64       0.0000       236.94      -204.59      -7.5440      -323.06      -341.76       208.49    
  4688.201392       1.0000       0.0000       200.29       0.0000       239.62       0.0000       236.82      -207.11      -7.1178      -323.85      -346.08       215.75    
  4688.201392       1.0000       0.0000       200.29       0.0000       239.62       0.0000       236.82      -207.11      -7.1178      -323.85      -346.08       215.75    
  4688.241670       1.0000       0.0000       200.29       0.0000       239.62       0.0000       236.78      -208.10      -6.9453      -324.17      -347.78       218.60    
  4688.281949       1.0000       0.0000       200.29       0.0000       239.61       0.0000       236.73      -209.07      -6.7712      -324.48      -349.46       221.42    
  4688.362505       1.0000       0.0000       200.29       0.0000       239.59       0.0000       236.63      -211.03      -6.4181      -325.12      -352.76       227.19    
  4688.362505       1.0000       0.0000       200.29       0.0000       239.59       0.0000       236.63      -211.03      -6.4181      -325.12      -352.76       227.19    
  4688.394728       1.0000       0.0000       200.29       0.0000       239.59       0.0000       236.59      -211.80      -6.2757      -325.38      -354.07       229.44    
  4688.426951       1.0000       0.0000       200.29       0.0000       239.52       0.0000       236.55      -218.92      -6.1331      -325.65      -359.39       242.81    
  4688.491396       1.0000       0.0000       200.29       0.0000       239.51       0.0000       236.48      -220.71      -5.8448      -326.19      -362.01       247.40    
  4688.620287       1.0000       0.0000       200.29       0.0000       239.48       0.0000       236.32      -224.03      -5.2573      -327.24      -367.04       256.02    
  4688.878068       1.0000       0.0000       200.29       0.0000       239.44       0.0000       236.00      -230.28      -4.0557      -329.27      -376.17       272.42    
  4689.000000       1.0000       0.0000       200.29       0.0000       239.41       0.0000       235.85      -233.12      -3.4794      -330.24      -380.25       279.87    
  4689.000000       1.0000       0.0000       200.29       0.0000       239.41       0.0000       235.85      -233.12      -3.4794      -330.24      -380.25       279.87    
  4689.086572       1.0000       0.0000       200.29       0.0000       239.40       0.0000       235.75      -235.07      -3.1078      -330.92      -383.01       284.97    
  4689.173145       1.0000       0.0000       200.29       0.0000       239.38       0.0000       235.65      -236.99      -2.7402      -331.61      -385.67       290.12    
  4689.189801       1.0000       0.0000       200.29       0.0000       239.38       0.0000       235.63      -237.36      -2.6694      -331.74      -386.18       291.13    
  4689.223112       1.0000       0.0000       200.29       0.0000       239.38       0.0000       235.59      -238.09      -2.5278      -332.01      -387.18       293.14    
  4689.223112       1.0000       0.0000       200.29       0.0000       239.38       0.0000       235.59      -238.09      -2.5278      -332.01      -387.18       293.14    
  4689.292370       1.0000       0.0000       200.29       0.0000       239.36       0.0000       235.51      -239.62      -2.2112      -332.58      -389.22       297.22    
  4689.361628       1.0000       0.0000       200.29       0.0000       239.35       0.0000       235.44      -241.14      -1.9021      -333.16      -391.18       301.14    
  4689.500144       1.0000       0.0000       200.29       0.0000       239.33       0.0000       235.30      -244.13      -1.2921      -334.32      -394.86       308.52    
  4689.777176       1.0000       0.0000       200.29       0.0000       239.29       0.0000       235.05      -250.10     -8.29250E-02  -336.68      -401.26       322.51    
  4690.000000       1.0000       0.0000       200.29       0.0000       239.26       0.0000       234.86      -254.85      0.88342      -338.61      -405.79       333.13    
  4690.000000       1.0000       0.0000       200.29       0.0000       239.26       0.0000       234.86      -254.85      0.88342      -338.61      -405.79       333.13    
  4690.221626       1.0000       0.0000       200.29       0.0000       239.24       0.0000       234.70      -259.08       1.5420      -340.52      -409.40       342.34    
  4690.443251       1.0000       0.0000       200.29       0.0000       239.22       0.0000       234.55      -262.98       2.1824      -342.43      -412.25       350.48    
  4690.886502       1.0000       0.0000       200.29       0.0000       239.18       0.0000       234.31      -270.36       3.4344      -346.27      -415.68       364.23    
  4690.886502       1.0000       0.0000       200.29       0.0000       239.18       0.0000       234.31      -270.36       3.4344      -346.27      -415.68       364.23    
  4690.943251       1.0000       0.0000       200.29       0.0000       239.18       0.0000       234.28      -271.24       3.5944      -346.76      -416.04       365.85    
  4691.000000       1.0000       0.0000       200.29       0.0000       239.17       0.0000       234.25      -272.11       3.7540      -347.25      -416.37       367.43    
  4691.000000       1.0000       0.0000       200.29       0.0000       239.17       0.0000       234.25      -272.11       3.7540      -347.25      -416.37       367.43    
  4691.045399       1.0000       0.0000       200.29       0.0000       239.17       0.0000       234.23      -272.79       3.8603      -347.65      -416.60       368.65    
  4691.090798       1.0000       0.0000       200.29       0.0000       239.17       0.0000       234.20      -273.45       3.9623      -348.04      -416.80       369.82    
  4691.181596       1.0000       0.0000       200.29       0.0000       239.16       0.0000       234.16      -274.75       4.1649      -348.83      -417.10       372.02    
  4691.363193       1.0000       0.0000       200.29       0.0000       239.16       0.0000       234.08      -277.24       4.5661      -350.39      -417.33       375.97    
  4691.726385       1.0000       0.0000       200.29       0.0000       239.15       0.0000       233.95      -282.06       5.3531      -353.54      -416.57       382.55    
  4692.000000       1.0000       0.0000       200.29       0.0000       239.14       0.0000       233.86      -285.50       5.9395      -355.92      -415.29       386.64    
  4692.000000       1.0000       0.0000       200.29       0.0000       239.14       0.0000       233.86      -285.50       5.9395      -355.92      -415.29       386.64    
  4692.290554       1.0000       0.0000       200.29       0.0000       240.05       0.0000       233.78      -178.11       6.3570      -357.19      -344.19       203.64    
  4692.581108       1.0000       0.0000       200.29       0.0000       240.04       0.0000       233.70      -196.90       6.7250      -359.63      -350.34       234.97    
  4693.000000       1.0000       0.0000       200.29       0.0000       240.01       0.0000       233.61      -228.22       7.2135      -364.19      -360.13       282.87    
  4693.000000       1.0000       0.0000       200.29       0.0000       240.01       0.0000       233.61      -228.22       7.2135      -364.19      -360.13       282.87    
  4693.232443       1.0000       0.0000       200.29       0.0000       239.99       0.0000       233.56      -244.45       7.1626      -366.85      -364.60       306.96    
  4693.464887       1.0000       0.0000       200.29       0.0000       239.97       0.0000       233.53      -260.11       7.0951      -369.59      -368.58       329.83    
  4693.929773       1.0000       0.0000       200.29       0.0000       239.94       0.0000       233.46      -289.02       6.9459      -375.27      -375.13       371.64    
  4694.000000       1.0000       0.0000       200.29       0.0000       239.93       0.0000       233.46      -293.29       6.9231      -376.13      -376.07       377.82    
  4694.000000       1.0000       0.0000       200.29       0.0000       239.93       0.0000       233.46      -293.29       6.9231      -376.13      -376.07       377.82    
  4694.371909       1.0000       0.0000       200.29       0.0000       239.90       0.0000       233.43      -312.76       6.1886      -380.57      -379.36       405.45    
  4694.743819       1.0000       0.0000       200.29       0.0000       239.88       0.0000       233.41      -329.13       5.4462      -384.88      -381.15       428.35    
  4695.000000       1.0000       0.0000       200.29       0.0000       239.86       0.0000       233.41      -338.81       4.9362      -387.78      -381.64       441.65    
  4695.000000       1.0000       0.0000       200.29       0.0000       239.86       0.0000       233.41      -338.81       4.9360      -387.78      -381.64       441.65    
  4695.297527       1.0000       0.0000       200.29       0.0000       239.84       0.0000       233.42      -348.00       4.1801      -391.00      -381.32       454.01    
  4695.595055       1.0000       0.0000       200.29       0.0000       239.78       0.0000       233.44      -362.38       3.4153      -394.31      -384.67       476.14    
  4696.000000       1.0000       0.0000       197.51       0.0000       236.43       0.0000       230.22      -364.92       2.4038      -397.81      -379.36       484.62    
  4696.000000       1.0000       0.0000       197.51       0.0000       236.43       0.0000       230.22      -364.92       2.4026      -397.80      -379.36       484.62    
  4696.026105       1.0000       0.0000       196.42       0.0000       235.13       0.0000       228.95      -364.14       2.3288      -397.99      -378.42       485.05    
  4696.052211       1.0000       0.0000       195.33       0.0000       233.82       0.0000       227.68      -363.21       2.2526      -398.13      -377.38       485.44    
  4696.104422       1.0000       0.0000       193.15       0.0000       231.21       0.0000       225.15      -360.90       2.1048      -398.30      -375.01       486.09    
  4696.104422       1.0000       0.0000       193.15       0.0000       231.21       0.0000       225.15      -360.90       2.1049      -398.30      -375.01       486.09    
  4696.125306       1.0000       0.0000       192.28       0.0000       230.17       0.0000       224.13      -359.90       2.0465      -398.36      -374.02       486.31    
  4696.146190       1.0000       0.0000       191.41       0.0000       229.13       0.0000       223.11      -358.85       1.9886      -398.40      -372.99       486.51    
  4696.187959       1.0000       0.0000       189.66       0.0000       227.04       0.0000       221.08      -356.54       1.8750      -398.42      -370.81       486.81    
  4696.271496       1.0000       0.0000       184.19       0.0000       220.49       0.0000       214.70      -349.08       1.6616      -398.15      -364.65       487.17    
  4696.438571       1.0000       0.0000       171.50       0.0000       205.29       0.0000       199.89      -329.05       1.2811      -396.56      -349.05       486.68    
  4696.772720       1.0000       0.0000       134.16       0.0000       160.57       0.0000       156.31      -275.81      0.70890      -389.54      -318.10       509.53    
  4697.000000       1.0000       0.0000       100.14       0.0000       119.85       0.0000       116.63      -224.44      0.41429      -383.02      -289.38       529.62    
  4697.000000       1.0000       0.0000       100.14       0.0000       119.85       0.0000       116.63      -224.44      0.41416      -383.02      -289.38       529.62    
  4697.005541       1.0000       0.0000       99.296       0.0000       118.83       0.0000       115.64      -223.11      0.40702      -382.86      -288.63       530.08    
  4697.011081       1.0000       0.0000       98.448       0.0000       117.82       0.0000       114.65      -221.77      0.39437      -382.70      -287.87       530.53    
  4697.015515       1.0000       0.0000       97.770       0.0000       117.01       0.0000       113.86      -220.70      0.38279      -382.57      -287.25       530.88    
  4697.020775       1.0000       0.0000       96.965       0.0000       116.04       0.0000       112.92      -219.42      0.36910      -382.42      -286.54       531.30    
  4697.026264       1.0000       0.0000       96.125       0.0000       115.04       0.0000       111.95      -218.09      0.35486      -382.26      -285.82       531.74    
  4697.032896       1.0000       0.0000       95.111       0.0000       113.82       0.0000       110.76      -216.46      0.33774      -382.06      -284.94       532.27    
  4697.040928       1.0000       0.0000       93.882       0.0000       112.35       0.0000       109.33      -214.48      0.31709      -381.82      -283.88       532.90    
  4697.052239       1.0000       0.0000       92.151       0.0000       110.28       0.0000       107.31      -211.68      0.28819      -381.48      -282.36       533.77    
  4697.066491       1.0000       0.0000       89.971       0.0000       107.67       0.0000       104.77      -208.12      0.25207      -381.05      -280.43       534.86    
  4697.083985       1.0000       0.0000       87.294       0.0000       104.47       0.0000       101.65      -203.70      0.20813      -380.51      -278.03       536.17    
  4697.099707       1.0000       0.0000       84.889       0.0000       101.59       0.0000       98.845      -199.70      0.16892      -380.02      -275.85       537.32    
  4697.117630       1.0000       0.0000       82.147       0.0000       98.305       0.0000       95.648      -195.10      0.12458      -379.46      -273.34       538.60    
  4697.135959       1.0000       0.0000       79.342       0.0000       94.948       0.0000       92.379      -190.35      7.95643E-02  -378.88      -270.74       539.87    
  4697.156833       1.0000       0.0000       76.149       0.0000       91.126       0.0000       88.656      -184.91      2.87167E-02  -378.21      -267.75       541.28    
  4697.179761       1.0000       0.0000       72.641       0.0000       86.927       0.0000       84.568      -178.87     -2.66972E-02  -377.48      -264.43       542.77    
  4697.185048       1.0000       0.0000       71.832       0.0000       85.959       0.0000       83.625      -177.48     -3.93585E-02  -377.31      -263.66       543.10    
  4697.195624       1.0000       0.0000       70.214       0.0000       84.022       0.0000       81.739      -174.67     -6.46198E-02  -376.96      -262.11       543.77    
  4697.216774       1.0000       0.0000       67.444       0.0000       80.708       0.0000       78.511      -169.67     -0.11536      -376.29      -259.27       545.03    
  4697.246180       1.0000       0.0000       63.763       0.0000       76.302       0.0000       74.221      -163.29     -0.18619      -375.36      -255.43       546.69    
  4697.283125       1.0000       0.0000       59.139       0.0000       70.767       0.0000       68.832      -155.29     -0.27544      -374.20      -250.58       548.64    
  4697.329032       1.0000       0.0000       53.392       0.0000       63.890       0.0000       62.136      -145.37     -0.38644      -372.78      -244.49       550.85    
  4697.386995       1.0000       0.0000       46.136       0.0000       55.207       0.0000       53.684      -132.81     -0.52636      -370.98      -236.70       553.31    
  4697.462957       1.0000       0.0000       38.379       0.0000       45.923       0.0000       44.649      -118.31     -0.71518      -368.78      -227.56       555.91    
  4697.567809       1.0000       0.0000       28.170       0.0000       33.707       0.0000       32.764      -100.42     -0.98383      -365.94      -214.31       558.45    
  4697.724021       1.0000       0.0000       16.411       0.0000       19.637       0.0000       19.081      -79.781      -1.3672      -362.31      -196.03       559.85    
  4697.724021       1.0000       0.0000       16.411       0.0000       19.637       0.0000       19.081      -79.781      -1.3661      -362.31      -196.03       559.85    
  4697.727568       1.0000       0.0000       16.164       0.0000       19.342       0.0000       18.794      -79.326      -1.3981      -362.22      -195.61       559.86    
  4697.731114       1.0000       0.0000       15.918       0.0000       19.046       0.0000       18.507      -78.872      -1.4082      -362.14      -195.18       559.87    
  4697.738208       1.0000       0.0000       15.424       0.0000       18.456       0.0000       17.933      -77.972      -1.4250      -361.98      -194.33       559.88    
  4697.752394       1.0000       0.0000       14.438       0.0000       17.276       0.0000       16.786      -76.182      -1.4586      -361.66      -192.64       559.88    
  4697.780767       1.0000       0.0000       12.465       0.0000       14.915       0.0000       14.491      -72.707      -1.5270      -361.04      -189.29       559.80    
  4697.837514       1.0000       0.0000       9.5618       0.0000       11.441       0.0000       11.115      -67.069      -1.6694      -359.93      -183.32       559.30    
  4697.951006       1.0000       0.0000       4.8261       0.0000       5.7749       0.0000       5.6093      -58.125      -1.9738      -358.08      -172.35       557.06    
  4698.000000       1.0000       0.0000       2.7818       0.0000       3.3287       0.0000       3.2330      -54.385      -2.1071      -357.32      -167.50       555.67    
  4698.000000       1.0000       0.0000       2.7818       0.0000       3.3287       0.0000       3.2330      -54.385      -2.1070      -357.32      -167.50       555.67    
  4698.090794       1.0000       0.0000       1.5189       0.0000       1.8176       0.0000       1.7652      -50.796      -2.2940      -356.26      -160.38       552.32    
  4698.181588       1.0000       0.0000      0.25609       0.0000      0.30646       0.0000      0.29760      -47.828      -2.4837      -355.39      -153.34       548.07    
  4698.363176       1.0000       0.0000       0.0000       0.0000       0.0000       0.0000       0.0000      -45.303      -2.9005      -354.23      -140.82       536.53    
  4698.651298       1.0000       0.0000       0.0000       0.0000       0.0000       0.0000       0.0000      -49.492      -3.6179      -353.01      -128.35       529.98    
  4698.983799       1.0000       0.0000       0.0000       0.0000       0.0000       0.0000       0.0000      -41.346      -4.4743      -351.48      -108.93       501.37    
  4698.983799       1.0000       0.0000       0.0000       0.0000       0.0000       0.0000       0.0000      -41.346      -4.4738      -351.48      -108.93       501.37    
  4698.991899       1.0000       0.0000       0.0000       0.0000       0.0000       0.0000       0.0000      -41.006      -4.4944      -351.44      -108.37       500.42    
  4699.000000       1.0000       0.0000       0.0000       0.0000       0.0000       0.0000       0.0000      -40.655      -4.5150      -351.41      -107.80       499.46    
  4699.000000       1.0000       0.0000       0.0000       0.0000       0.0000       0.0000       0.0000      -40.655      -4.5150      -351.41      -107.80       499.46    
  4699.006480       1.0000       0.0000       0.0000       0.0000       0.0000       0.0000       0.0000      -40.367      -4.5315      -351.37      -107.35       498.68    
  4699.012961       1.0000       0.0000       0.0000       0.0000       0.0000       0.0000       0.0000      -40.073      -4.5454      -351.34      -106.90       497.90    
  4699.025922       1.0000       0.0000       0.0000       0.0000       0.0000       0.0000       0.0000      -39.465      -4.5729      -351.28      -105.98       496.30    
  4699.051844       1.0000       0.0000       0.0000       0.0000       0.0000       0.0000       0.0000      -38.170      -4.6281      -351.16      -104.13       492.98    
  4699.103687       1.0000       0.0000       0.0000       0.0000       0.0000       0.0000       0.0000      -35.237      -4.7386      -350.90      -100.29       485.86    
  4699.207374       1.0000       0.0000       0.0000       0.0000       0.0000       0.0000       0.0000      -28.009      -4.9604      -350.33      -92.166       469.67    
  4699.414749       1.0000       0.0000       0.0000       0.0000       0.0000       0.0000       0.0000      -7.8820      -5.4038      -348.97      -74.167       429.51    
  4699.829497       1.0000       0.0000       0.0000       0.0000       0.0000       0.0000       0.0000       111.54      -6.2249      -343.50      -14.185       238.44    
  4700.000000       1.0000       0.0000       0.0000       0.0000       0.0000       0.0000       0.0000       164.70      -6.5475      -340.82       12.881       153.20    
  4700.000000       1.0000       0.0000       0.0000       0.0000       0.0000       0.0000       0.0000       164.70      -6.5475      -340.82       12.881       153.20    
  4700.331799       1.0000       0.0000       0.0000       0.0000       0.0000       0.0000       0.0000       211.05      -7.1807      -335.54       41.514       73.381    
  4700.663598       1.0000       0.0000       0.0000       0.0000       0.0000       0.0000       0.0000       286.82      -7.8056      -329.99       90.160      -56.823    
  4701.000000       1.0000       0.0000       0.0000       0.0000       0.0000       0.0000       0.0000       295.97      -8.4668      -325.37       102.60      -79.242    
  4701.000000       1.0000       0.0000       0.0000       0.0000       0.0000       0.0000       0.0000       295.97      -8.4668      -325.37       102.60      -79.242    
  4701.265439       1.0000       0.0000       0.0000       0.0000       0.0000       0.0000       0.0000       298.69      -8.8998      -322.18       109.22      -89.548    
  4701.530878       1.0000       0.0000       0.0000       0.0000       0.0000       0.0000       0.0000       299.18      -9.3316      -319.29       113.87      -95.909    
  4701.845387       1.0000       0.0000       0.0000       0.0000       0.0000       0.0000       0.0000       298.57      -9.8422      -316.14       117.72      -100.90    
  4701.845387       1.0000       0.0000       0.0000       0.0000       0.0000       0.0000       0.0000       298.57      -9.8422      -316.14       117.72      -100.90    
  4701.922693       1.0000       0.0000       0.0000       0.0000       0.0000       0.0000       0.0000       298.37      -9.9657      -315.38       118.57      -101.97    
  4702.000000       1.0000       0.0000       0.0000       0.0000       0.0000       0.0000       0.0000       298.14      -10.089      -314.63       119.35      -102.98    
  4702.000000       1.0000       0.0000       0.0000       0.0000       0.0000       0.0000       0.0000       298.14      -10.089      -314.63       119.35      -102.98    
  4702.061845       1.0000       0.0000       0.0000       0.0000       0.0000       0.0000       0.0000       297.94      -10.187      -314.04       119.93      -103.75    
  4702.123690       1.0000       0.0000       0.0000       0.0000       0.0000       0.0000       0.0000       297.75      -10.286      -313.45       120.47      -104.49    
  4702.247381       1.0000       0.0000       0.0000       0.0000       0.0000       0.0000       0.0000       297.38      -10.482      -312.30       121.42      -105.89    
  4702.320319       1.0000       0.0000       0.0000       0.0000       0.0000       0.0000       0.0000       297.18      -10.597      -311.62       121.94      -106.70    
  4702.320319       1.0000       0.0000       0.0000       0.0000       0.0000       0.0000       0.0000       297.18      -10.625      -313.31       121.94      -106.70    
  4702.419271       1.0000       0.0000       0.0000       0.0000       0.0000       0.0000       0.0000       297.13      -10.879      -311.34       122.69      -107.76    
  4702.518223       1.0000       0.0000       0.0000       0.0000       0.0000       0.0000       0.0000       297.06      -11.126      -310.40       123.33      -108.81    
  4702.643255       1.0000       0.0000       0.0000       0.0000       0.0000       0.0000       0.0000       297.00      -11.427      -309.24       124.00      -110.12    
  4702.799802       1.0000       0.0000       0.0000       0.0000       0.0000       0.0000       0.0000       297.01      -11.790      -307.81       124.68      -111.75    
  4703.000000       1.0000       0.0000       0.0000       0.0000       0.0000       0.0000       0.0000       297.18      -12.236      -305.99       125.28      -113.81    
