#      time         order        anzahl_ka1   anzahl_kal   anzahl_wa1   anzahl_war   pmv_1        ppd_1     
  4679.000000       1.0000       0.0000       0.0000       0.0000       0.0000       0.0000       0.0000    
  4679.400000       1.0000       0.0000       0.0000       0.0000       0.0000       0.0000       0.0000    
  4679.800000       1.0000       0.0000       0.0000       0.0000       0.0000       0.0000       0.0000    
  4680.000000       1.0000       0.0000       0.0000       0.0000       0.0000       0.0000       0.0000    
  4680.000000       1.0000       0.0000       0.0000       0.0000       0.0000       0.0000       0.0000    
  4680.002746       1.0000       0.0000       0.0000       0.0000       0.0000       0.0000       0.0000    
  4680.005491       1.0000       0.0000       0.0000       0.0000       0.0000       0.0000       0.0000    
  4680.007168       1.0000       0.0000       0.0000       0.0000       0.0000       0.0000       0.0000    
  4680.007168       1.0000       0.0000       0.0000       0.0000       0.0000       0.0000       0.0000    
  4680.009364       1.0000       0.0000       0.0000       0.0000       0.0000       0.0000       0.0000    
  4680.011560       1.0000       0.0000       0.0000       0.0000       0.0000       0.0000       0.0000    
  4680.015953       1.0000       0.0000       0.0000       0.0000       0.0000       0.0000       0.0000    
  4680.024739       1.0000       0.0000       0.0000       0.0000       0.0000       0.0000       0.0000    
  4680.042311       1.0000       0.0000       0.0000       0.0000       0.0000       0.0000       0.0000    
  4680.077454       1.0000       0.0000       0.0000       0.0000       0.0000       0.0000       0.0000    
  4680.147740       1.0000       0.0000       0.0000       0.0000       0.0000       0.0000       0.0000    
  4680.288312       1.0000       0.0000       0.0000       0.0000       0.0000       0.0000       0.0000    
  4680.569457       1.0000       0.0000       0.0000       0.0000       0.0000       0.0000       0.0000    
  4680.676913       1.0000       0.0000       0.0000       0.0000       0.0000       0.0000       0.0000    
  4680.676913       1.0000       0.0000       0.0000       0.0000       0.0000       0.0000       0.0000    
  4680.725999       1.0000       0.0000       0.0000       0.0000       0.0000       0.0000       0.0000    
  4680.775084       1.0000       0.0000       0.0000       0.0000       0.0000       0.0000       0.0000    
  4680.873255       1.0000       0.0000       0.0000       0.0000       0.0000       0.0000       0.0000    
  4681.000000       1.0000       0.0000       0.0000       0.0000       0.0000       0.0000       0.0000    
  4681.000000       1.0000       0.0000       0.0000       0.0000       0.0000       0.0000       0.0000    
  4681.078537       1.0000       0.0000       0.0000       0.0000       0.0000       0.0000       0.0000    
  4681.157073       1.0000       0.0000       0.0000       0.0000       0.0000       0.0000       0.0000    
  4681.314147       1.0000       0.0000       0.0000       0.0000       0.0000       0.0000       0.0000    
  4681.628294       1.0000       0.0000       0.0000       0.0000       0.0000       0.0000       0.0000    
  4682.000000       1.0000       0.0000       0.0000       0.0000       0.0000       0.0000       0.0000    
  4682.000000       1.0000       0.0000       0.0000       0.0000       0.0000       0.0000       0.0000    
  4682.251318       1.0000       0.0000       0.0000       0.0000       0.0000       0.0000       0.0000    
  4682.502635       1.0000       0.0000       0.0000       0.0000       0.0000       0.0000       0.0000    
  4683.000000       1.0000       0.0000       0.0000       0.0000       0.0000       0.0000       0.0000    
  4683.000000       1.0000       0.0000       0.0000       0.0000       0.0000       0.0000       0.0000    
  4683.201054       1.0000       0.0000       0.0000       0.0000       0.0000       0.0000       0.0000    
  4683.402108       1.0000       0.0000       0.0000       0.0000       0.0000       0.0000       0.0000    
  4683.804216       1.0000       0.0000       0.0000       0.0000       0.0000       0.0000       0.0000    
  4684.000000       1.0000       0.0000       0.0000       0.0000       0.0000       0.0000       0.0000    
  4684.000000       1.0000       0.0000       0.0000       0.0000       0.0000       0.0000       0.0000    
  4684.006434       1.0000       0.0000       0.0000       0.0000       0.0000       0.0000       0.0000    
  4684.012867       1.0000       0.0000       0.0000       0.0000       0.0000       0.0000       0.0000    
  4684.023281       1.0000       0.0000       0.0000       0.0000       0.0000       0.0000       0.0000    
  4684.035208       1.0000       0.0000       0.0000       0.0000       0.0000       0.0000       0.0000    
  4684.052861       1.0000       0.0000       0.0000       0.0000       0.0000       0.0000       0.0000    
  4684.076880       1.0000       0.0000       0.0000       0.0000       0.0000       0.0000       0.0000    
  4684.097778       1.0000       0.0000       0.0000       0.0000       0.0000       0.0000       0.0000    
  4684.120423       1.0000       0.0000       0.0000       0.0000       0.0000       0.0000       0.0000    
  4684.139275       1.0000       0.0000       0.0000       0.0000       0.0000       0.0000       0.0000    
  4684.157926       1.0000       0.0000       0.0000       0.0000       0.0000       0.0000       0.0000    
  4684.175122       1.0000       0.0000       0.0000       0.0000       0.0000       0.0000       0.0000    
  4684.192204       1.0000       0.0000       0.0000       0.0000       0.0000       0.0000       0.0000    
  4684.208820       1.0000       0.0000       0.0000       0.0000       0.0000       0.0000       0.0000    
  4684.225480       1.0000       0.0000       0.0000       0.0000       0.0000       0.0000       0.0000    
  4684.242636       1.0000       0.0000       0.0000       0.0000       0.0000       0.0000       0.0000    
  4684.261189       1.0000       0.0000       0.0000       0.0000       0.0000       0.0000       0.0000    
  4684.281348       1.0000       0.0000       0.0000       0.0000       0.0000       0.0000       0.0000    
  4684.303612       1.0000       0.0000       0.0000       0.0000       0.0000       0.0000       0.0000    
  4684.328532       1.0000       0.0000       0.0000       0.0000       0.0000       0.0000       0.0000    
  4684.356756       1.0000       0.0000       0.0000       0.0000       0.0000       0.0000       0.0000    
  4684.389260       1.0000       0.0000       0.0000       0.0000       0.0000       0.0000       0.0000    
  4684.427364       1.0000       0.0000       0.0000       0.0000       0.0000       0.0000       0.0000    
  4684.473144       1.0000       0.0000       0.0000       0.0000       0.0000       0.0000       0.0000    
  4684.529743       1.0000       0.0000       0.0000       0.0000       0.0000       0.0000       0.0000    
  4684.602625       1.0000       0.0000       0.0000       0.0000       0.0000       0.0000       0.0000    
  4684.602625       1.0000       0.0000       0.0000       0.0000       0.0000       0.0000       0.0000    
  4684.610956       1.0000       0.0000       0.0000       0.0000       0.0000       0.0000       0.0000    
  4684.619287       1.0000       0.0000       0.0000       0.0000       0.0000       0.0000       0.0000    
  4684.635950       1.0000       0.0000       0.0000       0.0000       0.0000       0.0000       0.0000    
  4684.669274       1.0000       0.0000       0.0000       0.0000       0.0000       0.0000       0.0000    
  4684.735923       1.0000       0.0000       0.0000       0.0000       0.0000       0.0000       0.0000    
  4684.869222       1.0000       0.0000       0.0000       0.0000       0.0000     -0.20710       5.8896    
  4685.000000       1.0000       0.0000       0.0000       0.0000       0.0000     -0.20662       5.8854    
  4685.000000       1.0000       0.0000       0.0000       0.0000       0.0000     -0.20662       5.8854    
  4685.106639       1.0000       0.0000       0.0000       0.0000       0.0000     -0.20570       5.8775    
  4685.213277       1.0000       0.0000       0.0000       0.0000       0.0000     -0.20459       5.8680    
  4685.426554       1.0000       0.0000       0.0000       0.0000       0.0000     -0.19948       5.8252    
  4685.756748       1.0000       0.0000       0.0000       0.0000       0.0000     -0.18508       5.7102    
  4686.000000       1.0000       0.0000       0.0000       0.0000       0.0000     -0.16991       5.5984    
  4686.000000       1.0000       0.0000       0.0000       0.0000       0.0000     -0.16991       5.5984    
  4686.034124       1.0000       0.0000       0.0000       0.0000       0.0000     -0.16766       5.5826    
  4686.068249       1.0000       0.0000       0.0000       0.0000       0.0000     -0.16531       5.5664    
  4686.077952       1.0000       0.0000       0.0000       0.0000       0.0000     -0.16464       5.5618    
  4686.097358       1.0000       0.0000       0.0000       0.0000       0.0000     -0.16325       5.5524    
  4686.136170       1.0000       0.0000       0.0000       0.0000       0.0000     -0.16041       5.5333    
  4686.181830       1.0000       0.0000       0.0000       0.0000       0.0000     -0.15699       5.5108    
  4686.196032       1.0000       0.0000       0.0000       0.0000       0.0000     -0.15593       5.5038    
  4686.224435       1.0000       0.0000       0.0000       0.0000       0.0000     -0.15386       5.4906    
  4686.235797       1.0000       0.0000       0.0000       0.0000       0.0000     -0.15305       5.4854    
  4686.258519       1.0000       0.0000       0.0000       0.0000       0.0000     -0.15142       5.4751    
  4686.303965       1.0000       0.0000       0.0000       0.0000       0.0000     -0.14820       5.4551    
  4686.322143       1.0000       0.0000       0.0000       0.0000       0.0000     -0.14692       5.4473    
  4686.358499       1.0000       0.0000       0.0000       0.0000       0.0000     -0.14436       5.4318    
  4686.373041       1.0000       0.0000       0.0000       0.0000       0.0000     -0.14334       5.4257    
  4686.402126       1.0000       0.0000       0.0000       0.0000       0.0000     -0.14131       5.4137    
  4686.413760       1.0000       0.0000       0.0000       0.0000       0.0000     -0.14053       5.4092    
  4686.437028       1.0000       0.0000       0.0000       0.0000       0.0000     -0.13901       5.4003    
  4686.483564       1.0000       0.0000       0.0000       0.0000       0.0000     -0.13605       5.3834    
  4686.576636       1.0000       0.0000       0.0000       0.0000       0.0000     -0.13034       5.3519    
  4686.613865       1.0000       0.0000       0.0000       0.0000       0.0000     -0.12814       5.3402    
  4686.688322       1.0000       0.0000       0.0000       0.0000       0.0000     -0.12412       5.3191    
  4686.837237       1.0000       0.0000       0.0000       0.0000       0.0000     -0.11704       5.2837    
  4686.847164       1.0000       0.0000       0.0000       0.0000       0.0000     -0.11656       5.2814    
  4686.847164       1.0000       0.0000       0.0000       0.0000       0.0000     -0.11656       5.2814    
  4686.874463       1.0000       0.0000       0.0000       0.0000       0.0000     -0.11109       5.2556    
  4686.901763       1.0000       0.0000       0.0000       0.0000       0.0000     -0.10933       5.2476    
  4686.956362       1.0000       0.0000       0.0000       0.0000       0.0000     -0.10664       5.2355    
  4687.000000       1.0000       0.0000       0.0000       0.0000       0.0000     -0.10484       5.2276    
  4687.000000       1.0000       0.0000       0.0000       0.0000       0.0000     -0.10484       5.2276    
  4687.043679       1.0000       0.0000       0.0000       0.0000       0.0000     -0.10336       5.2213    
  4687.087358       1.0000       0.0000       0.0000       0.0000       0.0000     -0.10207       5.2158    
  4687.150293       1.0000       0.0000       0.0000       0.0000       0.0000     -0.10046       5.2090    
  4687.203309       1.0000       0.0000       0.0000       0.0000       0.0000     -9.91867E-02   5.2037    
  4687.266602       1.0000       0.0000       0.0000       0.0000       0.0000     -9.78672E-02   5.1984    
  4687.330669       1.0000       0.0000       0.0000       0.0000       0.0000     -9.65799E-02   5.1932    
  4687.407310       1.0000       0.0000       0.0000       0.0000       0.0000     -9.50342E-02   5.1870    
  4687.426106       1.0000       0.0000       0.0000       0.0000       0.0000     -9.46541E-02   5.1855    
  4687.463698       1.0000       0.0000       0.0000       0.0000       0.0000     -9.38851E-02   5.1825    
  4687.478735       1.0000       0.0000       0.0000       0.0000       0.0000     -9.35753E-02   5.1813    
  4687.508809       1.0000       0.0000       0.0000       0.0000       0.0000     -9.29494E-02   5.1789    
  4687.520838       1.0000       0.0000       0.0000       0.0000       0.0000     -9.26969E-02   5.1779    
  4687.544897       1.0000       0.0000       0.0000       0.0000       0.0000     -9.21877E-02   5.1760    
  4687.593015       1.0000       0.0000       0.0000       0.0000       0.0000     -9.11458E-02   5.1720    
  4687.689251       1.0000       0.0000       0.0000       0.0000       0.0000     -8.89919E-02   5.1640    
  4687.822690       1.0000       0.0000       0.0000       0.0000       0.0000     -8.59154E-02   5.1529    
  4687.951402       1.0000       0.0000       0.0000       0.0000       0.0000     -8.28928E-02   5.1423    
  4688.000000       1.0000       0.0000       0.0000       0.0000       0.0000     -8.17456E-02   5.1384    
  4688.000000       1.0000       0.0000       0.0000       0.0000       0.0000     -8.17456E-02   5.1384    
  4688.050348       1.0000       0.0000       0.0000       0.0000       0.0000     -8.05536E-02   5.1344    
  4688.100696       1.0000       0.0000       0.0000       0.0000       0.0000     -7.93586E-02   5.1304    
  4688.201392       1.0000       0.0000       0.0000       0.0000       0.0000     -7.69608E-02   5.1226    
  4688.201392       1.0000       0.0000       0.0000       0.0000       0.0000     -7.69608E-02   5.1226    
  4688.241670       1.0000       0.0000       0.0000       0.0000       0.0000     -7.60011E-02   5.1196    
  4688.281949       1.0000       0.0000       0.0000       0.0000       0.0000     -7.50340E-02   5.1166    
  4688.362505       1.0000       0.0000       0.0000       0.0000       0.0000     -7.30774E-02   5.1106    
  4688.362505       1.0000       0.0000       0.0000       0.0000       0.0000     -7.30774E-02   5.1106    
  4688.394728       1.0000       0.0000       0.0000       0.0000       0.0000     -7.22932E-02   5.1082    
  4688.426951       1.0000       0.0000       0.0000       0.0000       0.0000     -7.10658E-02   5.1046    
  4688.491396       1.0000       0.0000       0.0000       0.0000       0.0000     -6.93105E-02   5.0995    
  4688.620287       1.0000       0.0000       0.0000       0.0000       0.0000     -6.59015E-02   5.0899    
  4688.878068       1.0000       0.0000       0.0000       0.0000       0.0000     -5.91135E-02   5.0723    
  4689.000000       1.0000       0.0000       0.0000       0.0000       0.0000     -5.58844E-02   5.0647    
  4689.000000       1.0000       0.0000       0.0000       0.0000       0.0000     -5.58844E-02   5.0647    
  4689.086572       1.0000       0.0000       0.0000       0.0000       0.0000     -5.35821E-02   5.0594    
  4689.173145       1.0000       0.0000       0.0000       0.0000       0.0000     -5.12301E-02   5.0543    
  4689.189801       1.0000       0.0000       0.0000       0.0000       0.0000     -5.07754E-02   5.0534    
  4689.223112       1.0000       0.0000       0.0000       0.0000       0.0000     -4.98615E-02   5.0515    
  4689.223112       1.0000       0.0000       0.0000       0.0000       0.0000     -4.98616E-02   5.0515    
  4689.292370       1.0000       0.0000       0.0000       0.0000       0.0000     -4.79104E-02   5.0475    
  4689.361628       1.0000       0.0000       0.0000       0.0000       0.0000     -4.59472E-02   5.0437    
  4689.500144       1.0000       0.0000       0.0000       0.0000       0.0000     -4.19560E-02   5.0364    
  4689.777176       1.0000       0.0000       0.0000       0.0000       0.0000     -3.36707E-02   5.0235    
  4690.000000       1.0000       0.0000       0.0000       0.0000       0.0000     -2.67605E-02   5.0148    
  4690.000000       1.0000       0.0000       0.0000       0.0000       0.0000     -2.67606E-02   5.0148    
  4690.221626       1.0000       0.0000       0.0000       0.0000       0.0000     -1.98383E-02   5.0081    
  4690.443251       1.0000       0.0000       0.0000       0.0000       0.0000     -1.28395E-02   5.0034    
  4690.886502       1.0000       0.0000       0.0000       0.0000       0.0000      1.47040E-03   5.0000    
  4690.886502       1.0000       0.0000       0.0000       0.0000       0.0000      1.47040E-03   5.0000    
  4690.943251       1.0000       0.0000       0.0000       0.0000       0.0000      3.30884E-03   5.0002    
  4691.000000       1.0000       0.0000       0.0000       0.0000       0.0000      5.15201E-03   5.0005    
  4691.000000       1.0000       0.0000       0.0000       0.0000       0.0000      5.15201E-03   5.0005    
  4691.045399       1.0000       0.0000       0.0000       0.0000       0.0000      6.62569E-03   5.0009    
  4691.090798       1.0000       0.0000       0.0000       0.0000       0.0000      8.09888E-03   5.0014    
  4691.181596       1.0000       0.0000       0.0000       0.0000       0.0000      1.10421E-02   5.0025    
  4691.363193       1.0000       0.0000       0.0000       0.0000       0.0000      1.69215E-02   5.0059    
  4691.726385       1.0000       0.0000       0.0000       0.0000       0.0000      2.87290E-02   5.0171    
  4692.000000       1.0000       0.0000       0.0000       0.0000       0.0000      3.76647E-02   5.0294    
  4692.000000       1.0000       0.0000       0.0000       0.0000       0.0000      3.76647E-02   5.0294    
  4692.290554       1.0000       0.0000       0.0000       0.0000       0.0000      4.69710E-02   5.0457    
  4692.581108       1.0000       0.0000       0.0000       0.0000       0.0000      5.61280E-02   5.0652    
  4693.000000       1.0000       0.0000       0.0000       0.0000       0.0000      6.90873E-02   5.0988    
  4693.000000       1.0000       0.0000       0.0000       0.0000       0.0000      6.90873E-02   5.0988    
  4693.232443       1.0000       0.0000       0.0000       0.0000       0.0000      7.59576E-02   5.1195    
  4693.464887       1.0000       0.0000       0.0000       0.0000       0.0000      8.25546E-02   5.1411    
  4693.929773       1.0000       0.0000       0.0000       0.0000       0.0000      9.49116E-02   5.1865    
  4694.000000       1.0000       0.0000       0.0000       0.0000       0.0000      9.67532E-02   5.1939    
  4694.000000       1.0000       0.0000       0.0000       0.0000       0.0000      9.67532E-02   5.1939    
  4694.371909       1.0000       0.0000       0.0000       0.0000       0.0000      0.10529       5.2296    
  4694.743819       1.0000       0.0000       0.0000       0.0000       0.0000      0.11286       5.2638    
  4695.000000       1.0000       0.0000       0.0000       0.0000       0.0000      0.11767       5.2868    
  4695.000000       1.0000       0.0000       0.0000       0.0000       0.0000      0.11767       5.2868    
  4695.297527       1.0000       0.0000       0.0000       0.0000       0.0000      0.12258       5.3112    
  4695.595055       1.0000       0.0000       0.0000       0.0000       0.0000      0.12570       5.3273    
  4696.000000       1.0000       0.0000       0.0000       0.0000       0.0000      0.12867       5.3430    
  4696.000000       1.0000       0.0000       0.0000       0.0000       0.0000      0.12867       5.3430    
  4696.026105       1.0000       0.0000       0.0000       0.0000       0.0000      0.12872       5.3433    
  4696.052211       1.0000       0.0000       0.0000       0.0000       0.0000      0.12872       5.3433    
  4696.104422       1.0000       0.0000       0.0000       0.0000       0.0000      0.12857       5.3424    
  4696.104422       1.0000       0.0000       0.0000       0.0000       0.0000      0.12857       5.3424    
  4696.125306       1.0000       0.0000       0.0000       0.0000       0.0000      0.12849       5.3420    
  4696.146190       1.0000       0.0000       0.0000       0.0000       0.0000      0.12838       5.3414    
  4696.187959       1.0000       0.0000       0.0000       0.0000       0.0000      0.12811       5.3400    
  4696.271496       1.0000       0.0000       0.0000       0.0000       0.0000      0.12693       5.3337    
  4696.438571       1.0000       0.0000       0.0000       0.0000       0.0000      0.12293       5.3130    
  4696.772720       1.0000       0.0000       0.0000       0.0000       0.0000      0.10761       5.2398    
  4697.000000       1.0000       0.0000       0.0000       0.0000       0.0000      9.27522E-02   5.1782    
  4697.000000       1.0000       0.0000       0.0000       0.0000       0.0000      9.27522E-02   5.1782    
  4697.005541       1.0000       0.0000       0.0000       0.0000       0.0000      9.23867E-02   5.1768    
  4697.011081       1.0000       0.0000       0.0000       0.0000       0.0000      9.20236E-02   5.1754    
  4697.015515       1.0000       0.0000       0.0000       0.0000       0.0000      9.17397E-02   5.1743    
  4697.020775       1.0000       0.0000       0.0000       0.0000       0.0000      9.14019E-02   5.1730    
  4697.026264       1.0000       0.0000       0.0000       0.0000       0.0000      9.10485E-02   5.1717    
  4697.032896       1.0000       0.0000       0.0000       0.0000       0.0000      9.06203E-02   5.1701    
  4697.040928       1.0000       0.0000       0.0000       0.0000       0.0000      9.00999E-02   5.1681    
  4697.052239       1.0000       0.0000       0.0000       0.0000       0.0000      8.93643E-02   5.1654    
  4697.066491       1.0000       0.0000       0.0000       0.0000       0.0000      8.84330E-02   5.1619    
  4697.083985       1.0000       0.0000       0.0000       0.0000       0.0000      8.72850E-02   5.1578    
  4697.099707       1.0000       0.0000       0.0000       0.0000       0.0000      8.62507E-02   5.1540    
  4697.117630       1.0000       0.0000       0.0000       0.0000       0.0000      8.50690E-02   5.1499    
  4697.135959       1.0000       0.0000       0.0000       0.0000       0.0000      8.38592E-02   5.1456    
  4697.156833       1.0000       0.0000       0.0000       0.0000       0.0000      8.24812E-02   5.1409    
  4697.179761       1.0000       0.0000       0.0000       0.0000       0.0000      8.09690E-02   5.1358    
  4697.185048       1.0000       0.0000       0.0000       0.0000       0.0000      7.66301E-02   5.1216    
  4697.195624       1.0000       0.0000       0.0000       0.0000       0.0000      7.54027E-02   5.1177    
  4697.216774       1.0000       0.0000       0.0000       0.0000       0.0000      7.31557E-02   5.1108    
  4697.246180       1.0000       0.0000       0.0000       0.0000       0.0000      7.03204E-02   5.1024    
  4697.283125       1.0000       0.0000       0.0000       0.0000       0.0000      6.70948E-02   5.0932    
  4697.329032       1.0000       0.0000       0.0000       0.0000       0.0000      6.34686E-02   5.0834    
  4697.386995       1.0000       0.0000       0.0000       0.0000       0.0000      5.92993E-02   5.0728    
  4697.462957       1.0000       0.0000       0.0000       0.0000       0.0000      5.46103E-02   5.0617    
  4697.567809       1.0000       0.0000       0.0000       0.0000       0.0000      4.87927E-02   5.0493    
  4697.724021       1.0000       0.0000       0.0000       0.0000       0.0000      4.14760E-02   5.0356    
  4697.724021       1.0000       0.0000       0.0000       0.0000       0.0000      4.14760E-02   5.0356    
  4697.727568       1.0000       0.0000       0.0000       0.0000       0.0000      4.13120E-02   5.0353    
  4697.731114       1.0000       0.0000       0.0000       0.0000       0.0000      4.11487E-02   5.0351    
  4697.738208       1.0000       0.0000       0.0000       0.0000       0.0000      4.08245E-02   5.0345    
  4697.752394       1.0000       0.0000       0.0000       0.0000       0.0000      4.01807E-02   5.0334    
  4697.780767       1.0000       0.0000       0.0000       0.0000       0.0000      3.89284E-02   5.0314    
  4697.837514       1.0000       0.0000       0.0000       0.0000       0.0000      3.66781E-02   5.0278    
  4697.951006       1.0000       0.0000       0.0000       0.0000       0.0000      3.27608E-02   5.0222    
  4698.000000       1.0000       0.0000       0.0000       0.0000       0.0000      3.11318E-02   5.0201    
  4698.000000       1.0000       0.0000       0.0000       0.0000       0.0000      3.11318E-02   5.0201    
  4698.090794       1.0000       0.0000       0.0000       0.0000       0.0000      2.87982E-02   5.0172    
  4698.181588       1.0000       0.0000       0.0000       0.0000       0.0000      2.67386E-02   5.0148    
  4698.363176       1.0000       0.0000       0.0000       0.0000       0.0000       0.0000       0.0000    
  4698.651298       1.0000       0.0000       0.0000       0.0000       0.0000       0.0000       0.0000    
  4698.983799       1.0000       0.0000       0.0000       0.0000       0.0000       0.0000       0.0000    
  4698.983799       1.0000       0.0000       0.0000       0.0000       0.0000       0.0000       0.0000    
  4698.991899       1.0000       0.0000       0.0000       0.0000       0.0000       0.0000       0.0000    
  4699.000000       1.0000       0.0000       0.0000       0.0000       0.0000       0.0000       0.0000    
  4699.000000       1.0000       0.0000       0.0000       0.0000       0.0000       0.0000       0.0000    
  4699.006480       1.0000       0.0000       0.0000       0.0000       0.0000       0.0000       0.0000    
  4699.012961       1.0000       0.0000       0.0000       0.0000       0.0000       0.0000       0.0000    
  4699.025922       1.0000       0.0000       0.0000       0.0000       0.0000       0.0000       0.0000    
  4699.051844       1.0000       0.0000       0.0000       0.0000       0.0000       0.0000       0.0000    
  4699.103687       1.0000       0.0000       0.0000       0.0000       0.0000       0.0000       0.0000    
  4699.207374       1.0000       0.0000       0.0000       0.0000       0.0000       0.0000       0.0000    
  4699.414749       1.0000       0.0000       0.0000       0.0000       0.0000       0.0000       0.0000    
  4699.829497       1.0000       0.0000       0.0000       0.0000       0.0000       0.0000       0.0000    
  4700.000000       1.0000       0.0000       0.0000       0.0000       0.0000       0.0000       0.0000    
  4700.000000       1.0000       0.0000       0.0000       0.0000       0.0000       0.0000       0.0000    
  4700.331799       1.0000       0.0000       0.0000       0.0000       0.0000       0.0000       0.0000    
  4700.663598       1.0000       0.0000       0.0000       0.0000       0.0000       0.0000       0.0000    
  4701.000000       1.0000       0.0000       0.0000       0.0000       0.0000       0.0000       0.0000    
  4701.000000       1.0000       0.0000       0.0000       0.0000       0.0000       0.0000       0.0000    
  4701.265439       1.0000       0.0000       0.0000       0.0000       0.0000       0.0000       0.0000    
  4701.530878       1.0000       0.0000       0.0000       0.0000       0.0000       0.0000       0.0000    
  4701.845387       1.0000       0.0000       0.0000       0.0000       0.0000       0.0000       0.0000    
  4701.845387       1.0000       0.0000       0.0000       0.0000       0.0000       0.0000       0.0000    
  4701.922693       1.0000       0.0000       0.0000       0.0000       0.0000       0.0000       0.0000    
  4702.000000       1.0000       0.0000       0.0000       0.0000       0.0000       0.0000       0.0000    
  4702.000000       1.0000       0.0000       0.0000       0.0000       0.0000       0.0000       0.0000    
  4702.061845       1.0000       0.0000       0.0000       0.0000       0.0000       0.0000       0.0000    
  4702.123690       1.0000       0.0000       0.0000       0.0000       0.0000       0.0000       0.0000    
  4702.247381       1.0000       0.0000       0.0000       0.0000       0.0000       0.0000       0.0000    
  4702.320319       1.0000       0.0000       0.0000       0.0000       0.0000       0.0000       0.0000    
  4702.320319       1.0000       0.0000       0.0000       0.0000       0.0000       0.0000       0.0000    
  4702.419271       1.0000       0.0000       0.0000       0.0000       0.0000       0.0000       0.0000    
  4702.518223       1.0000       0.0000       0.0000       0.0000       0.0000       0.0000       0.0000    
  4702.643255       1.0000       0.0000       0.0000       0.0000       0.0000       0.0000       0.0000    
  4702.799802       1.0000       0.0000       0.0000       0.0000       0.0000       0.0000       0.0000    
  4703.000000       1.0000       0.0000       0.0000       0.0000       0.0000       0.0000       0.0000    
