#      time         order        anzahl_ka1   anzahl_kal   anzahl_wa1   anzahl_war   pmv_1        ppd_1     
  4679.000000       1.0000       0.0000       0.0000       0.0000       0.0000       0.0000       0.0000    
  4679.400000       1.0000       0.0000       0.0000       0.0000       0.0000       0.0000       0.0000    
  4679.800000       1.0000       0.0000       0.0000       0.0000       0.0000       0.0000       0.0000    
  4680.000000       1.0000       0.0000       0.0000       0.0000       0.0000       0.0000       0.0000    
  4680.000000       1.0000       0.0000       0.0000       0.0000       0.0000       0.0000       0.0000    
  4680.002746       1.0000       0.0000       0.0000       0.0000       0.0000       0.0000       0.0000    
  4680.005491       1.0000       0.0000       0.0000       0.0000       0.0000       0.0000       0.0000    
  4680.007168       1.0000       0.0000       0.0000       0.0000       0.0000       0.0000       0.0000    
  4680.007168       1.0000       0.0000       0.0000       0.0000       0.0000       0.0000       0.0000    
  4680.009364       1.0000       0.0000       0.0000       0.0000       0.0000       0.0000       0.0000    
  4680.011560       1.0000       0.0000       0.0000       0.0000       0.0000       0.0000       0.0000    
  4680.015953       1.0000       0.0000       0.0000       0.0000       0.0000       0.0000       0.0000    
  4680.024739       1.0000       0.0000       0.0000       0.0000       0.0000       0.0000       0.0000    
  4680.042311       1.0000       0.0000       0.0000       0.0000       0.0000       0.0000       0.0000    
  4680.077454       1.0000       0.0000       0.0000       0.0000       0.0000       0.0000       0.0000    
  4680.147740       1.0000       0.0000       0.0000       0.0000       0.0000       0.0000       0.0000    
  4680.288312       1.0000       0.0000       0.0000       0.0000       0.0000       0.0000       0.0000    
  4680.569457       1.0000       0.0000       0.0000       0.0000       0.0000       0.0000       0.0000    
  4680.676913       1.0000       0.0000       0.0000       0.0000       0.0000       0.0000       0.0000    
  4680.676913       1.0000       0.0000       0.0000       0.0000       0.0000       0.0000       0.0000    
  4680.725999       1.0000       0.0000       0.0000       0.0000       0.0000       0.0000       0.0000    
  4680.775084       1.0000       0.0000       0.0000       0.0000       0.0000       0.0000       0.0000    
  4680.873255       1.0000       0.0000       0.0000       0.0000       0.0000       0.0000       0.0000    
  4681.000000       1.0000       0.0000       0.0000       0.0000       0.0000       0.0000       0.0000    
  4681.000000       1.0000       0.0000       0.0000       0.0000       0.0000       0.0000       0.0000    
  4681.078537       1.0000       0.0000       0.0000       0.0000       0.0000       0.0000       0.0000    
  4681.157073       1.0000       0.0000       0.0000       0.0000       0.0000       0.0000       0.0000    
  4681.314147       1.0000       0.0000       0.0000       0.0000       0.0000       0.0000       0.0000    
  4681.628294       1.0000       0.0000       0.0000       0.0000       0.0000       0.0000       0.0000    
  4682.000000       1.0000       0.0000       0.0000       0.0000       0.0000       0.0000       0.0000    
  4682.000000       1.0000       0.0000       0.0000       0.0000       0.0000       0.0000       0.0000    
  4682.251318       1.0000       0.0000       0.0000       0.0000       0.0000       0.0000       0.0000    
  4682.502635       1.0000       0.0000       0.0000       0.0000       0.0000       0.0000       0.0000    
  4683.000000       1.0000       0.0000       0.0000       0.0000       0.0000       0.0000       0.0000    
  4683.000000       1.0000       0.0000       0.0000       0.0000       0.0000       0.0000       0.0000    
  4683.201054       1.0000       0.0000       0.0000       0.0000       0.0000       0.0000       0.0000    
  4683.402108       1.0000       0.0000       0.0000       0.0000       0.0000       0.0000       0.0000    
  4683.804216       1.0000       0.0000       0.0000       0.0000       0.0000       0.0000       0.0000    
  4684.000000       1.0000       0.0000       0.0000       0.0000       0.0000       0.0000       0.0000    
  4684.000000       1.0000       0.0000       0.0000       0.0000       0.0000       0.0000       0.0000    
  4684.006434       1.0000       0.0000       0.0000       0.0000       0.0000       0.0000       0.0000    
  4684.012867       1.0000       0.0000       0.0000       0.0000       0.0000       0.0000       0.0000    
  4684.023281       1.0000       0.0000       0.0000       0.0000       0.0000       0.0000       0.0000    
  4684.035208       1.0000       0.0000       0.0000       0.0000       0.0000       0.0000       0.0000    
  4684.052861       1.0000       0.0000       0.0000       0.0000       0.0000       0.0000       0.0000    
  4684.076880       1.0000       0.0000       0.0000       0.0000       0.0000       0.0000       0.0000    
  4684.097778       1.0000       0.0000       0.0000       0.0000       0.0000       0.0000       0.0000    
  4684.120423       1.0000       0.0000       0.0000       0.0000       0.0000       0.0000       0.0000    
  4684.139275       1.0000       0.0000       0.0000       0.0000       0.0000       0.0000       0.0000    
  4684.157926       1.0000       0.0000       0.0000       0.0000       0.0000       0.0000       0.0000    
  4684.175122       1.0000       0.0000       0.0000       0.0000       0.0000       0.0000       0.0000    
  4684.192204       1.0000       0.0000       0.0000       0.0000       0.0000       0.0000       0.0000    
  4684.208820       1.0000       0.0000       0.0000       0.0000       0.0000       0.0000       0.0000    
  4684.225480       1.0000       0.0000       0.0000       0.0000       0.0000       0.0000       0.0000    
  4684.242636       1.0000       0.0000       0.0000       0.0000       0.0000       0.0000       0.0000    
  4684.261189       1.0000       0.0000       0.0000       0.0000       0.0000       0.0000       0.0000    
  4684.281348       1.0000       0.0000       0.0000       0.0000       0.0000       0.0000       0.0000    
  4684.303612       1.0000       0.0000       0.0000       0.0000       0.0000       0.0000       0.0000    
  4684.328532       1.0000       0.0000       0.0000       0.0000       0.0000       0.0000       0.0000    
  4684.356756       1.0000       0.0000       0.0000       0.0000       0.0000       0.0000       0.0000    
  4684.389260       1.0000       0.0000       0.0000       0.0000       0.0000       0.0000       0.0000    
  4684.427364       1.0000       0.0000       0.0000       0.0000       0.0000       0.0000       0.0000    
  4684.473144       1.0000       0.0000       0.0000       0.0000       0.0000       0.0000       0.0000    
  4684.529743       1.0000       0.0000       0.0000       0.0000       0.0000       0.0000       0.0000    
  4684.602625       1.0000       0.0000       0.0000       0.0000       0.0000       0.0000       0.0000    
  4684.602625       1.0000       0.0000       0.0000       0.0000       0.0000       0.0000       0.0000    
  4684.610956       1.0000       0.0000       0.0000       0.0000       0.0000       0.0000       0.0000    
  4684.619287       1.0000       0.0000       0.0000       0.0000       0.0000       0.0000       0.0000    
  4684.635950       1.0000       0.0000       0.0000       0.0000       0.0000       0.0000       0.0000    
  4684.669274       1.0000       0.0000       0.0000       0.0000       0.0000       0.0000       0.0000    
  4684.735923       1.0000       0.0000       0.0000       0.0000       0.0000       0.0000       0.0000    
  4684.869222       1.0000       0.0000       0.0000       0.0000       0.0000     -0.15694       5.5104    
  4685.000000       1.0000       0.0000       0.0000       0.0000       0.0000     -0.15102       5.4726    
  4685.000000       1.0000       0.0000       0.0000       0.0000       0.0000     -0.15102       5.4726    
  4685.106639       1.0000       0.0000       0.0000       0.0000       0.0000     -0.14553       5.4388    
  4685.213277       1.0000       0.0000       0.0000       0.0000       0.0000     -0.13973       5.4045    
  4685.426554       1.0000       0.0000       0.0000       0.0000       0.0000     -0.12622       5.3300    
  4685.756748       1.0000       0.0000       0.0000       0.0000       0.0000     -0.10031       5.2084    
  4686.000000       1.0000       0.0000       0.0000       0.0000       0.0000     -7.68134E-02   5.1222    
  4686.000000       1.0000       0.0000       0.0000       0.0000       0.0000     -7.68134E-02   5.1222    
  4686.034124       1.0000       0.0000       0.0000       0.0000       0.0000     -7.34086E-02   5.1116    
  4686.068249       1.0000       0.0000       0.0000       0.0000       0.0000     -6.99136E-02   5.1012    
  4686.077952       1.0000       0.0000       0.0000       0.0000       0.0000     -6.89127E-02   5.0983    
  4686.097358       1.0000       0.0000       0.0000       0.0000       0.0000     -6.68867E-02   5.0926    
  4686.136170       1.0000       0.0000       0.0000       0.0000       0.0000     -6.27789E-02   5.0816    
  4686.181830       1.0000       0.0000       0.0000       0.0000       0.0000     -5.79091E-02   5.0694    
  4686.196032       1.0000       0.0000       0.0000       0.0000       0.0000     -5.63911E-02   5.0658    
  4686.224435       1.0000       0.0000       0.0000       0.0000       0.0000     -5.34386E-02   5.0591    
  4686.235797       1.0000       0.0000       0.0000       0.0000       0.0000     -5.22663E-02   5.0566    
  4686.258519       1.0000       0.0000       0.0000       0.0000       0.0000     -4.99375E-02   5.0516    
  4686.303965       1.0000       0.0000       0.0000       0.0000       0.0000     -4.53184E-02   5.0425    
  4686.322143       1.0000       0.0000       0.0000       0.0000       0.0000     -4.34755E-02   5.0391    
  4686.358499       1.0000       0.0000       0.0000       0.0000       0.0000     -3.98036E-02   5.0328    
  4686.373041       1.0000       0.0000       0.0000       0.0000       0.0000     -3.83370E-02   5.0304    
  4686.402126       1.0000       0.0000       0.0000       0.0000       0.0000     -3.54188E-02   5.0260    
  4686.413760       1.0000       0.0000       0.0000       0.0000       0.0000     -3.42853E-02   5.0243    
  4686.437028       1.0000       0.0000       0.0000       0.0000       0.0000     -3.20510E-02   5.0213    
  4686.483564       1.0000       0.0000       0.0000       0.0000       0.0000     -2.76921E-02   5.0159    
  4686.576636       1.0000       0.0000       0.0000       0.0000       0.0000     -1.92451E-02   5.0077    
  4686.613865       1.0000       0.0000       0.0000       0.0000       0.0000     -1.59646E-02   5.0053    
  4686.688322       1.0000       0.0000       0.0000       0.0000       0.0000     -9.83871E-03   5.0020    
  4686.837237       1.0000       0.0000       0.0000       0.0000       0.0000      1.37222E-03   5.0000    
  4686.847164       1.0000       0.0000       0.0000       0.0000       0.0000      2.12748E-03   5.0001    
  4686.847164       1.0000       0.0000       0.0000       0.0000       0.0000      2.12748E-03   5.0001    
  4686.874463       1.0000       0.0000       0.0000       0.0000       0.0000      4.03501E-03   5.0003    
  4686.901763       1.0000       0.0000       0.0000       0.0000       0.0000      5.87505E-03   5.0007    
  4686.956362       1.0000       0.0000       0.0000       0.0000       0.0000      9.33639E-03   5.0018    
  4687.000000       1.0000       0.0000       0.0000       0.0000       0.0000      1.19828E-02   5.0030    
  4687.000000       1.0000       0.0000       0.0000       0.0000       0.0000      1.19828E-02   5.0030    
  4687.043679       1.0000       0.0000       0.0000       0.0000       0.0000      1.43224E-02   5.0042    
  4687.087358       1.0000       0.0000       0.0000       0.0000       0.0000      1.64926E-02   5.0056    
  4687.150293       1.0000       0.0000       0.0000       0.0000       0.0000      1.93432E-02   5.0077    
  4687.203309       1.0000       0.0000       0.0000       0.0000       0.0000      2.15745E-02   5.0096    
  4687.266602       1.0000       0.0000       0.0000       0.0000       0.0000      2.38859E-02   5.0118    
  4687.330669       1.0000       0.0000       0.0000       0.0000       0.0000      2.59939E-02   5.0140    
  4687.407310       1.0000       0.0000       0.0000       0.0000       0.0000      2.82557E-02   5.0165    
  4687.426106       1.0000       0.0000       0.0000       0.0000       0.0000      2.87950E-02   5.0172    
  4687.463698       1.0000       0.0000       0.0000       0.0000       0.0000      2.98256E-02   5.0184    
  4687.478735       1.0000       0.0000       0.0000       0.0000       0.0000      3.02443E-02   5.0189    
  4687.508809       1.0000       0.0000       0.0000       0.0000       0.0000      3.11142E-02   5.0200    
  4687.520838       1.0000       0.0000       0.0000       0.0000       0.0000      3.14612E-02   5.0205    
  4687.544897       1.0000       0.0000       0.0000       0.0000       0.0000      3.21525E-02   5.0214    
  4687.593015       1.0000       0.0000       0.0000       0.0000       0.0000      3.35094E-02   5.0232    
  4687.689251       1.0000       0.0000       0.0000       0.0000       0.0000      3.61265E-02   5.0270    
  4687.822690       1.0000       0.0000       0.0000       0.0000       0.0000      3.95284E-02   5.0323    
  4687.951402       1.0000       0.0000       0.0000       0.0000       0.0000      4.26161E-02   5.0376    
  4688.000000       1.0000       0.0000       0.0000       0.0000       0.0000      4.37528E-02   5.0396    
  4688.000000       1.0000       0.0000       0.0000       0.0000       0.0000      4.37528E-02   5.0396    
  4688.050348       1.0000       0.0000       0.0000       0.0000       0.0000      4.48995E-02   5.0417    
  4688.100696       1.0000       0.0000       0.0000       0.0000       0.0000      4.60164E-02   5.0438    
  4688.201392       1.0000       0.0000       0.0000       0.0000       0.0000      4.81372E-02   5.0480    
  4688.201392       1.0000       0.0000       0.0000       0.0000       0.0000      4.81372E-02   5.0480    
  4688.241670       1.0000       0.0000       0.0000       0.0000       0.0000      4.89661E-02   5.0496    
  4688.281949       1.0000       0.0000       0.0000       0.0000       0.0000      4.97769E-02   5.0513    
  4688.362505       1.0000       0.0000       0.0000       0.0000       0.0000      5.13313E-02   5.0546    
  4688.362505       1.0000       0.0000       0.0000       0.0000       0.0000      5.13313E-02   5.0546    
  4688.394728       1.0000       0.0000       0.0000       0.0000       0.0000      5.19415E-02   5.0559    
  4688.426951       1.0000       0.0000       0.0000       0.0000       0.0000      5.20886E-02   5.0562    
  4688.491396       1.0000       0.0000       0.0000       0.0000       0.0000      5.30394E-02   5.0582    
  4688.620287       1.0000       0.0000       0.0000       0.0000       0.0000      5.48730E-02   5.0623    
  4688.878068       1.0000       0.0000       0.0000       0.0000       0.0000      5.82818E-02   5.0703    
  4689.000000       1.0000       0.0000       0.0000       0.0000       0.0000      5.98238E-02   5.0741    
  4689.000000       1.0000       0.0000       0.0000       0.0000       0.0000      5.98238E-02   5.0741    
  4689.086572       1.0000       0.0000       0.0000       0.0000       0.0000      6.08785E-02   5.0767    
  4689.173145       1.0000       0.0000       0.0000       0.0000       0.0000      6.18902E-02   5.0793    
  4689.189801       1.0000       0.0000       0.0000       0.0000       0.0000      6.20828E-02   5.0798    
  4689.223112       1.0000       0.0000       0.0000       0.0000       0.0000      6.24644E-02   5.0808    
  4689.223112       1.0000       0.0000       0.0000       0.0000       0.0000      6.24643E-02   5.0808    
  4689.292370       1.0000       0.0000       0.0000       0.0000       0.0000      6.32368E-02   5.0828    
  4689.361628       1.0000       0.0000       0.0000       0.0000       0.0000      6.39885E-02   5.0848    
  4689.500144       1.0000       0.0000       0.0000       0.0000       0.0000      6.54060E-02   5.0886    
  4689.777176       1.0000       0.0000       0.0000       0.0000       0.0000      6.79201E-02   5.0955    
  4690.000000       1.0000       0.0000       0.0000       0.0000       0.0000      6.97005E-02   5.1006    
  4690.000000       1.0000       0.0000       0.0000       0.0000       0.0000      6.97005E-02   5.1006    
  4690.221626       1.0000       0.0000       0.0000       0.0000       0.0000      7.10785E-02   5.1046    
  4690.443251       1.0000       0.0000       0.0000       0.0000       0.0000      7.20936E-02   5.1076    
  4690.886502       1.0000       0.0000       0.0000       0.0000       0.0000      7.29570E-02   5.1102    
  4690.886502       1.0000       0.0000       0.0000       0.0000       0.0000      7.29570E-02   5.1102    
  4690.943251       1.0000       0.0000       0.0000       0.0000       0.0000      7.30470E-02   5.1105    
  4691.000000       1.0000       0.0000       0.0000       0.0000       0.0000      7.31184E-02   5.1107    
  4691.000000       1.0000       0.0000       0.0000       0.0000       0.0000      7.31184E-02   5.1107    
  4691.045399       1.0000       0.0000       0.0000       0.0000       0.0000      7.31606E-02   5.1108    
  4691.090798       1.0000       0.0000       0.0000       0.0000       0.0000      7.31884E-02   5.1109    
  4691.181596       1.0000       0.0000       0.0000       0.0000       0.0000      7.31705E-02   5.1109    
  4691.363193       1.0000       0.0000       0.0000       0.0000       0.0000      7.30046E-02   5.1104    
  4691.726385       1.0000       0.0000       0.0000       0.0000       0.0000      7.20551E-02   5.1075    
  4692.000000       1.0000       0.0000       0.0000       0.0000       0.0000      7.08843E-02   5.1040    
  4692.000000       1.0000       0.0000       0.0000       0.0000       0.0000      7.08842E-02   5.1040    
  4692.290554       1.0000       0.0000       0.0000       0.0000       0.0000      8.31606E-02   5.1432    
  4692.581108       1.0000       0.0000       0.0000       0.0000       0.0000      8.92404E-02   5.1649    
  4693.000000       1.0000       0.0000       0.0000       0.0000       0.0000      9.86273E-02   5.2014    
  4693.000000       1.0000       0.0000       0.0000       0.0000       0.0000      9.86273E-02   5.2014    
  4693.232443       1.0000       0.0000       0.0000       0.0000       0.0000      0.10386       5.2234    
  4693.464887       1.0000       0.0000       0.0000       0.0000       0.0000      0.10909       5.2465    
  4693.929773       1.0000       0.0000       0.0000       0.0000       0.0000      0.11928       5.2947    
  4694.000000       1.0000       0.0000       0.0000       0.0000       0.0000      0.12080       5.3023    
  4694.000000       1.0000       0.0000       0.0000       0.0000       0.0000      0.12080       5.3023    
  4694.371909       1.0000       0.0000       0.0000       0.0000       0.0000      0.12808       5.3398    
  4694.743819       1.0000       0.0000       0.0000       0.0000       0.0000      0.13465       5.3756    
  4695.000000       1.0000       0.0000       0.0000       0.0000       0.0000      0.13886       5.3995    
  4695.000000       1.0000       0.0000       0.0000       0.0000       0.0000      0.13886       5.3995    
  4695.297527       1.0000       0.0000       0.0000       0.0000       0.0000      0.14321       5.4250    
  4695.595055       1.0000       0.0000       0.0000       0.0000       0.0000      0.14611       5.4423    
  4696.000000       1.0000       0.0000       0.0000       0.0000       0.0000      0.14882       5.4589    
  4696.000000       1.0000       0.0000       0.0000       0.0000       0.0000      0.14882       5.4589    
  4696.026105       1.0000       0.0000       0.0000       0.0000       0.0000      0.14885       5.4591    
  4696.052211       1.0000       0.0000       0.0000       0.0000       0.0000      0.14883       5.4590    
  4696.104422       1.0000       0.0000       0.0000       0.0000       0.0000      0.14865       5.4578    
  4696.104422       1.0000       0.0000       0.0000       0.0000       0.0000      0.14865       5.4578    
  4696.125306       1.0000       0.0000       0.0000       0.0000       0.0000      0.14855       5.4572    
  4696.146190       1.0000       0.0000       0.0000       0.0000       0.0000      0.14843       5.4565    
  4696.187959       1.0000       0.0000       0.0000       0.0000       0.0000      0.14814       5.4547    
  4696.271496       1.0000       0.0000       0.0000       0.0000       0.0000      0.14692       5.4473    
  4696.438571       1.0000       0.0000       0.0000       0.0000       0.0000      0.14288       5.4230    
  4696.772720       1.0000       0.0000       0.0000       0.0000       0.0000      0.12758       5.3372    
  4697.000000       1.0000       0.0000       0.0000       0.0000       0.0000      0.11278       5.2635    
  4697.000000       1.0000       0.0000       0.0000       0.0000       0.0000      0.11278       5.2635    
  4697.005541       1.0000       0.0000       0.0000       0.0000       0.0000      0.11242       5.2618    
  4697.011081       1.0000       0.0000       0.0000       0.0000       0.0000      0.11205       5.2600    
  4697.015515       1.0000       0.0000       0.0000       0.0000       0.0000      0.11176       5.2587    
  4697.020775       1.0000       0.0000       0.0000       0.0000       0.0000      0.11140       5.2571    
  4697.026264       1.0000       0.0000       0.0000       0.0000       0.0000      0.11104       5.2554    
  4697.032896       1.0000       0.0000       0.0000       0.0000       0.0000      0.11059       5.2533    
  4697.040928       1.0000       0.0000       0.0000       0.0000       0.0000      0.11004       5.2508    
  4697.052239       1.0000       0.0000       0.0000       0.0000       0.0000      0.10926       5.2473    
  4697.066491       1.0000       0.0000       0.0000       0.0000       0.0000      0.10827       5.2428    
  4697.083985       1.0000       0.0000       0.0000       0.0000       0.0000      0.10703       5.2373    
  4697.099707       1.0000       0.0000       0.0000       0.0000       0.0000      0.10591       5.2323    
  4697.117630       1.0000       0.0000       0.0000       0.0000       0.0000      0.10461       5.2267    
  4697.135959       1.0000       0.0000       0.0000       0.0000       0.0000      0.10327       5.2209    
  4697.156833       1.0000       0.0000       0.0000       0.0000       0.0000      0.10173       5.2143    
  4697.179761       1.0000       0.0000       0.0000       0.0000       0.0000      0.10001       5.2071    
  4697.185048       1.0000       0.0000       0.0000       0.0000       0.0000      9.96127E-02   5.2055    
  4697.195624       1.0000       0.0000       0.0000       0.0000       0.0000      9.88139E-02   5.2022    
  4697.216774       1.0000       0.0000       0.0000       0.0000       0.0000      9.72630E-02   5.1959    
  4697.246180       1.0000       0.0000       0.0000       0.0000       0.0000      9.51362E-02   5.1874    
  4697.283125       1.0000       0.0000       0.0000       0.0000       0.0000      9.24744E-02   5.1771    
  4697.329032       1.0000       0.0000       0.0000       0.0000       0.0000      8.91616E-02   5.1646    
  4697.386995       1.0000       0.0000       0.0000       0.0000       0.0000      8.49492E-02   5.1494    
  4697.462957       1.0000       0.0000       0.0000       0.0000       0.0000      7.97164E-02   5.1316    
  4697.567809       1.0000       0.0000       0.0000       0.0000       0.0000      7.26591E-02   5.1093    
  4697.724021       1.0000       0.0000       0.0000       0.0000       0.0000      6.31080E-02   5.0825    
  4697.724021       1.0000       0.0000       0.0000       0.0000       0.0000      6.31080E-02   5.0825    
  4697.727568       1.0000       0.0000       0.0000       0.0000       0.0000      6.28930E-02   5.0819    
  4697.731114       1.0000       0.0000       0.0000       0.0000       0.0000      6.26784E-02   5.0813    
  4697.738208       1.0000       0.0000       0.0000       0.0000       0.0000      6.22512E-02   5.0802    
  4697.752394       1.0000       0.0000       0.0000       0.0000       0.0000      6.14003E-02   5.0781    
  4697.780767       1.0000       0.0000       0.0000       0.0000       0.0000      5.97258E-02   5.0739    
  4697.837514       1.0000       0.0000       0.0000       0.0000       0.0000      5.66166E-02   5.0664    
  4697.951006       1.0000       0.0000       0.0000       0.0000       0.0000      5.09487E-02   5.0537    
  4698.000000       1.0000       0.0000       0.0000       0.0000       0.0000      4.85609E-02   5.0488    
  4698.000000       1.0000       0.0000       0.0000       0.0000       0.0000      4.85609E-02   5.0488    
  4698.090794       1.0000       0.0000       0.0000       0.0000       0.0000      4.48099E-02   5.0416    
  4698.181588       1.0000       0.0000       0.0000       0.0000       0.0000      4.13254E-02   5.0354    
  4698.363176       1.0000       0.0000       0.0000       0.0000       0.0000       0.0000       0.0000    
  4698.651298       1.0000       0.0000       0.0000       0.0000       0.0000       0.0000       0.0000    
  4698.983799       1.0000       0.0000       0.0000       0.0000       0.0000       0.0000       0.0000    
  4698.983799       1.0000       0.0000       0.0000       0.0000       0.0000       0.0000       0.0000    
  4698.991899       1.0000       0.0000       0.0000       0.0000       0.0000       0.0000       0.0000    
  4699.000000       1.0000       0.0000       0.0000       0.0000       0.0000       0.0000       0.0000    
  4699.000000       1.0000       0.0000       0.0000       0.0000       0.0000       0.0000       0.0000    
  4699.006480       1.0000       0.0000       0.0000       0.0000       0.0000       0.0000       0.0000    
  4699.012961       1.0000       0.0000       0.0000       0.0000       0.0000       0.0000       0.0000    
  4699.025922       1.0000       0.0000       0.0000       0.0000       0.0000       0.0000       0.0000    
  4699.051844       1.0000       0.0000       0.0000       0.0000       0.0000       0.0000       0.0000    
  4699.103687       1.0000       0.0000       0.0000       0.0000       0.0000       0.0000       0.0000    
  4699.207374       1.0000       0.0000       0.0000       0.0000       0.0000       0.0000       0.0000    
  4699.414749       1.0000       0.0000       0.0000       0.0000       0.0000       0.0000       0.0000    
  4699.829497       1.0000       0.0000       0.0000       0.0000       0.0000       0.0000       0.0000    
  4700.000000       1.0000       0.0000       0.0000       0.0000       0.0000       0.0000       0.0000    
  4700.000000       1.0000       0.0000       0.0000       0.0000       0.0000       0.0000       0.0000    
  4700.331799       1.0000       0.0000       0.0000       0.0000       0.0000       0.0000       0.0000    
  4700.663598       1.0000       0.0000       0.0000       0.0000       0.0000       0.0000       0.0000    
  4701.000000       1.0000       0.0000       0.0000       0.0000       0.0000       0.0000       0.0000    
  4701.000000       1.0000       0.0000       0.0000       0.0000       0.0000       0.0000       0.0000    
  4701.265439       1.0000       0.0000       0.0000       0.0000       0.0000       0.0000       0.0000    
  4701.530878       1.0000       0.0000       0.0000       0.0000       0.0000       0.0000       0.0000    
  4701.845387       1.0000       0.0000       0.0000       0.0000       0.0000       0.0000       0.0000    
  4701.845387       1.0000       0.0000       0.0000       0.0000       0.0000       0.0000       0.0000    
  4701.922693       1.0000       0.0000       0.0000       0.0000       0.0000       0.0000       0.0000    
  4702.000000       1.0000       0.0000       0.0000       0.0000       0.0000       0.0000       0.0000    
  4702.000000       1.0000       0.0000       0.0000       0.0000       0.0000       0.0000       0.0000    
  4702.061845       1.0000       0.0000       0.0000       0.0000       0.0000       0.0000       0.0000    
  4702.123690       1.0000       0.0000       0.0000       0.0000       0.0000       0.0000       0.0000    
  4702.247381       1.0000       0.0000       0.0000       0.0000       0.0000       0.0000       0.0000    
  4702.320319       1.0000       0.0000       0.0000       0.0000       0.0000       0.0000       0.0000    
  4702.320319       1.0000       0.0000       0.0000       0.0000       0.0000       0.0000       0.0000    
  4702.419271       1.0000       0.0000       0.0000       0.0000       0.0000       0.0000       0.0000    
  4702.518223       1.0000       0.0000       0.0000       0.0000       0.0000       0.0000       0.0000    
  4702.643255       1.0000       0.0000       0.0000       0.0000       0.0000       0.0000       0.0000    
  4702.799802       1.0000       0.0000       0.0000       0.0000       0.0000       0.0000       0.0000    
  4703.000000       1.0000       0.0000       0.0000       0.0000       0.0000       0.0000       0.0000    
