#      time         order        air_age      relhum       xco2vol   
  4679.000000       1.0000      0.98254      0.60039       401.12    
  4679.400000       1.0000      0.98262      0.60603       400.80    
  4679.800000       1.0000      0.98267      0.61078       400.57    
  4680.000000       1.0000      0.98270      0.61298       400.47    
  4680.000000       1.0000      0.98270      0.61298       400.47    
  4680.002746       1.0000      0.98270      0.61301       400.47    
  4680.005491       1.0000      0.98270      0.61304       400.47    
  4680.007168       1.0000      0.98270      0.61306       400.47    
  4680.007168       1.0000      0.98270      0.61306       400.47    
  4680.009364       1.0000      0.98270      0.61308       400.47    
  4680.011560       1.0000      0.98270      0.61311       400.47    
  4680.015953       1.0000      0.98270      0.61315       400.46    
  4680.024739       1.0000      0.98270      0.61325       400.46    
  4680.042311       1.0000      0.98270      0.61344       400.45    
  4680.077454       1.0000      0.98271      0.61382       400.44    
  4680.147740       1.0000      0.98271      0.61454       400.41    
  4680.288312       1.0000      0.98273      0.61593       400.35    
  4680.569457       1.0000      0.98271      0.61710       400.28    
  4680.676913       1.0000      0.98270      0.61733       400.25    
  4680.676913       1.0000      0.98270      0.61733       400.25    
  4680.725999       1.0000      0.98270      0.61738       400.24    
  4680.775084       1.0000      0.98269      0.61740       400.23    
  4680.873255       1.0000      0.98267      0.61728       400.20    
  4681.000000       1.0000      0.98264      0.61695       400.18    
  4681.000000       1.0000      0.98264      0.61695       400.18    
  4681.078537       1.0000      0.98262      0.61665       400.17    
  4681.157073       1.0000      0.98260      0.61632       400.16    
  4681.314147       1.0000      0.98256      0.61549       400.13    
  4681.628294       1.0000      0.98246      0.61348       400.10    
  4682.000000       1.0000      0.98233      0.61052       400.07    
  4682.000000       1.0000      0.98233      0.61052       400.07    
  4682.251318       1.0000      0.98224      0.60836       400.06    
  4682.502635       1.0000      0.98215      0.60607       400.05    
  4683.000000       1.0000      0.98196      0.60125       400.03    
  4683.000000       1.0000      0.98196      0.60125       400.03    
  4683.201054       1.0000      0.98189      0.59942       400.03    
  4683.402108       1.0000      0.98182      0.59772       400.02    
  4683.804216       1.0000      0.98169      0.59134       400.01    
  4684.000000       1.0000      0.98163      0.58861       400.01    
  4684.000000       1.0000      0.98163      0.58861       400.01    
  4684.006434       1.0000      0.98162      0.58852       400.01    
  4684.012867       1.0000      0.98162      0.58843       400.01    
  4684.023281       1.0000      0.98162      0.58827       400.01    
  4684.035208       1.0000      0.98162      0.58810       400.01    
  4684.052861       1.0000      0.98161      0.58783       400.01    
  4684.076880       1.0000      0.98160      0.58745       400.01    
  4684.097778       1.0000      0.98160      0.58711       400.01    
  4684.120423       1.0000      0.98159      0.58674       400.01    
  4684.139275       1.0000      0.98159      0.58642       400.01    
  4684.157926       1.0000      0.98158      0.58610       400.01    
  4684.175122       1.0000      0.98158      0.58580       400.01    
  4684.192204       1.0000      0.98158      0.58551       400.01    
  4684.208820       1.0000      0.98157      0.58522       400.01    
  4684.225480       1.0000      0.98157      0.58492       400.01    
  4684.242636       1.0000      0.98156      0.58462       400.01    
  4684.261189       1.0000      0.98156      0.58429       400.01    
  4684.281348       1.0000      0.98156      0.58394       400.01    
  4684.303612       1.0000      0.98155      0.58354       400.01    
  4684.328532       1.0000      0.98155      0.58311       400.01    
  4684.356756       1.0000      0.98155      0.58263       400.01    
  4684.389260       1.0000      0.98154      0.58209       400.01    
  4684.427364       1.0000      0.98154      0.58147       400.01    
  4684.473144       1.0000      0.98153      0.58074       400.01    
  4684.529743       1.0000      0.98153      0.57991       400.01    
  4684.602625       1.0000      0.98152      0.57899       400.01    
  4684.602625       1.0000      0.98152      0.57899       400.01    
  4684.610956       1.0000      0.98152      0.57889       400.01    
  4684.619287       1.0000      0.98152      0.57878       400.01    
  4684.635950       1.0000      0.98152      0.57859       400.01    
  4684.669274       1.0000      0.98152      0.57820       400.01    
  4684.735923       1.0000      0.98152      0.57748       400.01    
  4684.869222       1.0000      0.98152      0.57622       400.16    
  4685.000000       1.0000      0.98153      0.57512       400.58    
  4685.000000       1.0000      0.98153      0.57512       400.58    
  4685.106639       1.0000      0.98154      0.57447       401.48    
  4685.213277       1.0000      0.98156      0.57413       402.92    
  4685.426554       1.0000      0.98163      0.57452       409.04    
  4685.756748       1.0000      0.98180      0.57716       428.51    
  4686.000000       1.0000      0.98194      0.57967       449.64    
  4686.000000       1.0000      0.98194      0.57967       449.64    
  4686.034124       1.0000      0.98196      0.58007       452.74    
  4686.068249       1.0000      0.98199      0.58054       455.97    
  4686.077952       1.0000      0.98199      0.58069       456.90    
  4686.097358       1.0000      0.98201      0.58099       458.81    
  4686.136170       1.0000      0.98204      0.58162       462.77    
  4686.181830       1.0000      0.98207      0.58230       467.64    
  4686.196032       1.0000      0.98208      0.58251       469.18    
  4686.224435       1.0000      0.98210      0.58292       472.30    
  4686.235797       1.0000      0.98211      0.58308       473.56    
  4686.258519       1.0000      0.98213      0.58340       476.11    
  4686.303965       1.0000      0.98216      0.58400       481.31    
  4686.322143       1.0000      0.98217      0.58424       483.41    
  4686.358499       1.0000      0.98219      0.58469       487.68    
  4686.373041       1.0000      0.98220      0.58486       489.39    
  4686.402126       1.0000      0.98222      0.58520       492.87    
  4686.413760       1.0000      0.98223      0.58534       494.26    
  4686.437028       1.0000      0.98224      0.58562       497.05    
  4686.483564       1.0000      0.98226      0.58616       502.66    
  4686.576636       1.0000      0.98231      0.58717       513.95    
  4686.613865       1.0000      0.98233      0.58757       518.47    
  4686.688322       1.0000      0.98236      0.58836       527.35    
  4686.837237       1.0000      0.98242      0.58982       544.43    
  4686.847164       1.0000      0.98243      0.58990       545.57    
  4686.847164       1.0000      0.98243      0.58990       545.57    
  4686.874463       1.0000      0.98244      0.59010       548.64    
  4686.901763       1.0000      0.98245      0.59026       551.67    
  4686.956362       1.0000      0.98246      0.59044       557.57    
  4687.000000       1.0000      0.98247      0.59048       562.20    
  4687.000000       1.0000      0.98247      0.59048       562.20    
  4687.043679       1.0000      0.98247      0.59045       566.66    
  4687.087358       1.0000      0.98247      0.59035       570.97    
  4687.150293       1.0000      0.98246      0.59004       576.87    
  4687.203309       1.0000      0.98246      0.58967       581.64    
  4687.266602       1.0000      0.98244      0.58913       586.98    
  4687.330669       1.0000      0.98242      0.58847       592.06    
  4687.407310       1.0000      0.98240      0.58752       597.69    
  4687.426106       1.0000      0.98239      0.58728       599.05    
  4687.463698       1.0000      0.98238      0.58677       601.67    
  4687.478735       1.0000      0.98237      0.58656       602.70    
  4687.508809       1.0000      0.98236      0.58611       604.71    
  4687.520838       1.0000      0.98235      0.58593       605.50    
  4687.544897       1.0000      0.98234      0.58555       607.04    
  4687.593015       1.0000      0.98232      0.58471       609.98    
  4687.689251       1.0000      0.98227      0.58282       615.34    
  4687.822690       1.0000      0.98219      0.57980       621.85    
  4687.951402       1.0000      0.98211      0.57662       627.40    
  4688.000000       1.0000      0.98208      0.57539       629.40    
  4688.000000       1.0000      0.98208      0.57539       629.40    
  4688.050348       1.0000      0.98205      0.57409       631.36    
  4688.100696       1.0000      0.98201      0.57276       633.23    
  4688.201392       1.0000      0.98194      0.57005       636.62    
  4688.201392       1.0000      0.98194      0.57005       636.62    
  4688.241670       1.0000      0.98192      0.56896       637.92    
  4688.281949       1.0000      0.98189      0.56786       639.17    
  4688.362505       1.0000      0.98183      0.56565       641.48    
  4688.362505       1.0000      0.98183      0.56565       641.48    
  4688.394728       1.0000      0.98181      0.56476       642.38    
  4688.426951       1.0000      0.98179      0.56391       643.24    
  4688.491396       1.0000      0.98174      0.56219       644.87    
  4688.620287       1.0000      0.98165      0.55874       647.76    
  4688.878068       1.0000      0.98148      0.55197       652.29    
  4689.000000       1.0000      0.98140      0.54883       654.19    
  4689.000000       1.0000      0.98140      0.54883       654.19    
  4689.086572       1.0000      0.98134      0.54664       655.43    
  4689.173145       1.0000      0.98129      0.54450       656.57    
  4689.189801       1.0000      0.98128      0.54409       656.79    
  4689.223112       1.0000      0.98126      0.54327       657.21    
  4689.223112       1.0000      0.98126      0.54327       657.21    
  4689.292370       1.0000      0.98121      0.54165       658.02    
  4689.361628       1.0000      0.98117      0.54007       658.78    
  4689.500144       1.0000      0.98110      0.53711       660.10    
  4689.777176       1.0000      0.98096      0.53182       662.18    
  4690.000000       1.0000      0.98086      0.52799       663.52    
  4690.000000       1.0000      0.98086      0.52799       663.52    
  4690.221626       1.0000      0.98078      0.52465       664.60    
  4690.443251       1.0000      0.98070      0.52172       665.49    
  4690.886502       1.0000      0.98057      0.51714       666.70    
  4690.886502       1.0000      0.98057      0.51714       666.70    
  4690.943251       1.0000      0.98055      0.51657       666.85    
  4691.000000       1.0000      0.98054      0.51602       666.98    
  4691.000000       1.0000      0.98054      0.51602       666.98    
  4691.045399       1.0000      0.98053      0.51559       667.09    
  4691.090798       1.0000      0.98051      0.51518       667.19    
  4691.181596       1.0000      0.98049      0.51441       667.38    
  4691.363193       1.0000      0.98045      0.51301       667.69    
  4691.726385       1.0000      0.98038      0.51079       668.14    
  4692.000000       1.0000      0.98033      0.50939       668.40    
  4692.000000       1.0000      0.98033      0.50939       668.40    
  4692.290554       1.0000      0.98029      0.50613       668.62    
  4692.581108       1.0000      0.98025      0.50353       668.78    
  4693.000000       1.0000      0.98020      0.50007       668.94    
  4693.000000       1.0000      0.98020      0.50007       668.94    
  4693.232443       1.0000      0.98018      0.49830       669.02    
  4693.464887       1.0000      0.98016      0.49663       669.08    
  4693.929773       1.0000      0.98013      0.49367       669.15    
  4694.000000       1.0000      0.98012      0.49324       669.16    
  4694.000000       1.0000      0.98012      0.49324       669.16    
  4694.371909       1.0000      0.98011      0.49140       669.21    
  4694.743819       1.0000      0.98010      0.49000       669.24    
  4695.000000       1.0000      0.98010      0.48924       669.26    
  4695.000000       1.0000      0.98010      0.48924       669.26    
  4695.297527       1.0000      0.98010      0.48864       669.27    
  4695.595055       1.0000      0.98011      0.48842       669.29    
  4696.000000       1.0000      0.98013      0.48854       668.21    
  4696.000000       1.0000      0.98013      0.48854       668.21    
  4696.026105       1.0000      0.98013      0.48857       668.11    
  4696.052211       1.0000      0.98013      0.48860       667.97    
  4696.104422       1.0000      0.98013      0.48871       667.55    
  4696.104422       1.0000      0.98013      0.48871       667.55    
  4696.125306       1.0000      0.98013      0.48875       667.36    
  4696.146190       1.0000      0.98013      0.48880       667.15    
  4696.187959       1.0000      0.98013      0.48892       666.66    
  4696.271496       1.0000      0.98014      0.48923       665.20    
  4696.438571       1.0000      0.98015      0.49005       660.17    
  4696.772720       1.0000      0.98018      0.49230       639.91    
  4697.000000       1.0000      0.98020      0.49418       620.11    
  4697.000000       1.0000      0.98020      0.49418       620.11    
  4697.005541       1.0000      0.98021      0.49423       619.62    
  4697.011081       1.0000      0.98021      0.49427       619.13    
  4697.015515       1.0000      0.98021      0.49431       618.73    
  4697.020775       1.0000      0.98021      0.49435       618.26    
  4697.026264       1.0000      0.98021      0.49440       617.77    
  4697.032896       1.0000      0.98021      0.49446       617.16    
  4697.040928       1.0000      0.98021      0.49453       616.43    
  4697.052239       1.0000      0.98021      0.49462       615.37    
  4697.066491       1.0000      0.98021      0.49475       614.02    
  4697.083985       1.0000      0.98021      0.49490       612.33    
  4697.099707       1.0000      0.98022      0.49504       610.78    
  4697.117630       1.0000      0.98022      0.49520       608.98    
  4697.135959       1.0000      0.98022      0.49536       607.10    
  4697.156833       1.0000      0.98022      0.49555       604.92    
  4697.179761       1.0000      0.98023      0.49575       602.47    
  4697.185048       1.0000      0.98023      0.49580       601.90    
  4697.195624       1.0000      0.98023      0.49589       600.75    
  4697.216774       1.0000      0.98023      0.49607       598.43    
  4697.246180       1.0000      0.98023      0.49631       595.15    
  4697.283125       1.0000      0.98024      0.49660       590.95    
  4697.329032       1.0000      0.98025      0.49695       585.62    
  4697.386995       1.0000      0.98025      0.49737       578.72    
  4697.462957       1.0000      0.98027      0.49786       569.58    
  4697.567809       1.0000      0.98028      0.49849       556.86    
  4697.724021       1.0000      0.98032      0.49940       538.34    
  4697.724021       1.0000      0.98032      0.49940       538.34    
  4697.727568       1.0000      0.98032      0.49942       537.92    
  4697.731114       1.0000      0.98032      0.49944       537.50    
  4697.738208       1.0000      0.98032      0.49948       536.66    
  4697.752394       1.0000      0.98032      0.49955       534.99    
  4697.780767       1.0000      0.98033      0.49971       531.66    
  4697.837514       1.0000      0.98034      0.50001       525.15    
  4697.951006       1.0000      0.98037      0.50066       512.85    
  4698.000000       1.0000      0.98038      0.50097       507.65    
  4698.000000       1.0000      0.98038      0.50097       507.65    
  4698.090794       1.0000      0.98041      0.50150       498.70    
  4698.181588       1.0000      0.98043      0.50206       490.37    
  4698.363176       1.0000      0.98049      0.50338       476.25    
  4698.651298       1.0000      0.98058      0.50642       458.94    
  4698.983799       1.0000      0.98071      0.51097       444.02    
  4698.983799       1.0000      0.98071      0.51097       444.02    
  4698.991899       1.0000      0.98071      0.51108       443.66    
  4699.000000       1.0000      0.98071      0.51119       443.30    
  4699.000000       1.0000      0.98071      0.51119       443.30    
  4699.006480       1.0000      0.98071      0.51128       443.02    
  4699.012961       1.0000      0.98072      0.51137       442.73    
  4699.025922       1.0000      0.98072      0.51156       442.18    
  4699.051844       1.0000      0.98073      0.51193       441.08    
  4699.103687       1.0000      0.98075      0.51268       439.02    
  4699.207374       1.0000      0.98079      0.51427       435.28    
  4699.414749       1.0000      0.98087      0.51772       429.13    
  4699.829497       1.0000      0.98104      0.52557       420.47    
  4700.000000       1.0000      0.98111      0.52897       417.44    
  4700.000000       1.0000      0.98111      0.52897       417.44    
  4700.331799       1.0000      0.98126      0.53617       413.04    
  4700.663598       1.0000      0.98142      0.54399       409.74    
  4701.000000       1.0000      0.98159      0.55235       407.26    
  4701.000000       1.0000      0.98159      0.55235       407.26    
  4701.265439       1.0000      0.98172      0.55895       405.71    
  4701.530878       1.0000      0.98186      0.56563       404.50    
  4701.845387       1.0000      0.98203      0.57375       403.41    
  4701.845387       1.0000      0.98203      0.57375       403.41    
  4701.922693       1.0000      0.98207      0.57577       403.16    
  4702.000000       1.0000      0.98211      0.57781       402.93    
  4702.000000       1.0000      0.98211      0.57781       402.93    
  4702.061845       1.0000      0.98215      0.57945       402.75    
  4702.123690       1.0000      0.98218      0.58111       402.59    
  4702.247381       1.0000      0.98225      0.58448       402.30    
  4702.320319       1.0000      0.98229      0.58649       402.14    
  4702.320319       1.0000      0.98229      0.58649       402.14    
  4702.419271       1.0000      0.98234      0.58899       401.95    
  4702.518223       1.0000      0.98238      0.59132       401.77    
  4702.643255       1.0000      0.98243      0.59401       401.57    
  4702.799802       1.0000      0.98248      0.59706       401.35    
  4703.000000       1.0000      0.98254      0.60052       401.12    
