#      time         order        q_cool       q_equip      q_heat       q_light      q_loss       q_occ        qintw        ql_a         qventil      qwcb         qwind     
  4679.000000       1.0000       0.0000       0.0000     -1.88011E-19   0.0000       0.0000       0.0000       179.93      -10.703      -254.88       128.30      -48.886    
  4679.400000       1.0000       0.0000       0.0000     -9.98648E-19   0.0000       0.0000       0.0000       183.93      -11.456      -252.50       124.55      -50.822    
  4679.800000       1.0000       0.0000       0.0000     -2.58835E-20   0.0000       0.0000       0.0000       188.22      -12.169      -250.08       120.32      -52.664    
  4680.000000       1.0000       0.0000       0.0000      4.19651E-17   0.0000       0.0000       0.0000       190.43      -12.517      -248.86       118.11      -53.571    
  4680.000000       1.0000       0.0000       0.0000     -2.13354E-18   0.0000       0.0000       0.0000       190.43      -12.514      -248.86       118.11      -53.570    
  4680.002746       1.0000       0.0000       0.0000     -2.48809E-19   0.0000       0.0000       0.0000       190.46      -12.519      -248.85       118.08      -53.583    
  4680.005491       1.0000       0.0000       0.0000     -6.74393E-19   0.0000       0.0000       0.0000       190.49      -12.523      -248.83       118.05      -53.595    
  4680.007168       1.0000       0.0000       0.0000      3.42501E-19   0.0000       0.0000       0.0000       190.51      -12.526      -248.82       118.03      -53.603    
  4680.007168       1.0000       0.0000       0.0000      1.62141E-21   0.0000       0.0000       0.0000       190.51      -12.526      -248.82       118.03      -53.603    
  4680.009364       1.0000       0.0000       0.0000     -3.89104E-20   0.0000       0.0000       0.0000       190.53      -12.529      -248.81       118.01      -53.612    
  4680.011560       1.0000       0.0000       0.0000      1.70396E-18   0.0000       0.0000       0.0000       190.56      -12.531      -248.79       117.99      -53.622    
  4680.015953       1.0000       0.0000       0.0000      3.08204E-18   0.0000       0.0000       0.0000       190.61      -12.536      -248.77       117.94      -53.641    
  4680.024739       1.0000       0.0000       0.0000      6.50131E-19   0.0000       0.0000       0.0000       190.70      -12.547      -248.71       117.84      -53.679    
  4680.042311       1.0000       0.0000       0.0000     -3.66392E-17   0.0000       0.0000       0.0000       190.90      -12.567      -248.61       117.64      -53.755    
  4680.077454       1.0000       0.0000       0.0000     -9.82476E-17   0.0000       0.0000       0.0000       191.28      -12.607      -248.39       117.25      -53.904    
  4680.147740       1.0000       0.0000       0.0000      1.62290E-18   0.0000       0.0000       0.0000       192.04      -12.687      -247.97       116.43      -54.179    
  4680.288312       1.0000       0.0000       0.0000      1.80612E-16   0.0000       0.0000       0.0000       193.57      -12.845      -247.12       114.72      -54.681    
  4680.569457       1.0000       0.0000       0.0000     -9.71143E-19   0.0000       0.0000       0.0000       196.70      -13.342      -245.40       111.17      -55.557    
  4680.676913       1.0000       0.0000       0.0000     -7.03741E-17   0.0000       0.0000       0.0000       197.90      -13.528      -244.73       109.84      -55.882    
  4680.676913       1.0000       0.0000       0.0000      8.09560E-18   0.0000       0.0000       0.0000       197.90      -13.528      -244.73       109.84      -55.882    
  4680.725999       1.0000       0.0000       0.0000     -4.86490E-17   0.0000       0.0000       0.0000       198.43      -13.611      -244.43       109.21      -56.029    
  4680.775084       1.0000       0.0000       0.0000      1.91203E-17   0.0000       0.0000       0.0000       198.96      -13.692      -244.13       108.58      -56.175    
  4680.873255       1.0000       0.0000       0.0000     -6.75434E-16   0.0000       0.0000       0.0000       200.07      -13.848      -243.52       107.32      -56.462    
  4681.000000       1.0000       0.0000       0.0000     -6.59044E-16   0.0000       0.0000       0.0000       201.50      -14.042      -242.73       105.67      -56.829    
  4681.000000       1.0000       0.0000       0.0000      1.86484E-17   0.0000       0.0000       0.0000       201.50      -14.042      -242.73       105.67      -56.829    
  4681.078537       1.0000       0.0000       0.0000      1.54059E-17   0.0000       0.0000       0.0000       202.35      -14.121      -242.25       104.62      -57.042    
  4681.157073       1.0000       0.0000       0.0000      4.68714E-16   0.0000       0.0000       0.0000       203.20      -14.195      -241.77       103.56      -57.244    
  4681.314147       1.0000       0.0000       0.0000      1.09440E-16   0.0000       0.0000       0.0000       204.88      -14.337      -240.81       101.44      -57.613    
  4681.628294       1.0000       0.0000       0.0000     -3.60081E-16   0.0000       0.0000       0.0000       208.26      -14.605      -238.89       97.154      -58.286    
  4682.000000       1.0000       0.0000       0.0000      2.56002E-20   0.0000       0.0000       0.0000       212.21      -14.898      -236.61       91.874      -59.029    
  4682.000000       1.0000       0.0000       0.0000     -5.23865E-22   0.0000       0.0000       0.0000       212.21      -14.898      -236.61       91.874      -59.029    
  4682.251318       1.0000       0.0000       0.0000     -6.48562E-18   0.0000       0.0000       0.0000       214.90      -15.088      -235.05       88.256      -59.524    
  4682.502635       1.0000       0.0000       0.0000      1.61604E-19   0.0000       0.0000       0.0000       217.62      -15.273      -233.49       84.597      -60.013    
  4683.000000       1.0000       0.0000       0.0000     -6.96926E-17   0.0000       0.0000       0.0000       223.03      -15.623      -230.34       77.242      -60.971    
  4683.000000       1.0000       0.0000       0.0000      1.20740E-20   0.0000       0.0000       0.0000       223.03      -15.623      -230.34       77.242      -60.971    
  4683.201054       1.0000       0.0000       0.0000     -6.36436E-19   0.0000       0.0000       0.0000       225.16      -15.671      -229.07       74.219      -61.289    
  4683.402108       1.0000       0.0000       0.0000     -6.89897E-20   0.0000       0.0000       0.0000       227.25      -15.721      -227.80       71.165      -61.561    
  4683.804216       1.0000       0.0000       0.0000      4.17393E-19   0.0000       0.0000       0.0000       225.64      -15.840      -225.40       61.224      -51.885    
  4684.000000       1.0000       0.0000       0.0000     -3.03035E-23   0.0000       0.0000       0.0000       224.85      -15.901      -224.26       56.388      -47.215    
  4684.000000       1.0000       0.0000       0.0000      7.61334E-22   0.0000       0.0000       0.0000       224.85      -15.901      -224.26       56.388      -47.215    
  4684.006434       1.0000       0.0000       0.0000      6.15591E-20   0.0000       0.0000       0.0000       224.81      -15.903      -224.22       56.226      -47.053    
  4684.012867       1.0000       0.0000       0.0000      4.88602E-23   0.0000       0.0000       0.0000       224.78      -15.893      -224.19       56.063      -46.887    
  4684.023281       1.0000       0.0000       0.0000     -1.84507E-20   0.0000       0.0000       0.0000       224.73      -15.876      -224.13       55.797      -46.618    
  4684.035208       1.0000       0.0000       0.0000      7.53505E-25   0.0000       0.0000       0.0000       224.66      -15.856      -224.06       55.492      -46.307    
  4684.052861       1.0000       0.0000       0.0000     -2.15880E-19   0.0000       0.0000       0.0000       224.56      -15.827      -223.96       55.036      -45.841    
  4684.076880       1.0000       0.0000       0.0000      1.43593E-18   0.0000       0.0000       0.0000       224.42      -15.788      -223.82       54.411      -45.197    
  4684.097778       1.0000       0.0000       0.0000     -3.69362E-19   0.0000       0.0000       0.0000       224.28      -15.755      -223.70       53.854      -44.628    
  4684.120423       1.0000       0.0000       0.0000     -1.36739E-19   0.0000       0.0000       0.0000       224.13      -15.719      -223.58       53.243      -44.001    
  4684.139275       1.0000       0.0000       0.0000      1.02969E-18   0.0000       0.0000       0.0000       224.00      -15.689      -223.47       52.732      -43.472    
  4684.157926       1.0000       0.0000       0.0000      2.38144E-19   0.0000       0.0000       0.0000       223.87      -15.661      -223.37       52.224      -42.942    
  4684.175122       1.0000       0.0000       0.0000     -3.29501E-19   0.0000       0.0000       0.0000       223.74      -15.634      -223.27       51.754      -42.448    
  4684.192204       1.0000       0.0000       0.0000     -2.44909E-19   0.0000       0.0000       0.0000       223.62      -15.608      -223.18       51.285      -41.953    
  4684.208820       1.0000       0.0000       0.0000      1.61627E-19   0.0000       0.0000       0.0000       223.49      -15.583      -223.09       50.827      -41.466    
  4684.225480       1.0000       0.0000       0.0000      2.44981E-19   0.0000       0.0000       0.0000       223.36      -15.558      -223.00       50.366      -40.973    
  4684.242636       1.0000       0.0000       0.0000      8.17202E-19   0.0000       0.0000       0.0000       223.22      -15.533      -222.90       49.891      -40.462    
  4684.261189       1.0000       0.0000       0.0000      2.45393E-19   0.0000       0.0000       0.0000       223.07      -15.506      -222.80       49.374      -39.903    
  4684.281348       1.0000       0.0000       0.0000      2.72603E-19   0.0000       0.0000       0.0000       222.90      -15.476      -222.69       48.811      -39.291    
  4684.303612       1.0000       0.0000       0.0000     -2.16014E-20   0.0000       0.0000       0.0000       222.71      -15.444      -222.57       48.187      -38.608    
  4684.328532       1.0000       0.0000       0.0000     -2.66426E-20   0.0000       0.0000       0.0000       222.50      -15.409      -222.43       47.487      -37.836    
  4684.356756       1.0000       0.0000       0.0000     -1.94480E-19   0.0000       0.0000       0.0000       222.25      -15.370      -222.28       46.690      -36.954    
  4684.389260       1.0000       0.0000       0.0000     -1.03628E-18   0.0000       0.0000       0.0000       221.95      -15.325      -222.11       45.769      -35.927    
  4684.427364       1.0000       0.0000       0.0000      1.65626E-19   0.0000       0.0000       0.0000       221.60      -15.274      -221.91       44.686      -34.709    
  4684.473144       1.0000       0.0000       0.0000      6.79776E-18   0.0000       0.0000       0.0000       221.16      -15.213      -221.67       43.379      -33.231    
  4684.529743       1.0000       0.0000       0.0000      2.35119E-18   0.0000       0.0000       0.0000       220.61      -15.140      -221.37       41.758      -31.382    
  4684.602625       1.0000       0.0000       0.0000     -8.56270E-18   0.0000       0.0000       0.0000       219.88      -15.049      -220.99       39.664      -28.974    
  4684.602625       1.0000       0.0000       0.0000      8.40048E-22   0.0000       0.0000       0.0000       219.88      -15.049      -220.99       39.664      -28.974    
  4684.610956       1.0000       0.0000       0.0000     -1.69319E-21   0.0000       0.0000       0.0000       219.79      -15.039      -220.95       39.424      -28.698    
  4684.619287       1.0000       0.0000       0.0000      9.68538E-19   0.0000       0.0000       0.0000       219.71      -15.028      -220.90       39.184      -28.421    
  4684.635950       1.0000       0.0000       0.0000      1.52834E-19   0.0000       0.0000       0.0000       219.54      -15.008      -220.82       38.705      -27.867    
  4684.669274       1.0000       0.0000       0.0000      1.68291E-18   0.0000       0.0000       0.0000       219.20      -14.967      -220.65       37.745      -26.755    
  4684.735923       1.0000       0.0000       0.0000      4.74307E-18   0.0000       0.0000       0.0000       218.50      -14.889      -220.31       35.824      -24.517    
  4684.869222       1.0000       0.0000      0.96279      8.40048E-22   1.1542       0.0000       1.1261       215.79      -14.743      -219.76       31.148      -20.031    
  4685.000000       1.0000       0.0000       2.7818     -1.12176E-19   3.3347       0.0000       3.2540       211.68      -14.614      -219.40       25.661      -15.632    
  4685.000000       1.0000       0.0000       2.7818      4.99515E-20   3.3347       0.0000       3.2537       211.68      -14.614      -219.40       25.662      -15.632    
  4685.106639       1.0000       0.0000       7.2314     -7.13327E-22   8.6689       0.0000       8.4596       204.15      -14.287      -219.52       18.502      -11.999    
  4685.213277       1.0000       0.0000       12.050      9.41964E-21   14.446       0.0000       14.101       195.12      -13.966      -219.93       10.444      -8.2935    
  4685.426554       1.0000       0.0000       27.621      1.91813E-19   33.112       0.0000       32.348       166.75      -13.431      -222.19      -12.227     -0.82233    
  4685.756748       1.0000       0.0000       64.130      4.74193E-19   76.878       0.0000       75.262       98.811      -12.853      -229.68      -63.215       14.548    
  4686.000000       1.0000       0.0000       100.14      6.82220E-19   120.05       0.0000       117.76       36.140      -12.585      -238.15      -109.63       22.940    
  4686.000000       1.0000       0.0000       100.14     -4.33466E-22   120.05       0.0000       117.76       36.140      -12.585      -238.15      -109.63       22.940    
  4686.034124       1.0000       0.0000       105.36     -8.14312E-03   126.31       0.0000       123.93       27.043      -12.411      -239.40      -116.36       24.128    
  4686.068249       1.0000       0.0000       110.59     -2.30493E-02   132.57       0.0000       130.11       17.785      -12.206      -240.71      -123.21       25.332    
  4686.077952       1.0000       0.0000       112.07       362.98       134.35       0.0000       131.87      -71.624      -12.206      -243.05      -183.76       23.627    
  4686.097358       1.0000       0.0000       115.04       925.98       137.91       0.0000       135.39      -234.87      -12.365      -253.02      -293.20       20.886    
  4686.136170       1.0000       0.0000       120.98       734.74       145.02       0.0000       142.44      -243.96      -12.560      -265.71      -299.02       22.948    
  4686.181830       1.0000       0.0000       127.96       256.17       153.40       0.0000       150.73      -150.00      -12.482      -267.78      -237.38       27.360    
  4686.196032       1.0000       0.0000       130.14       121.74       156.00       0.0000       153.31      -120.23      -12.428      -267.40      -217.93       28.697    
  4686.224435       1.0000       0.0000       133.80       8.2365       160.40       0.0000       157.67      -90.516      -12.279      -265.36      -198.79       30.579    
  4686.235797       1.0000       0.0000       135.22       0.0000       162.10       0.0000       159.37      -86.980      -12.221      -264.58      -196.71       31.125    
  4686.258519       1.0000       0.0000       138.07       13.052       165.51       0.0000       162.75      -88.166      -12.118      -263.49      -198.03       32.028    
  4686.303965       1.0000       0.0000       143.76       68.563       172.33       0.0000       169.53      -104.43      -11.972      -263.40      -209.91       33.575    
  4686.322143       1.0000       0.0000       146.03       82.014       175.06       0.0000       172.24      -109.74      -11.920      -263.58      -213.87       34.231    
  4686.358499       1.0000       0.0000       150.58       70.889       180.51       0.0000       177.67      -112.01      -11.816      -263.97      -216.20       35.749    
  4686.373041       1.0000       0.0000       152.40       61.600       182.70       0.0000       179.84      -111.73      -11.773      -264.09      -216.35       36.383    
  4686.402126       1.0000       0.0000       155.99       38.355       186.99       0.0000       184.11      -109.43      -11.681      -264.16      -215.50       37.685    
  4686.413760       1.0000       0.0000       157.12       29.240       188.35       0.0000       185.47      -108.20      -11.643      -264.15      -214.95       38.211    
  4686.437028       1.0000       0.0000       159.38       15.545       191.06       0.0000       188.18      -106.53      -11.565      -264.08      -214.41       39.240    
  4686.483564       1.0000       0.0000       163.92       0.0000       196.49       0.0000       193.61      -106.09      -11.410      -264.01      -215.29       41.227    
  4686.576636       1.0000       0.0000       172.98       0.0000       207.36       0.0000       204.47      -116.41      -11.130      -265.11      -224.67       45.069    
  4686.613865       1.0000       0.0000       176.22     -1.19869E-19   211.24       0.0000       208.36      -120.69      -11.021      -265.69      -228.55       46.595    
  4686.688322       1.0000       0.0000       181.39     -9.29361E-19   217.44       0.0000       214.60      -129.01      -10.805      -267.10      -236.20       49.646    
  4686.837237       1.0000       0.0000       190.71     -3.81844E-24   228.61       0.0000       225.86      -145.75      -10.367      -270.30      -251.80       55.693    
  4686.847164       1.0000       0.0000       191.13      1.14974E-21   229.11       0.0000       226.36      -146.79      -10.339      -267.13      -252.80       56.094    
  4686.847164       1.0000       0.0000       191.13     -7.63120E-29   229.11       0.0000       226.36      -146.79      -10.383      -269.85      -252.80       56.094    
  4686.874463       1.0000       0.0000       192.27     -7.63120E-29   230.48       0.0000       227.75      -149.33      -10.370      -270.43      -255.32       57.202    
  4686.901763       1.0000       0.0000       193.41     -7.63120E-29   231.84       0.0000       229.13      -151.81      -10.352      -271.00      -257.81       58.307    
  4686.956362       1.0000       0.0000       195.68     -7.63120E-29   234.57       0.0000       231.89      -156.61      -10.302      -272.08      -262.68       60.509    
  4687.000000       1.0000       0.0000       197.51     -7.63120E-29   236.75       0.0000       234.09      -160.36      -10.253      -272.93      -266.51       62.259    
  4687.000000       1.0000       0.0000       197.51     -7.63120E-29   236.75       0.0000       234.09      -160.36      -10.254      -272.93      -266.51       62.259    
  4687.043679       1.0000       0.0000       198.11     -7.63120E-29   237.48       0.0000       234.85      -163.33      -10.182      -273.69      -269.80       64.998    
  4687.087358       1.0000       0.0000       198.72     -7.63120E-29   238.21       0.0000       235.59      -166.36      -10.096      -274.38      -273.07       68.239    
  4687.150293       1.0000       0.0000       199.60     -7.63120E-29   239.27       0.0000       236.66      -132.94      -9.9450      -275.11      -253.33       8.1207    
  4687.203309       1.0000       0.0000       200.29     -7.63812E-29   240.10       0.0000       237.49      -134.91      -9.8015      -275.70      -256.49       10.766    
  4687.266602       1.0000       0.0000       200.29     -7.63120E-29   240.10       0.0000       237.50      -136.65      -9.6096      -276.32      -259.64       14.626    
  4687.330669       1.0000       0.0000       200.29     -7.63075E-29   240.10       0.0000       237.49      -138.41      -9.3971      -276.88      -262.72       18.898    
  4687.407310       1.0000       0.0000       200.29     -7.63120E-29   240.10       0.0000       237.48      -140.49      -9.1240      -277.51      -266.30       24.203    
  4687.426106       1.0000       0.0000       200.29     -7.63120E-29   240.10       0.0000       237.47      -141.00      -9.0549      -277.66      -267.18       25.508    
  4687.463698       1.0000       0.0000       200.29     -7.63120E-29   240.10       0.0000       237.46      -142.01      -8.9142      -277.95      -268.90       28.129    
  4687.478735       1.0000       0.0000       200.29     -7.63120E-29   240.10       0.0000       237.45      -142.41      -8.8572      -278.07      -269.59       29.175    
  4687.508809       1.0000       0.0000       200.29     -7.63120E-29   240.10       0.0000       237.44      -143.20      -8.7418      -278.29      -270.95       31.264    
  4687.520838       1.0000       0.0000       200.29     -3.24255E-19   240.10       0.0000       237.44      -143.52      -8.6953      -278.38      -271.49       32.097    
  4687.544897       1.0000       0.0000       200.29      1.62127E-19   240.10       0.0000       237.43      -144.14      -8.6015      -278.56      -272.56       33.755    
  4687.593015       1.0000       0.0000       200.29     -1.62127E-19   240.10       0.0000       237.40      -145.36      -8.4111      -278.90      -274.66       37.123    
  4687.689251       1.0000       0.0000       200.29      1.78340E-18   240.10       0.0000       237.33      -147.69      -8.0189      -279.56      -278.73       43.466    
  4687.822690       1.0000       0.0000       200.29      9.89980E-22   240.10       0.0000       237.22      -150.62      -7.4486      -280.40      -284.00       51.580    
  4687.951402       1.0000       0.0000       200.29     -9.70077E-20   240.10       0.0000       237.09      -153.28      -6.8745      -281.21      -288.81       59.305    
  4688.000000       1.0000       0.0000       200.29      1.90246E-19   240.10       0.0000       237.04      -154.29      -6.6537      -281.52      -290.61       62.400    
  4688.000000       1.0000       0.0000       200.29      1.50926E-23   240.10       0.0000       237.04      -154.29      -6.6537      -281.52      -290.61       62.400    
  4688.050348       1.0000       0.0000       200.29     -2.51815E-21   240.10       0.0000       236.99      -155.33      -6.4412      -281.84      -292.44       65.459    
  4688.100696       1.0000       0.0000       200.29     -5.05139E-21   240.10       0.0000       236.94      -156.37      -6.2294      -282.16      -294.25       68.513    
  4688.201392       1.0000       0.0000       200.29     -1.01179E-20   240.10       0.0000       236.82      -158.46      -5.7977      -282.82      -297.77       74.566    
  4688.201392       1.0000       0.0000       200.29     -6.40711E-23   240.10       0.0000       236.82      -158.46      -5.7977      -282.82      -297.77       74.566    
  4688.241670       1.0000       0.0000       200.29     -6.40711E-23   240.10       0.0000       236.78      -159.30      -5.6232      -283.09      -299.16       76.994    
  4688.281949       1.0000       0.0000       200.29     -6.40711E-23   240.10       0.0000       236.73      -160.14      -5.4472      -283.35      -300.54       79.414    
  4688.362505       1.0000       0.0000       200.29     -6.40711E-23   240.10       0.0000       236.63      -161.85      -5.0905      -283.90      -303.23       84.208    
  4688.362505       1.0000       0.0000       200.29      1.50926E-23   240.10       0.0000       236.63      -161.85      -5.0905      -283.90      -303.23       84.208    
  4688.394728       1.0000       0.0000       200.29      1.50926E-23   240.10       0.0000       236.59      -162.53      -4.9468      -284.12      -304.29       86.126    
  4688.426951       1.0000       0.0000       200.29      1.50926E-23   240.10       0.0000       236.55      -162.90      -4.8022      -284.34      -305.14       87.479    
  4688.491396       1.0000       0.0000       200.29      1.50926E-23   240.10       0.0000       236.48      -164.21      -4.5104      -284.79      -307.16       91.130    
  4688.620287       1.0000       0.0000       200.29      1.50926E-23   240.10       0.0000       236.32      -166.87      -3.9184      -285.70      -311.04       98.315    
  4688.878068       1.0000       0.0000       200.29     -1.29700E-18   240.10       0.0000       236.00      -172.41      -2.7116      -287.57      -318.08       112.07    
  4689.000000       1.0000       0.0000       200.29     -2.08162E-19   240.10       0.0000       235.85      -175.04      -2.1333      -288.46      -321.23       118.35    
  4689.000000       1.0000       0.0000       200.29      6.96766E-23   240.10       0.0000       235.85      -175.04      -2.1333      -288.46      -321.23       118.35    
  4689.086572       1.0000       0.0000       200.29      6.96766E-23   240.10       0.0000       235.75      -176.91      -1.7606      -289.10      -323.37       122.72    
  4689.173145       1.0000       0.0000       200.29      6.96766E-23   240.10       0.0000       235.65      -178.78      -1.3917      -289.73      -325.40       127.03    
  4689.189801       1.0000       0.0000       200.29      6.96766E-23   240.10       0.0000       235.63      -179.13      -1.3206      -289.85      -325.79       127.86    
  4689.223112       1.0000       0.0000       200.29     -2.59397E-18   240.10       0.0000       235.59      -179.85      -1.1784      -290.10      -326.56       129.50    
  4689.223112       1.0000       0.0000       200.29      6.96766E-23   240.10       0.0000       235.59      -179.85      -1.1784      -290.10      -326.55       129.50    
  4689.292370       1.0000       0.0000       200.29      6.96766E-23   240.10       0.0000       235.51      -181.36     -0.86085      -290.61      -328.08       132.86    
  4689.361628       1.0000       0.0000       200.29      6.96766E-23   240.10       0.0000       235.44      -182.87     -0.55059      -291.13      -329.55       136.17    
  4689.500144       1.0000       0.0000       200.29      6.96766E-23   240.10       0.0000       235.30      -185.94      6.17695E-02  -292.18      -332.27       142.61    
  4689.777176       1.0000       0.0000       200.29      6.96766E-23   240.10       0.0000       235.05      -192.28       1.2755      -294.31      -336.82       154.88    
  4690.000000       1.0000       0.0000       200.29     -1.03761E-17   240.09       0.0000       234.86      -197.44       2.2458      -296.06      -339.90       164.23    
  4690.000000       1.0000       0.0000       200.29      6.96766E-23   240.09       0.0000       234.86      -197.44       2.2458      -296.06      -339.90       164.23    
  4690.221626       1.0000       0.0000       200.29      6.96766E-23   240.09       0.0000       234.70      -202.36       2.9080      -297.80      -342.20       172.63    
  4690.443251       1.0000       0.0000       200.29      6.96766E-23   240.09       0.0000       234.55      -207.12       3.5521      -299.53      -343.81       180.20    
  4690.886502       1.0000       0.0000       200.29     -2.01962E-20   240.09       0.0000       234.31      -216.41       4.8126      -303.01      -344.74       192.97    
  4690.886502       1.0000       0.0000       200.29     -9.48721E-24   240.09       0.0000       234.31      -216.41       4.8126      -303.01      -344.74       192.97    
  4690.943251       1.0000       0.0000       200.29     -9.48721E-24   240.09       0.0000       234.28      -217.55       4.9737      -303.46      -344.80       194.48    
  4691.000000       1.0000       0.0000       200.29      5.18807E-18   240.09       0.0000       234.25      -218.68       5.1344      -303.91      -344.81       195.94    
  4691.000000       1.0000       0.0000       200.29     -9.23316E-24   240.09       0.0000       234.25      -218.68       5.1344      -303.91      -344.81       195.94    
  4691.045399       1.0000       0.0000       200.29     -9.23316E-24   240.09       0.0000       234.23      -219.57       5.2417      -304.26      -344.78       197.06    
  4691.090798       1.0000       0.0000       200.29     -9.23316E-24   240.09       0.0000       234.20      -220.45       5.3446      -304.62      -344.73       198.14    
  4691.181596       1.0000       0.0000       200.29     -9.23316E-24   240.09       0.0000       234.16      -222.18       5.5492      -305.33      -344.52       200.16    
  4691.363193       1.0000       0.0000       200.29     -9.23316E-24   240.09       0.0000       234.08      -225.52       5.9544      -306.74      -343.71       203.74    
  4691.726385       1.0000       0.0000       200.29     -9.23316E-24   240.09       0.0000       233.95      -231.86       6.7507      -309.54      -340.73       209.21    
  4692.000000       1.0000       0.0000       200.29      4.05226E-20   240.09       0.0000       233.86      -236.31       7.3449      -311.65      -337.66       212.16    
  4692.000000       1.0000       0.0000       200.29     -9.23316E-24   240.09       0.0000       233.86      -236.31       7.3449      -311.65      -337.66       212.16    
  4692.290554       1.0000       0.0000       200.29      6.62314E-25   240.09       0.0000       233.78      -240.45       7.7326      -313.83      -333.40       213.73    
  4692.581108       1.0000       0.0000       200.29      4.38467E-26   240.09       0.0000       233.70      -244.08       8.1094      -315.97      -328.27       213.90    
  4693.000000       1.0000       0.0000       200.29     -8.47797E-25   240.09       0.0000       233.61      -248.46       8.6458      -318.99      -319.39       211.79    
  4693.000000       1.0000       0.0000       200.29     -8.47797E-25   240.09       0.0000       233.61      -248.46       8.6458      -318.99      -319.39       211.79    
  4693.232443       1.0000       0.0000       200.29     -8.47797E-25   240.09       0.0000       233.56      -250.19       8.6280      -320.58      -313.76       209.21    
  4693.464887       1.0000       0.0000       200.29     -4.05327E-20   240.09       0.0000       233.53      -251.41       8.5981      -322.12      -307.61       205.60    
  4693.929773       1.0000       0.0000       200.29     -8.47797E-25   240.09       0.0000       233.46      -252.47       8.5356      -325.03      -293.93       195.63    
  4694.000000       1.0000       0.0000       200.29      6.12199E-21   240.09       0.0000       233.46      -252.55       8.5262      -325.46      -291.80       193.95    
  4694.000000       1.0000       0.0000       200.29     -5.27839E-23   240.09       0.0000       233.46      -252.55       8.5262      -325.46      -291.80       193.95    
  4694.371909       1.0000       0.0000       200.29     -5.27839E-23   240.10       0.0000       233.43      -251.43       7.8650      -327.54      -279.48       182.66    
  4694.743819       1.0000       0.0000       200.29     -5.27839E-23   240.10       0.0000       233.41      -249.03       7.1971      -329.45      -266.49       169.38    
  4695.000000       1.0000       0.0000       200.29     -5.27839E-23   240.10       0.0000       233.41      -246.80       6.7383      -330.70      -257.30       159.38    
  4695.000000       1.0000       0.0000       200.29      6.58895E-24   240.10       0.0000       233.41      -246.80       6.7381      -330.70      -257.30       159.38    
  4695.297527       1.0000       0.0000       200.29      6.58895E-24   240.10       0.0000       233.42      -243.42       6.0406      -332.04      -246.39       146.73    
  4695.595055       1.0000       0.0000       200.29      6.58895E-24   240.10       0.0000       233.44      -239.70       5.3393      -333.29      -235.62       133.90    
  4696.000000       1.0000       0.0000       197.51      6.58895E-24   236.77       0.0000       230.22      -228.54       4.4078      -334.21      -217.70       113.93    
  4696.000000       1.0000       0.0000       197.51      6.58895E-24   236.77       0.0000       230.22      -228.54       4.4066      -334.21      -217.70       113.93    
  4696.026105       1.0000       0.0000       196.42      6.58895E-24   235.46       0.0000       228.95      -226.95       4.3378      -334.23      -215.96       112.65    
  4696.052211       1.0000       0.0000       195.33      6.58895E-24   234.15       0.0000       227.68      -225.23       4.2667      -334.21      -214.14       111.37    
  4696.104422       1.0000       0.0000       193.15      6.58895E-24   231.54       0.0000       225.15      -221.42       4.1286      -334.06      -210.26       108.79    
  4696.104422       1.0000       0.0000       193.15      6.58895E-24   231.54       0.0000       225.15      -221.42       4.1287      -334.06      -210.26       108.79    
  4696.125306       1.0000       0.0000       192.28      6.58895E-24   230.50       0.0000       224.13      -219.85       4.0741      -333.99      -208.67       107.76    
  4696.146190       1.0000       0.0000       191.41      1.03762E-17   229.45       0.0000       223.11      -218.22       4.0201      -333.90      -207.05       106.72    
  4696.187959       1.0000       0.0000       189.66      6.58900E-24   227.36       0.0000       221.08      -214.83       3.9140      -333.68      -203.72       104.63    
  4696.271496       1.0000       0.0000       184.19      6.58895E-24   220.80       0.0000       214.70      -205.39       3.7151      -332.91      -195.32       100.43    
  4696.438571       1.0000       0.0000       171.50      6.58895E-24   205.59       0.0000       199.89      -181.93       3.3612      -330.41      -175.49       91.687    
  4696.772720       1.0000       0.0000       134.16      6.58895E-24   160.83       0.0000       156.31      -114.59       2.8414      -321.48      -121.32       75.074    
  4697.000000       1.0000       0.0000       100.14      6.58895E-24   120.04       0.0000       116.63      -88.252       2.5864      -313.47      -95.292       120.48    
  4697.000000       1.0000       0.0000       100.14      2.34185E-22   120.04       0.0000       116.63      -88.255       2.5863      -313.47      -95.292       120.48    
  4697.005541       1.0000       0.0000       99.296      2.17618E-19   119.03       0.0000       115.64      -86.574       2.5801      -313.27      -94.033       119.98    
  4697.011081       1.0000       0.0000       98.448     -1.32930E-21   118.01       0.0000       114.65      -84.909       2.5684      -313.07      -92.821       119.53    
  4697.015515       1.0000       0.0000       97.770      6.49793E-22   117.20       0.0000       113.86      -83.607       2.5576      -312.91      -91.875       119.23    
  4697.020775       1.0000       0.0000       96.965     -3.96815E-21   116.23       0.0000       112.92      -82.055       2.5449      -312.72      -90.750       118.88    
  4697.026264       1.0000       0.0000       96.125     -3.71992E-21   115.23       0.0000       111.95      -80.428       2.5316      -312.52      -89.574       118.51    
  4697.032896       1.0000       0.0000       95.111     -3.42002E-21   114.01       0.0000       110.76      -78.454       2.5157      -312.28      -88.151       118.06    
  4697.040928       1.0000       0.0000       93.882      2.00972E-21   112.54       0.0000       109.33      -76.047       2.4964      -311.99      -86.424       117.50    
  4697.052239       1.0000       0.0000       92.151      9.65565E-21   110.46       0.0000       107.31      -72.617       2.4696      -311.57      -83.982       116.72    
  4697.066491       1.0000       0.0000       89.971      1.92894E-20   107.85       0.0000       104.77      -68.263       2.4360      -311.03      -80.897       115.73    
  4697.083985       1.0000       0.0000       87.294      3.11145E-20   104.64       0.0000       101.65      -62.880       2.3952      -310.37      -77.102       114.52    
  4697.099707       1.0000       0.0000       84.889     -3.93218E-20   101.76       0.0000       98.845      -58.014       2.3588      -309.77      -73.685       113.44    
  4697.117630       1.0000       0.0000       82.147      4.25076E-20   98.471       0.0000       95.648      -52.439       2.3176      -309.08      -69.787       112.23    
  4697.135959       1.0000       0.0000       79.342      4.51270E-20   95.110       0.0000       92.379      -46.713       2.2759      -308.38      -65.800       111.02    
  4697.156833       1.0000       0.0000       76.149      4.81101E-20   91.282       0.0000       88.656      -40.171       2.2287      -307.56      -61.260       109.67    
  4697.179761       1.0000       0.0000       72.641     -1.10741E-19   87.077       0.0000       84.568      -32.965       2.1773      -306.67      -56.279       108.23    
  4697.185048       1.0000       0.0000       71.832     -5.56691E-30   86.107       0.0000       83.625      -31.299       2.1655      -306.46      -55.130       107.90    
  4697.195624       1.0000       0.0000       70.214     -1.44394E-21   84.167       0.0000       81.739      -27.965       2.1421      -306.04      -52.834       107.24    
  4697.216774       1.0000       0.0000       67.444      2.41028E-24   80.848       0.0000       78.511      -21.729       2.0947      -305.23      -48.540       105.96    
  4697.246180       1.0000       0.0000       63.763     -5.19964E-22   76.436       0.0000       74.221      -13.345       2.0280      -304.12      -42.768       104.24    
  4697.283125       1.0000       0.0000       59.139     -1.17626E-21   70.892       0.0000       68.832      -3.0156       1.9431      -302.77      -35.659       102.17    
  4697.329032       1.0000       0.0000       53.392      5.41480E-22   64.003       0.0000       62.136       9.5673       1.8365      -301.14      -27.002       99.723    
  4697.386995       1.0000       0.0000       46.136      2.71033E-21   55.306       0.0000       53.684       24.977       1.7009      -299.12      -16.276       96.797    
  4697.462957       1.0000       0.0000       38.379      5.55267E-21   46.007       0.0000       44.649       41.815       1.5183      -296.60      -3.7321       93.137    
  4697.567809       1.0000       0.0000       28.170      9.47600E-21   33.769       0.0000       32.764       63.551       1.2582      -293.33       12.589       88.351    
  4697.724021       1.0000       0.0000       16.411      1.53211E-20   19.673       0.0000       19.081       89.980      0.88450      -289.10       33.024       81.490    
  4697.724021       1.0000       0.0000       16.411      1.21656E-22   19.673       0.0000       19.081       89.980      0.88556      -289.10       33.024       81.490    
  4697.727568       1.0000       0.0000       16.164      1.21656E-22   19.377       0.0000       18.794       90.566      0.85487      -289.00       33.487       81.334    
  4697.731114       1.0000       0.0000       15.918      1.21656E-22   19.082       0.0000       18.507       91.150      0.84511      -288.91       33.949       81.178    
  4697.738208       1.0000       0.0000       15.424      1.21656E-22   18.490       0.0000       17.933       92.308      0.82865      -288.72       34.867       80.866    
  4697.752394       1.0000       0.0000       14.438     -1.29690E-18   17.308       0.0000       16.786       94.608      0.79580      -288.35       36.693       80.244    
  4697.780767       1.0000       0.0000       12.465      1.21656E-22   14.942       0.0000       14.491       99.058      0.72874      -287.63       40.262       79.011    
  4697.837514       1.0000       0.0000       9.5618      1.21656E-22   11.462       0.0000       11.115       106.51      0.58877      -286.33       46.470       76.545    
  4697.951006       1.0000       0.0000       4.8261      1.21655E-22   5.7854       0.0000       5.6093       118.56      0.28794      -284.14       57.140       71.629    
  4698.000000       1.0000       0.0000       2.7818      1.21655E-22   3.3347       0.0000       3.2330       123.50      0.15596      -283.25       61.617       69.462    
  4698.000000       1.0000       0.0000       2.7818      1.21655E-22   3.3347       0.0000       3.2330       123.50      0.15606      -283.25       61.617       69.462    
  4698.090794       1.0000       0.0000       1.5189      1.21655E-22   1.8209       0.0000       1.7652       128.98     -2.79825E-02  -281.97       67.498       65.524    
  4698.181588       1.0000       0.0000      0.25609      1.21655E-22  0.30700       0.0000      0.29760       133.42     -0.21532      -280.90       72.735       61.720    
  4698.363176       1.0000       0.0000       0.0000      1.03763E-17   0.0000       0.0000       0.0000       137.42     -0.62966      -279.46       79.955       54.317    
  4698.651298       1.0000       0.0000       0.0000      8.99509E-19   0.0000       0.0000       0.0000       142.98      -1.3394      -277.71       90.582       39.084    
  4698.983799       1.0000       0.0000       0.0000     -2.25485E-18   0.0000       0.0000       0.0000       146.51      -2.1954      -275.91       100.21       25.669    
  4698.983799       1.0000       0.0000       0.0000      5.54616E-20   0.0000       0.0000       0.0000       146.51      -2.1950      -275.91       100.21       25.669    
  4698.991899       1.0000       0.0000       0.0000      4.53286E-20   0.0000       0.0000       0.0000       146.60      -2.2156      -275.87       100.44       25.329    
  4699.000000       1.0000       0.0000       0.0000      2.48407E-17   0.0000       0.0000       0.0000       146.69      -2.2362      -275.82       100.68       24.989    
  4699.000000       1.0000       0.0000       0.0000     -1.32994E-21   0.0000       0.0000       0.0000       146.69      -2.2362      -275.82       100.68       24.989    
  4699.006480       1.0000       0.0000       0.0000     -1.07726E-19   0.0000       0.0000       0.0000       146.76      -2.2527      -275.79       100.87       24.716    
  4699.012961       1.0000       0.0000       0.0000      1.08456E-21   0.0000       0.0000       0.0000       146.82      -2.2666      -275.75       101.05       24.445    
  4699.025922       1.0000       0.0000       0.0000      6.29519E-17   0.0000       0.0000       0.0000       146.96      -2.2941      -275.68       101.43       23.903    
  4699.051844       1.0000       0.0000       0.0000     -1.55081E-17   0.0000       0.0000       0.0000       147.23      -2.3492      -275.54       102.17       22.821    
  4699.103687       1.0000       0.0000       0.0000      1.37244E-18   0.0000       0.0000       0.0000       147.78      -2.4601      -275.27       103.62       20.674    
  4699.207374       1.0000       0.0000       0.0000     -3.77701E-18   0.0000       0.0000       0.0000       148.86      -2.6840      -274.72       106.43       16.523    
  4699.414749       1.0000       0.0000       0.0000     -1.32940E-19   0.0000       0.0000       0.0000       151.10      -3.1383      -273.63       111.69       8.4338    
  4699.829497       1.0000       0.0000       0.0000      1.96712E-18   0.0000       0.0000       0.0000       156.18      -4.0617      -271.41       120.80      -7.1820    
  4700.000000       1.0000       0.0000       0.0000     -4.12101E-19   0.0000       0.0000       0.0000       158.24      -4.4390      -270.48       124.23      -13.269    
  4700.000000       1.0000       0.0000       0.0000     -7.65912E-22   0.0000       0.0000       0.0000       158.24      -4.4390      -270.48       124.23      -13.269    
  4700.331799       1.0000       0.0000       0.0000     -2.03253E-21   0.0000       0.0000       0.0000       162.17      -5.1787      -268.65       129.67      -23.847    
  4700.663598       1.0000       0.0000       0.0000     -3.68086E-19   0.0000       0.0000       0.0000       166.59      -5.9163      -266.76       134.29      -34.206    
  4701.000000       1.0000       0.0000       0.0000      1.11951E-19   0.0000       0.0000       0.0000       167.40      -6.6631      -264.90       135.42      -37.118    
  4701.000000       1.0000       0.0000       0.0000     -1.41111E-21   0.0000       0.0000       0.0000       167.40      -6.6631      -264.90       135.42      -37.118    
  4701.265439       1.0000       0.0000       0.0000      1.60716E-19   0.0000       0.0000       0.0000       168.13      -7.1486      -263.45       135.70      -39.008    
  4701.530878       1.0000       0.0000       0.0000      1.88548E-20   0.0000       0.0000       0.0000       169.07      -7.6240      -262.00       135.46      -40.679    
  4701.845387       1.0000       0.0000       0.0000     -1.49231E-19   0.0000       0.0000       0.0000       170.53      -8.1781      -260.27       134.60      -42.519    
  4701.845387       1.0000       0.0000       0.0000     -1.03682E-21   0.0000       0.0000       0.0000       170.53      -8.1781      -260.27       134.60      -42.519    
  4701.922693       1.0000       0.0000       0.0000     -1.03682E-21   0.0000       0.0000       0.0000       170.91      -8.3119      -259.84       134.35      -42.966    
  4702.000000       1.0000       0.0000       0.0000      4.04282E-19   0.0000       0.0000       0.0000       171.31      -8.4450      -259.41       134.08      -43.408    
  4702.000000       1.0000       0.0000       0.0000      4.02967E-21   0.0000       0.0000       0.0000       171.31      -8.4450      -259.41       134.08      -43.408    
  4702.061845       1.0000       0.0000       0.0000      4.02967E-21   0.0000       0.0000       0.0000       171.65      -8.5511      -259.06       133.83      -43.759    
  4702.123690       1.0000       0.0000       0.0000     -9.73000E-20   0.0000       0.0000       0.0000       172.00      -8.6568      -258.72       133.57      -44.108    
  4702.247381       1.0000       0.0000       0.0000      1.00762E-17   0.0000       0.0000       0.0000       172.77      -8.8676      -258.02       132.98      -44.800    
  4702.320319       1.0000       0.0000       0.0000      4.40215E-18   0.0000       0.0000       0.0000       173.25      -8.9910      -257.61       132.60      -45.207    
  4702.320319       1.0000       0.0000       0.0000     -1.89994E-21   0.0000       0.0000       0.0000       173.25      -9.0183      -259.30       132.60      -45.207    
  4702.419271       1.0000       0.0000       0.0000     -2.55541E-18   0.0000       0.0000       0.0000       174.11      -9.2793      -257.68       132.18      -45.754    
  4702.518223       1.0000       0.0000       0.0000     -2.19062E-18   0.0000       0.0000       0.0000       174.95      -9.5333      -257.09       131.66      -46.269    
  4702.643255       1.0000       0.0000       0.0000     -1.72969E-18   0.0000       0.0000       0.0000       176.00      -9.8443      -256.35       130.90      -46.927    
  4702.799802       1.0000       0.0000       0.0000     -2.19049E-17   0.0000       0.0000       0.0000       177.38      -10.220      -255.43       129.82      -47.756    
  4703.000000       1.0000       0.0000       0.0000     -8.06490E-20   0.0000       0.0000       0.0000       179.25      -10.681      -254.25       128.27      -48.819    
