#      time         order        q_cool       q_equip      q_heat       q_light      q_loss       q_occ        qintw        ql_a         qventil      qwcb         qwind     
  4679.000000       1.0000       0.0000       0.0000      3.16438E-22   0.0000       0.0000       0.0000       144.90      -9.9492      -229.78       90.188       0.0000    
  4679.400000       1.0000       0.0000       0.0000      1.94585E-18   0.0000       0.0000       0.0000       148.85      -10.718      -227.99       85.135       0.0000    
  4679.800000       1.0000       0.0000       0.0000      1.94585E-18   0.0000       0.0000       0.0000       153.14      -11.446      -226.16       79.650       0.0000    
  4680.000000       1.0000       0.0000       0.0000      2.26982E-17   0.0000       0.0000       0.0000       155.36      -11.803      -225.24       76.829       0.0000    
  4680.000000       1.0000       0.0000       0.0000     -5.03484E-20   0.0000       0.0000       0.0000       155.36      -11.799      -225.24       76.829       0.0000    
  4680.002746       1.0000       0.0000       0.0000     -5.70001E-21   0.0000       0.0000       0.0000       155.39      -11.804      -225.23       76.791       0.0000    
  4680.005491       1.0000       0.0000       0.0000     -1.62286E-18   0.0000       0.0000       0.0000       155.42      -11.809      -225.22       76.753       0.0000    
  4680.007168       1.0000       0.0000       0.0000     -5.67787E-20   0.0000       0.0000       0.0000       155.44      -11.812      -225.21       76.729       0.0000    
  4680.007168       1.0000       0.0000       0.0000     -7.30728E-22   0.0000       0.0000       0.0000       155.44      -11.812      -225.21       76.729       0.0000    
  4680.009364       1.0000       0.0000       0.0000     -1.21303E-20   0.0000       0.0000       0.0000       155.46      -11.815      -225.20       76.698       0.0000    
  4680.011560       1.0000       0.0000       0.0000     -7.73369E-19   0.0000       0.0000       0.0000       155.49      -11.817      -225.19       76.667       0.0000    
  4680.015953       1.0000       0.0000       0.0000     -2.62010E-18   0.0000       0.0000       0.0000       155.53      -11.823      -225.17       76.606       0.0000    
  4680.024739       1.0000       0.0000       0.0000     -3.88166E-18   0.0000       0.0000       0.0000       155.63      -11.833      -225.13       76.482       0.0000    
  4680.042311       1.0000       0.0000       0.0000     -8.68200E-17   0.0000       0.0000       0.0000       155.83      -11.854      -225.05       76.233       0.0000    
  4680.077454       1.0000       0.0000       0.0000     -7.11139E-17   0.0000       0.0000       0.0000       156.21      -11.896      -224.89       75.732       0.0000    
  4680.147740       1.0000       0.0000       0.0000     -3.38514E-18   0.0000       0.0000       0.0000       156.99      -11.979      -224.57       74.714       0.0000    
  4680.288312       1.0000       0.0000       0.0000      2.83108E-17   0.0000       0.0000       0.0000       158.57      -12.142      -223.92       72.635       0.0000    
  4680.569457       1.0000       0.0000       0.0000      3.50527E-18   0.0000       0.0000       0.0000       161.89      -12.648      -222.59       68.389       0.0000    
  4680.676913       1.0000       0.0000       0.0000     -9.19077E-16   0.0000       0.0000       0.0000       163.20      -12.837      -222.07       66.780       0.0000    
  4680.676913       1.0000       0.0000       0.0000     -1.39073E-19   0.0000       0.0000       0.0000       163.20      -12.837      -222.07       66.780       0.0000    
  4680.725999       1.0000       0.0000       0.0000     -1.05152E-17   0.0000       0.0000       0.0000       163.78      -12.922      -221.84       66.034       0.0000    
  4680.775084       1.0000       0.0000       0.0000     -4.16437E-17   0.0000       0.0000       0.0000       164.36      -13.005      -221.61       65.287       0.0000    
  4680.873255       1.0000       0.0000       0.0000     -6.84965E-16   0.0000       0.0000       0.0000       165.56      -13.164      -221.14       63.792       0.0000    
  4681.000000       1.0000       0.0000       0.0000     -1.10049E-15   0.0000       0.0000       0.0000       167.10      -13.362      -220.53       61.845       0.0000    
  4681.000000       1.0000       0.0000       0.0000      9.11276E-18   0.0000       0.0000       0.0000       167.10      -13.362      -220.53       61.844       0.0000    
  4681.078537       1.0000       0.0000       0.0000     -3.23919E-17   0.0000       0.0000       0.0000       168.02      -13.444      -220.16       60.622       0.0000    
  4681.157073       1.0000       0.0000       0.0000      2.58140E-16   0.0000       0.0000       0.0000       168.94      -13.521      -219.79       59.398       0.0000    
  4681.314147       1.0000       0.0000       0.0000      9.11276E-18   0.0000       0.0000       0.0000       170.78      -13.669      -219.05       56.937       0.0000    
  4681.628294       1.0000       0.0000       0.0000     -4.88943E-16   0.0000       0.0000       0.0000       174.49      -13.949      -217.54       51.998       0.0000    
  4682.000000       1.0000       0.0000       0.0000      5.59070E-20   0.0000       0.0000       0.0000       178.72      -14.257      -215.77       46.289       0.0000    
  4682.000000       1.0000       0.0000       0.0000     -1.40951E-22   0.0000       0.0000       0.0000       178.72      -14.257      -215.77       46.289       0.0000    
  4682.251318       1.0000       0.0000       0.0000      1.03760E-17   0.0000       0.0000       0.0000       181.54      -14.458      -214.57       42.465       0.0000    
  4682.502635       1.0000       0.0000       0.0000     -3.24396E-19   0.0000       0.0000       0.0000       184.36      -14.653      -213.36       38.598       0.0000    
  4683.000000       1.0000       0.0000       0.0000     -1.04510E-16   0.0000       0.0000       0.0000       189.92      -15.025      -210.92       30.862       0.0000    
  4683.000000       1.0000       0.0000       0.0000      6.39481E-21   0.0000       0.0000       0.0000       189.92      -15.025      -210.92       30.862       0.0000    
  4683.201054       1.0000       0.0000       0.0000     -6.42115E-19   0.0000       0.0000       0.0000       192.14      -15.082      -209.93       27.714       0.0000    
  4683.402108       1.0000       0.0000       0.0000      4.69267E-20   0.0000       0.0000       0.0000       194.33      -15.141      -208.94       24.559       0.0000    
  4683.804216       1.0000       0.0000       0.0000      2.15943E-20   0.0000       0.0000       0.0000       198.66      -15.272      -206.93       18.268       0.0000    
  4684.000000       1.0000       0.0000       0.0000     -2.67629E-28   0.0000       0.0000       0.0000       200.76      -15.339      -205.94       15.215       0.0000    
  4684.000000       1.0000       0.0000       0.0000      1.26662E-21   0.0000       0.0000       0.0000       200.76      -15.339      -205.94       15.215       0.0000    
  4684.006434       1.0000       0.0000       0.0000      1.26662E-21   0.0000       0.0000       0.0000       200.83      -15.341      -205.91       15.115       0.0000    
  4684.012867       1.0000       0.0000       0.0000     -1.97912E-23   0.0000       0.0000       0.0000       200.89      -15.331      -205.88       15.015       0.0000    
  4684.023281       1.0000       0.0000       0.0000     -1.64229E-19   0.0000       0.0000       0.0000       201.00      -15.314      -205.83       14.852       0.0000    
  4684.035208       1.0000       0.0000       0.0000      2.77756E-26   0.0000       0.0000       0.0000       201.13      -15.295      -205.77       14.665       0.0000    
  4684.052861       1.0000       0.0000       0.0000      1.01221E-19   0.0000       0.0000       0.0000       201.31      -15.267      -205.68       14.387       0.0000    
  4684.076880       1.0000       0.0000       0.0000     -1.66379E-19   0.0000       0.0000       0.0000       201.55      -15.228      -205.56       14.008       0.0000    
  4684.097778       1.0000       0.0000       0.0000      5.73544E-19   0.0000       0.0000       0.0000       201.76      -15.196      -205.46       13.678       0.0000    
  4684.120423       1.0000       0.0000       0.0000     -4.33385E-20   0.0000       0.0000       0.0000       201.99      -15.161      -205.35       13.320       0.0000    
  4684.139275       1.0000       0.0000       0.0000      2.53722E-19   0.0000       0.0000       0.0000       202.17      -15.132      -205.25       13.022       0.0000    
  4684.157926       1.0000       0.0000       0.0000     -2.63026E-19   0.0000       0.0000       0.0000       202.36      -15.103      -205.16       12.726       0.0000    
  4684.175122       1.0000       0.0000       0.0000      2.33321E-19   0.0000       0.0000       0.0000       202.52      -15.077      -205.08       12.454       0.0000    
  4684.192204       1.0000       0.0000       0.0000      5.64282E-19   0.0000       0.0000       0.0000       202.69      -15.052      -204.99       12.183       0.0000    
  4684.208820       1.0000       0.0000       0.0000      7.55650E-20   0.0000       0.0000       0.0000       202.85      -15.027      -204.91       11.920       0.0000    
  4684.225480       1.0000       0.0000       0.0000      7.19392E-20   0.0000       0.0000       0.0000       203.01      -15.003      -204.83       11.655       0.0000    
  4684.242636       1.0000       0.0000       0.0000      6.82053E-20   0.0000       0.0000       0.0000       203.17      -14.978      -204.75       11.384       0.0000    
  4684.261189       1.0000       0.0000       0.0000      6.41673E-20   0.0000       0.0000       0.0000       203.35      -14.951      -204.65       11.090       0.0000    
  4684.281348       1.0000       0.0000       0.0000      2.21907E-19   0.0000       0.0000       0.0000       203.54      -14.923      -204.56       10.770       0.0000    
  4684.303612       1.0000       0.0000       0.0000      3.13326E-20   0.0000       0.0000       0.0000       203.75      -14.891      -204.45       10.418       0.0000    
  4684.328532       1.0000       0.0000       0.0000     -1.47899E-18   0.0000       0.0000       0.0000       203.99      -14.857      -204.33       10.024       0.0000    
  4684.356756       1.0000       0.0000       0.0000     -5.95532E-19   0.0000       0.0000       0.0000       204.26      -14.818      -204.19       9.5782       0.0000    
  4684.389260       1.0000       0.0000       0.0000     -2.17211E-18   0.0000       0.0000       0.0000       204.56      -14.774      -204.03       9.0656       0.0000    
  4684.427364       1.0000       0.0000       0.0000     -4.53471E-19   0.0000       0.0000       0.0000       204.92      -14.723      -203.84       8.4660       0.0000    
  4684.473144       1.0000       0.0000       0.0000      4.20547E-18   0.0000       0.0000       0.0000       205.35      -14.663      -203.62       7.7478       0.0000    
  4684.529743       1.0000       0.0000       0.0000      4.12877E-18   0.0000       0.0000       0.0000       205.87      -14.591      -203.34       6.8631       0.0000    
  4684.602625       1.0000       0.0000       0.0000      2.47823E-17   0.0000       0.0000       0.0000       206.54      -14.502      -202.98       5.7305       0.0000    
  4684.602625       1.0000       0.0000       0.0000     -7.03654E-22   0.0000       0.0000       0.0000       206.54      -14.502      -202.98       5.7305       0.0000    
  4684.610956       1.0000       0.0000       0.0000     -1.71697E-20   0.0000       0.0000       0.0000       206.62      -14.491      -202.94       5.6012       0.0000    
  4684.619287       1.0000       0.0000       0.0000     -1.16853E-18   0.0000       0.0000       0.0000       206.70      -14.481      -202.90       5.4719       0.0000    
  4684.635950       1.0000       0.0000       0.0000      9.55595E-20   0.0000       0.0000       0.0000       206.85      -14.461      -202.81       5.2137       0.0000    
  4684.669274       1.0000       0.0000       0.0000     -2.94560E-19   0.0000       0.0000       0.0000       207.15      -14.421      -202.65       4.6987       0.0000    
  4684.735923       1.0000       0.0000       0.0000     -8.85691E-18   0.0000       0.0000       0.0000       207.76      -14.343      -202.32       3.6749       0.0000    
  4684.869222       1.0000       0.0000      0.96279     -4.12355E-20   1.1542       0.0000       1.1260       207.38      -14.198      -201.78       1.0885       0.0000    
  4685.000000       1.0000       0.0000       2.7818      1.77172E-19   3.3347       0.0000       3.2542       205.28      -14.069      -201.42      -2.0491       0.0000    
  4685.000000       1.0000       0.0000       2.7818      2.58236E-19   3.3347       0.0000       3.2537       205.28      -14.069      -201.42      -2.0490       0.0000    
  4685.106639       1.0000       0.0000       7.2314     -7.53637E-21   8.6689       0.0000       8.4596       198.57      -13.744      -201.55      -6.4040       0.0000    
  4685.213277       1.0000       0.0000       12.050     -7.28283E-22   14.446       0.0000       14.101       190.18      -13.425      -201.96      -11.396       0.0000    
  4685.426554       1.0000       0.0000       27.621      2.05414E-19   33.112       0.0000       32.348       161.15      -12.892      -204.20      -26.067       0.0000    
  4685.756748       1.0000       0.0000       64.130     -1.06622E-17   76.878       0.0000       75.262       92.334      -12.318      -211.79      -60.316       0.0000    
  4686.000000       1.0000       0.0000       100.14     -1.72606E-18   120.05       0.0000       117.76       24.693      -12.050      -220.24      -93.766       0.0000    
  4686.000000       1.0000       0.0000       100.14     -1.28941E-22   120.05       0.0000       117.76       24.693      -12.050      -220.24      -93.766       0.0000    
  4686.034124       1.0000       0.0000       105.36     -1.87528E-02   126.31       0.0000       123.93       14.867      -11.877      -221.49      -98.625       0.0000    
  4686.068249       1.0000       0.0000       110.59       1024.0       132.57       0.0000       130.11      -346.19      -12.177      -239.74      -235.18       0.0000    
  4686.077952       1.0000       0.0000       112.07       1461.2       134.35       0.0000       131.87      -497.47      -12.324      -247.02      -292.14       0.0000    
  4686.097358       1.0000       0.0000       115.04       1590.8       137.91       0.0000       135.39      -593.03      -12.613      -261.37      -332.36       0.0000    
  4686.136170       1.0000       0.0000       120.98       863.20       145.02       0.0000       142.44      -447.79      -12.713      -270.88      -281.86       0.0000    
  4686.181830       1.0000       0.0000       127.96       305.31       153.40       0.0000       150.73      -286.56      -12.501      -268.43      -226.33       0.0000    
  4686.196032       1.0000       0.0000       130.14       189.03       156.00       0.0000       153.31      -247.58      -12.413      -266.92      -213.25       0.0000    
  4686.224435       1.0000       0.0000       133.80       158.75       160.40       0.0000       157.67      -225.75      -12.246      -264.25      -207.19       0.0000    
  4686.235797       1.0000       0.0000       135.22       172.57       162.10       0.0000       159.37      -225.33      -12.186      -263.40      -207.68       0.0000    
  4686.258519       1.0000       0.0000       138.07       236.14       165.51       0.0000       162.75      -240.45      -12.097      -262.81      -214.22       0.0000    
  4686.303965       1.0000       0.0000       143.76       287.28       172.33       0.0000       169.53      -259.82      -11.973      -263.44      -223.14       0.0000    
  4686.322143       1.0000       0.0000       146.03       291.07       175.06       0.0000       172.24      -263.56      -11.926      -263.78      -225.25       0.0000    
  4686.358499       1.0000       0.0000       150.58       263.01       180.52       0.0000       177.67      -259.72      -11.821      -264.15      -225.40       0.0000    
  4686.373041       1.0000       0.0000       152.40       248.74       182.70       0.0000       179.84      -257.00      -11.777      -264.22      -225.04       0.0000    
  4686.402126       1.0000       0.0000       155.99       223.15       186.99       0.0000       184.11      -251.32      -11.682      -264.19      -224.25       0.0000    
  4686.413760       1.0000       0.0000       157.12       214.13       188.35       0.0000       185.47      -248.96      -11.643      -264.15      -223.90       0.0000    
  4686.437028       1.0000       0.0000       159.38       202.23       191.07       0.0000       188.18      -245.82      -11.565      -264.05      -223.77       0.0000    
  4686.483564       1.0000       0.0000       163.92       187.06       196.50       0.0000       193.61      -242.61      -11.409      -263.98      -224.63       0.0000    
  4686.576636       1.0000       0.0000       172.98       152.97       207.36       0.0000       204.47      -236.19      -11.096      -264.00      -226.31       0.0000    
  4686.613865       1.0000       0.0000       176.22       139.26       211.24       0.0000       208.36      -233.25      -10.969      -264.00      -226.84       0.0000    
  4686.688322       1.0000       0.0000       181.39       116.05       217.45       0.0000       214.60      -227.26      -10.710      -263.98      -227.84       0.0000    
  4686.837237       1.0000       0.0000       190.71       75.546       228.62       0.0000       225.86      -216.57      -10.174      -263.96      -230.13       0.0000    
  4686.847164       1.0000       0.0000       191.13       72.263       229.12       0.0000       226.36      -215.62      -10.139      -260.57      -230.20       0.0000    
  4686.847164       1.0000       0.0000       191.13       72.263       229.12       0.0000       226.36      -215.62      -10.183      -263.30      -230.20       0.0000    
  4686.874463       1.0000       0.0000       192.27       65.370       230.49       0.0000       227.75      -213.15      -10.150      -263.27      -230.43       0.0000    
  4686.901763       1.0000       0.0000       193.41       60.256       231.85       0.0000       229.13      -211.39      -10.114      -263.25      -230.84       0.0000    
  4686.956362       1.0000       0.0000       195.68       51.370       234.58       0.0000       231.89      -208.57      -10.029      -263.24      -231.87       0.0000    
  4687.000000       1.0000       0.0000       197.51       43.854       236.77       0.0000       234.09      -206.27      -9.9537      -263.24      -232.67       0.0000    
  4687.000000       1.0000       0.0000       197.51       43.854       236.77       0.0000       234.09      -206.27      -9.9537      -263.24      -232.67       0.0000    
  4687.043679       1.0000       0.0000       198.11       38.689       237.49       0.0000       234.85      -203.34      -9.8570      -263.22      -233.22       0.0000    
  4687.087358       1.0000       0.0000       198.72       34.883       238.22       0.0000       235.59      -200.84      -9.7482      -263.20      -233.91       0.0000    
  4687.150293       1.0000       0.0000       199.60       29.565       239.27       0.0000       236.66      -197.40      -9.5724      -263.20      -234.93       0.0000    
  4687.203309       1.0000       0.0000       200.29       24.973       240.10       0.0000       237.49      -194.48      -9.4094      -263.20      -235.75       0.0000    
  4687.266602       1.0000       0.0000       200.29       21.639       240.10       0.0000       237.50      -190.75      -9.1964      -263.18      -236.60       0.0000    
  4687.330669       1.0000       0.0000       200.29       18.993       240.10       0.0000       237.49      -187.28      -8.9647      -263.18      -237.51       0.0000    
  4687.407310       1.0000       0.0000       200.29       15.788       240.10       0.0000       237.48      -183.23      -8.6705      -263.18      -238.57       0.0000    
  4687.426106       1.0000       0.0000       200.29       14.991       240.10       0.0000       237.47      -182.24      -8.5964      -263.18      -238.82       0.0000    
  4687.463698       1.0000       0.0000       200.29       13.373       240.10       0.0000       237.46      -180.27      -8.4458      -263.18      -239.32       0.0000    
  4687.478735       1.0000       0.0000       200.29       12.724       240.10       0.0000       237.45      -179.49      -8.3848      -263.17      -239.52       0.0000    
  4687.508809       1.0000       0.0000       200.29       11.433       240.10       0.0000       237.44      -177.93      -8.2618      -263.17      -239.90       0.0000    
  4687.520838       1.0000       0.0000       200.29       10.923       240.10       0.0000       237.44      -177.31      -8.2123      -263.17      -240.05       0.0000    
  4687.544897       1.0000       0.0000       200.29       9.9068       240.10       0.0000       237.43      -176.09      -8.1125      -263.17      -240.36       0.0000    
  4687.593015       1.0000       0.0000       200.29       7.9096       240.10       0.0000       237.40      -173.68      -7.9104      -263.17      -240.94       0.0000    
  4687.689251       1.0000       0.0000       200.29       3.9882       240.10       0.0000       237.33      -169.03      -7.4960      -263.17      -242.02       0.0000    
  4687.822690       1.0000       0.0000       200.29     -9.49965E-22   240.10       0.0000       237.22      -163.48      -6.8987      -263.22      -243.57       0.0000    
  4687.951402       1.0000       0.0000       200.29     -2.15325E-20   240.10       0.0000       237.09      -160.14      -6.3051      -263.46      -245.60       0.0000    
  4688.000000       1.0000       0.0000       200.29      4.68546E-20   240.10       0.0000       237.04      -159.00      -6.0774      -263.57      -246.38       0.0000    
  4688.000000       1.0000       0.0000       200.29     -1.03901E-23   240.10       0.0000       237.04      -159.00      -6.0774      -263.57      -246.38       0.0000    
  4688.050348       1.0000       0.0000       200.29     -4.94653E-25   240.10       0.0000       236.99      -157.90      -5.8583      -263.70      -247.18       0.0000    
  4688.100696       1.0000       0.0000       200.29      2.70097E-21   240.10       0.0000       236.94      -156.88      -5.6404      -263.84      -247.98       0.0000    
  4688.201392       1.0000       0.0000       200.29      6.56613E-19   240.10       0.0000       236.82      -155.07      -5.1970      -264.15      -249.50       0.0000    
  4688.201392       1.0000       0.0000       200.29     -3.01811E-23   240.10       0.0000       236.82      -155.07      -5.1970      -264.15      -249.50       0.0000    
  4688.241670       1.0000       0.0000       200.29     -7.62990E-21   240.10       0.0000       236.78      -154.39      -5.0178      -264.28      -250.10       0.0000    
  4688.281949       1.0000       0.0000       200.29     -2.67672E-22   240.10       0.0000       236.73      -153.73      -4.8373      -264.41      -250.68       0.0000    
  4688.362505       1.0000       0.0000       200.29     -5.12457E-19   240.10       0.0000       236.63      -152.52      -4.4715      -264.68      -251.78       0.0000    
  4688.362505       1.0000       0.0000       200.29      1.23814E-25   240.10       0.0000       236.63      -152.52      -4.4715      -264.68      -251.78       0.0000    
  4688.394728       1.0000       0.0000       200.29      1.23814E-25   240.10       0.0000       236.59      -152.05      -4.3241      -264.79      -252.21       0.0000    
  4688.426951       1.0000       0.0000       200.29     -1.85419E-25   240.10       0.0000       236.55      -151.60      -4.1759      -264.90      -252.63       0.0000    
  4688.491396       1.0000       0.0000       200.29     -8.03886E-25   240.10       0.0000       236.48      -150.75      -3.8768      -265.12      -253.42       0.0000    
  4688.620287       1.0000       0.0000       200.29     -4.45852E-19   240.10       0.0000       236.32      -149.26      -3.2700      -265.58      -254.83       0.0000    
  4688.878068       1.0000       0.0000       200.29     -6.07982E-19   240.10       0.0000       236.00      -147.07      -2.0330      -266.52      -256.90       0.0000    
  4689.000000       1.0000       0.0000       200.29     -3.61608E-20   240.10       0.0000       235.85      -146.21      -1.4407      -266.97      -257.71       0.0000    
  4689.000000       1.0000       0.0000       200.29      1.70637E-23   240.10       0.0000       235.85      -146.21      -1.4407      -266.97      -257.71       0.0000    
  4689.086572       1.0000       0.0000       200.29     -7.67501E-24   240.10       0.0000       235.75      -145.67      -1.0582      -267.29      -258.20       0.0000    
  4689.173145       1.0000       0.0000       200.29      1.21159E-23   240.10       0.0000       235.65      -145.20     -0.67933      -267.61      -258.61       0.0000    
  4689.189801       1.0000       0.0000       200.29     -1.88401E-21   240.10       0.0000       235.63      -145.12     -0.60635      -267.67      -258.69       0.0000    
  4689.223112       1.0000       0.0000       200.29     -2.11333E-18   240.10       0.0000       235.59      -144.95     -0.46036      -267.80      -258.83       0.0000    
  4689.223112       1.0000       0.0000       200.29      1.56451E-19   240.10       0.0000       235.59      -144.95     -0.46036      -267.80      -258.83       0.0000    
  4689.292370       1.0000       0.0000       200.29      1.27397E-24   240.10       0.0000       235.51      -144.67     -0.13516      -268.06      -259.06       0.0000    
  4689.361628       1.0000       0.0000       200.29      6.12319E-22   240.10       0.0000       235.44      -144.44      0.18287      -268.32      -259.25       0.0000    
  4689.500144       1.0000       0.0000       200.29     -3.22420E-19   240.10       0.0000       235.30      -144.17      0.81097      -268.85      -259.42       0.0000    
  4689.777176       1.0000       0.0000       200.29      1.62555E-18   240.10       0.0000       235.05      -144.35       2.0567      -269.94      -259.00       0.0000    
  4690.000000       1.0000       0.0000       200.29     -6.98703E-19   240.10       0.0000       234.86      -144.97       3.0532      -270.85      -258.20       0.0000    
  4690.000000       1.0000       0.0000       200.29     -2.31186E-23   240.10       0.0000       234.86      -144.97       3.0532      -270.85      -258.20       0.0000    
  4690.221626       1.0000       0.0000       200.29     -3.32766E-24   240.10       0.0000       234.70      -145.91       3.7410      -271.74      -256.91       0.0000    
  4690.443251       1.0000       0.0000       200.29     -3.54489E-20   240.10       0.0000       234.55      -147.19       4.4103      -272.65      -255.19       0.0000    
  4690.886502       1.0000       0.0000       200.29      6.89355E-22   240.10       0.0000       234.31      -151.06       5.7197      -274.55      -250.29       0.0000    
  4690.886502       1.0000       0.0000       200.29      1.64633E-23   240.10       0.0000       234.31      -151.06       5.7197      -274.55      -250.29       0.0000    
  4690.943251       1.0000       0.0000       200.29      1.64633E-23   240.10       0.0000       234.28      -151.58       5.8870      -274.79      -249.64       0.0000    
  4691.000000       1.0000       0.0000       200.29      1.64633E-23   240.10       0.0000       234.25      -152.11       6.0539      -275.04      -248.97       0.0000    
  4691.000000       1.0000       0.0000       200.29      7.48728E-22   240.10       0.0000       234.25      -152.11       6.0539      -275.04      -248.97       0.0000    
  4691.045399       1.0000       0.0000       200.29      1.81648E-20   240.10       0.0000       234.23      -152.56       6.1660      -275.23      -248.42       0.0000    
  4691.090798       1.0000       0.0000       200.29      2.30536E-18   240.10       0.0000       234.20      -153.01       6.2738      -275.43      -247.85       0.0000    
  4691.181596       1.0000       0.0000       200.29     -1.32246E-19   240.10       0.0000       234.16      -153.95       6.4879      -275.83      -246.65       0.0000    
  4691.363193       1.0000       0.0000       200.29     -2.41343E-18   240.10       0.0000       234.08      -156.02       6.9117      -276.63      -244.05       0.0000    
  4691.726385       1.0000       0.0000       200.29     -6.21768E-21   240.10       0.0000       233.95      -160.77       7.7431      -278.30      -238.15       0.0000    
  4692.000000       1.0000       0.0000       200.29      2.05807E-18   240.10       0.0000       233.86      -164.68       8.3625      -279.60      -233.34       0.0000    
  4692.000000       1.0000       0.0000       200.29     -2.00636E-21   240.10       0.0000       233.86      -164.68       8.3625      -279.60      -233.34       0.0000    
  4692.290554       1.0000       0.0000       200.29     -2.52300E-24   240.10       0.0000       233.78      -169.04       8.7746      -280.99      -227.85       0.0000    
  4692.581108       1.0000       0.0000       200.29     -4.91280E-26   240.10       0.0000       233.70      -173.62       9.1735      -282.41      -222.06       0.0000    
  4693.000000       1.0000       0.0000       200.29      3.51745E-24   240.10       0.0000       233.61      -180.60       9.7376      -284.54      -213.26       0.0000    
  4693.000000       1.0000       0.0000       200.29     -9.79111E-23   240.10       0.0000       233.61      -180.60       9.7376      -284.54      -213.26       0.0000    
  4693.232443       1.0000       0.0000       200.29      1.09391E-23   240.10       0.0000       233.56      -184.45       9.7327      -285.71      -208.21       0.0000    
  4693.464887       1.0000       0.0000       200.29     -6.19446E-20   240.10       0.0000       233.53      -188.31       9.7136      -286.89      -203.08       0.0000    
  4693.929773       1.0000       0.0000       200.29     -3.46237E-21   240.10       0.0000       233.46      -196.01       9.6658      -289.31      -192.72       0.0000    
  4694.000000       1.0000       0.0000       200.29      1.16835E-19   240.10       0.0000       233.46      -197.18       9.6584      -289.67      -191.15       0.0000    
  4694.000000       1.0000       0.0000       200.29      4.33833E-23   240.10       0.0000       233.46      -197.18       9.6584      -289.67      -191.15       0.0000    
  4694.371909       1.0000       0.0000       200.29      5.77739E-22   240.10       0.0000       233.43      -202.94       9.0016      -291.58      -182.88       0.0000    
  4694.743819       1.0000       0.0000       200.29      8.21758E-20   240.10       0.0000       233.41      -208.36       8.3325      -293.50      -174.84       0.0000    
  4695.000000       1.0000       0.0000       200.29      6.62348E-18   240.10       0.0000       233.41      -211.93       7.8707      -294.83      -169.46       0.0000    
  4695.000000       1.0000       0.0000       200.29      4.54889E-24   240.10       0.0000       233.41      -211.93       7.8704      -294.83      -169.46       0.0000    
  4695.297527       1.0000       0.0000       200.29      4.05364E-20   240.10       0.0000       233.42      -215.74       7.1663      -296.36      -163.46       0.0000    
  4695.595055       1.0000       0.0000       200.29      5.06694E-20   240.10       0.0000       233.44      -219.20       6.4558      -297.89      -157.79       0.0000    
  4696.000000       1.0000       0.0000       197.51      6.44607E-20   236.77       0.0000       230.22      -218.27       5.5071      -299.33      -148.66       0.0000    
  4696.000000       1.0000       0.0000       197.51     -1.36958E-22   236.77       0.0000       230.22      -218.27       5.5059      -299.33      -148.66       0.0000    
  4696.026105       1.0000       0.0000       196.42      6.35447E-21   235.46       0.0000       228.95      -217.15       5.4360      -299.38      -147.68       0.0000    
  4696.052211       1.0000       0.0000       195.33     -1.08692E-21   234.15       0.0000       227.68      -215.88       5.3636      -299.39      -146.64       0.0000    
  4696.104422       1.0000       0.0000       193.15     -7.26170E-21   231.54       0.0000       225.15      -212.94       5.2232      -299.31      -144.37       0.0000    
  4696.104422       1.0000       0.0000       193.15      2.04228E-24   231.54       0.0000       225.15      -212.94       5.2233      -299.31      -144.37       0.0000    
  4696.125306       1.0000       0.0000       192.28      1.90013E-20   230.50       0.0000       224.13      -211.70       5.1678      -299.27      -143.44       0.0000    
  4696.146190       1.0000       0.0000       191.41      1.23597E-17   229.45       0.0000       223.11      -210.41       5.1128      -299.21      -142.48       0.0000    
  4696.187959       1.0000       0.0000       189.66     -3.54633E-20   227.36       0.0000       221.08      -207.67       5.0046      -299.05      -140.50       0.0000    
  4696.271496       1.0000       0.0000       184.19      4.35718E-18   220.80       0.0000       214.70      -199.05       4.8015      -298.40      -135.30       0.0000    
  4696.438571       1.0000       0.0000       171.50      5.06852E-21   205.59       0.0000       199.89      -176.74       4.4382      -296.16      -122.68       0.0000    
  4696.772720       1.0000       0.0000       134.16      1.62685E-17   160.83       0.0000       156.31      -107.61       3.9004      -287.68      -86.658       0.0000    
  4697.000000       1.0000       0.0000       100.14     -1.33663E-20   120.05       0.0000       116.63      -44.388       3.6497      -279.42      -54.963       0.0000    
  4697.000000       1.0000       0.0000       100.14      5.31561E-23   120.05       0.0000       116.63      -44.388       3.6496      -279.42      -54.963       0.0000    
  4697.005541       1.0000       0.0000       99.296      5.31561E-23   119.03       0.0000       115.64      -42.826       3.6436      -279.21      -54.182       0.0000    
  4697.011081       1.0000       0.0000       98.448      5.31561E-23   118.02       0.0000       114.65      -41.259       3.6320      -279.01      -53.398       0.0000    
  4697.015515       1.0000       0.0000       97.770      5.31561E-23   117.20       0.0000       113.86      -40.002       3.6213      -278.84      -52.770       0.0000    
  4697.020775       1.0000       0.0000       96.965      5.31561E-23   116.24       0.0000       112.92      -38.506       3.6086      -278.65      -52.021       0.0000    
  4697.026264       1.0000       0.0000       96.125      4.48633E-21   115.23       0.0000       111.95      -36.941       3.5955      -278.44      -51.238       0.0000    
  4697.032896       1.0000       0.0000       95.111      6.68403E-20   114.02       0.0000       110.76      -35.043       3.5798      -278.19      -50.288       0.0000    
  4697.040928       1.0000       0.0000       93.882      1.77174E-21   112.54       0.0000       109.33      -32.736       3.5608      -277.88      -49.132       0.0000    
  4697.052239       1.0000       0.0000       92.151      1.00450E-18   110.47       0.0000       107.31      -29.473       3.5343      -277.44      -47.497       0.0000    
  4697.066491       1.0000       0.0000       89.971     -2.71878E-20   107.85       0.0000       104.77      -25.336       3.5014      -276.88      -45.422       0.0000    
  4697.083985       1.0000       0.0000       87.294     -1.23204E-19   104.65       0.0000       101.65      -20.229       3.4615      -276.18      -42.857       0.0000    
  4697.099707       1.0000       0.0000       84.889      5.39624E-20   101.76       0.0000       98.845      -15.617       3.4260      -275.54      -40.538       0.0000    
  4697.117630       1.0000       0.0000       82.147      9.88723E-20   98.476       0.0000       95.648      -10.335       3.3860      -274.80      -37.879       0.0000    
  4697.135959       1.0000       0.0000       79.342     -6.29262E-20   95.114       0.0000       92.379      -4.9106       3.3456      -274.04      -35.144       0.0000    
  4697.156833       1.0000       0.0000       76.149     -2.92792E-19   91.285       0.0000       88.657       1.2919       3.3001      -273.16      -32.012       0.0000    
  4697.179761       1.0000       0.0000       72.641     -3.86246E-20   87.080       0.0000       84.568       8.1321       3.2508      -272.18      -28.553       0.0000    
  4697.185048       1.0000       0.0000       71.832     -3.18518E-28   86.110       0.0000       83.625       9.7243       3.2395      -271.95      -27.753       0.0000    
  4697.195624       1.0000       0.0000       70.214      7.66432E-21   84.171       0.0000       81.739       12.914       3.2171      -271.49      -26.149       0.0000    
  4697.216774       1.0000       0.0000       67.444     -1.03038E-23   80.851       0.0000       78.511       19.463       3.1716      -270.60      -23.112       0.0000    
  4697.246180       1.0000       0.0000       63.763     -3.49523E-22   76.438       0.0000       74.221       28.258       3.1070      -269.41      -19.032       0.0000    
  4697.283125       1.0000       0.0000       59.139     -7.55681E-19   70.894       0.0000       68.832       39.073       3.0240      -267.97      -14.014       0.0000    
  4697.329032       1.0000       0.0000       53.392      3.33305E-21   64.005       0.0000       62.136       52.223       2.9191      -266.25      -7.9059       0.0000    
  4697.386995       1.0000       0.0000       46.136      3.70505E-20   55.307       0.0000       53.684       68.483       2.7844      -264.16     -0.33367       0.0000    
  4697.462957       1.0000       0.0000       38.379      1.52012E-18   46.007       0.0000       44.649       86.783       2.5993      -261.67       8.8148       0.0000    
  4697.567809       1.0000       0.0000       28.170      1.08971E-18   33.770       0.0000       32.764       109.67       2.3313      -258.58       20.819       0.0000    
  4697.724021       1.0000       0.0000       16.411      5.19577E-18   19.673       0.0000       19.081       135.74       1.9405      -254.77       36.185       0.0000    
  4697.724021       1.0000       0.0000       16.411      2.05758E-19   19.673       0.0000       19.081       135.73       1.9415      -254.77       36.185       0.0000    
  4697.727568       1.0000       0.0000       16.164      2.70039E-19   19.377       0.0000       18.794       136.31       1.9110      -254.68       36.532       0.0000    
  4697.731114       1.0000       0.0000       15.918     -3.44900E-22   19.082       0.0000       18.507       136.88       1.9009      -254.59       36.878       0.0000    
  4697.738208       1.0000       0.0000       15.424     -2.28274E-20   18.490       0.0000       17.933       138.02       1.8836      -254.43       37.564       0.0000    
  4697.752394       1.0000       0.0000       14.438     -1.52694E-18   17.308       0.0000       16.786       140.26       1.8491      -254.09       38.929       0.0000    
  4697.780767       1.0000       0.0000       12.465     -4.51578E-19   14.942       0.0000       14.491       144.31       1.7789      -253.45       41.594       0.0000    
  4697.837514       1.0000       0.0000       9.5618     -1.66500E-18   11.462       0.0000       11.115       150.50       1.6334      -252.28       46.318       0.0000    
  4697.951006       1.0000       0.0000       4.8261     -1.26532E-19   5.7854       0.0000       5.6093       159.85       1.3230      -250.31       54.599       0.0000    
  4698.000000       1.0000       0.0000       2.7818      6.66809E-19   3.3347       0.0000       3.2330       163.63       1.1871      -249.51       58.084       0.0000    
  4698.000000       1.0000       0.0000       2.7818      3.00920E-22   3.3347       0.0000       3.2330       163.63       1.1872      -249.51       58.084       0.0000    
  4698.090794       1.0000       0.0000       1.5189     -3.10312E-21   1.8209       0.0000       1.7652       166.37      0.99657      -248.38       62.838       0.0000    
  4698.181588       1.0000       0.0000      0.25609      1.80732E-20  0.30700       0.0000      0.29760       168.05      0.80307      -247.46       67.090       0.0000    
  4698.363176       1.0000       0.0000       0.0000     -2.53361E-18   0.0000       0.0000       0.0000       166.06      0.37747      -246.29       73.070       0.0000    
  4698.651298       1.0000       0.0000       0.0000     -1.82555E-17   0.0000       0.0000       0.0000       160.39     -0.35056      -245.03       80.361       0.0000    
  4698.983799       1.0000       0.0000       0.0000      1.21454E-18   0.0000       0.0000       0.0000       153.96      -1.2272      -243.80       87.164       0.0000    
  4698.983799       1.0000       0.0000       0.0000      8.71723E-21   0.0000       0.0000       0.0000       153.96      -1.2268      -243.80       87.164       0.0000    
  4698.991899       1.0000       0.0000       0.0000     -8.75459E-20   0.0000       0.0000       0.0000       153.81      -1.2479      -243.77       87.329       0.0000    
  4699.000000       1.0000       0.0000       0.0000      1.40446E-19   0.0000       0.0000       0.0000       153.65      -1.2690      -243.74       87.494       0.0000    
  4699.000000       1.0000       0.0000       0.0000      1.11759E-21   0.0000       0.0000       0.0000       153.65      -1.2690      -243.74       87.494       0.0000    
  4699.006480       1.0000       0.0000       0.0000      9.23142E-20   0.0000       0.0000       0.0000       153.53      -1.2860      -243.72       87.625       0.0000    
  4699.012961       1.0000       0.0000       0.0000      3.65529E-22   0.0000       0.0000       0.0000       153.40      -1.3003      -243.70       87.755       0.0000    
  4699.025922       1.0000       0.0000       0.0000      5.29943E-17   0.0000       0.0000       0.0000       153.15      -1.3285      -243.65       88.013       0.0000    
  4699.051844       1.0000       0.0000       0.0000      2.27950E-17   0.0000       0.0000       0.0000       152.66      -1.3852      -243.56       88.521       0.0000    
  4699.103687       1.0000       0.0000       0.0000      1.30712E-18   0.0000       0.0000       0.0000       151.68      -1.4994      -243.38       89.498       0.0000    
  4699.207374       1.0000       0.0000       0.0000     -2.74015E-17   0.0000       0.0000       0.0000       149.81      -1.7297      -243.02       91.320       0.0000    
  4699.414749       1.0000       0.0000       0.0000     -3.43067E-18   0.0000       0.0000       0.0000       146.30      -2.1963      -242.30       94.514       0.0000    
  4699.829497       1.0000       0.0000       0.0000      7.54586E-18   0.0000       0.0000       0.0000       141.14      -3.1433      -240.80       98.978       0.0000    
  4700.000000       1.0000       0.0000       0.0000      6.08699E-20   0.0000       0.0000       0.0000       139.34      -3.5306      -240.18       100.53       0.0000    
  4700.000000       1.0000       0.0000       0.0000     -1.03617E-21   0.0000       0.0000       0.0000       139.34      -3.5305      -240.18       100.53       0.0000    
  4700.331799       1.0000       0.0000       0.0000     -4.83603E-21   0.0000       0.0000       0.0000       136.89      -4.2904      -238.97       102.51       0.0000    
  4700.663598       1.0000       0.0000       0.0000     -8.96996E-20   0.0000       0.0000       0.0000       135.37      -5.0494      -237.75       103.55       0.0000    
  4701.000000       1.0000       0.0000       0.0000      6.65284E-21   0.0000       0.0000       0.0000       134.69      -5.8159      -236.50       103.68       0.0000    
  4701.000000       1.0000       0.0000       0.0000      3.07859E-24   0.0000       0.0000       0.0000       134.69      -5.8159      -236.50       103.68       0.0000    
  4701.265439       1.0000       0.0000       0.0000      1.62130E-19   0.0000       0.0000       0.0000       134.60      -6.3154      -235.50       103.26       0.0000    
  4701.530878       1.0000       0.0000       0.0000      4.21532E-18   0.0000       0.0000       0.0000       134.97      -6.8041      -234.49       102.29       0.0000    
  4701.845387       1.0000       0.0000       0.0000     -2.23483E-19   0.0000       0.0000       0.0000       136.03      -7.3737      -233.26       100.44       0.0000    
  4701.845387       1.0000       0.0000       0.0000      7.69179E-27   0.0000       0.0000       0.0000       136.03      -7.3737      -233.26       100.44       0.0000    
  4701.922693       1.0000       0.0000       0.0000      5.18808E-18   0.0000       0.0000       0.0000       136.32      -7.5113      -232.95       99.951       0.0000    
  4702.000000       1.0000       0.0000       0.0000     -5.87712E-19   0.0000       0.0000       0.0000       136.65      -7.6482      -232.64       99.429       0.0000    
  4702.000000       1.0000       0.0000       0.0000      1.58308E-21   0.0000       0.0000       0.0000       136.65      -7.6482      -232.64       99.429       0.0000    
  4702.061845       1.0000       0.0000       0.0000     -1.78182E-18   0.0000       0.0000       0.0000       136.93      -7.7574      -232.40       98.989       0.0000    
  4702.123690       1.0000       0.0000       0.0000      3.25838E-19   0.0000       0.0000       0.0000       137.23      -7.8661      -232.15       98.529       0.0000    
  4702.247381       1.0000       0.0000       0.0000     -6.46927E-19   0.0000       0.0000       0.0000       137.91      -8.0831      -231.65       97.526       0.0000    
  4702.320319       1.0000       0.0000       0.0000     -2.51757E-18   0.0000       0.0000       0.0000       138.34      -8.2101      -231.35       96.909       0.0000    
  4702.320319       1.0000       0.0000       0.0000     -9.49962E-22   0.0000       0.0000       0.0000       138.34      -8.2369      -233.03       96.909       0.0000    
  4702.419271       1.0000       0.0000       0.0000      3.89011E-18   0.0000       0.0000       0.0000       139.19      -8.5010      -231.57       96.126       0.0000    
  4702.518223       1.0000       0.0000       0.0000     -1.62222E-18   0.0000       0.0000       0.0000       140.00      -8.7583      -231.13       95.257       0.0000    
  4702.643255       1.0000       0.0000       0.0000     -5.00920E-17   0.0000       0.0000       0.0000       141.02      -9.0735      -230.59       94.060       0.0000    
  4702.799802       1.0000       0.0000       0.0000     -1.82950E-18   0.0000       0.0000       0.0000       142.34      -9.4546      -229.91       92.440       0.0000    
  4703.000000       1.0000       0.0000       0.0000     -6.92103E-20   0.0000       0.0000       0.0000       144.13      -9.9230      -229.03       90.197       0.0000    
