#      time         order        anzahl_ka1   anzahl_kal   anzahl_wa1   anzahl_war   pmv_1        ppd_1     
  4679.000000       1.0000       0.0000       0.0000       0.0000       0.0000       0.0000       0.0000    
  4679.400000       1.0000       1440.0       1440.0       0.0000       0.0000       0.0000       0.0000    
  4679.800000       1.0000       2880.0       2880.0       0.0000       0.0000       0.0000       0.0000    
  4680.000000       1.0000       3600.0       3600.0       0.0000       0.0000       0.0000       0.0000    
  4680.000000       1.0000       3600.0       3600.0       0.0000       0.0000       0.0000       0.0000    
  4680.002746       1.0000       3609.9       3609.9       0.0000       0.0000       0.0000       0.0000    
  4680.005491       1.0000       3619.8       3619.8       0.0000       0.0000       0.0000       0.0000    
  4680.007168       1.0000       3625.8       3625.8       0.0000       0.0000       0.0000       0.0000    
  4680.007168       1.0000       3625.8       3625.8       0.0000       0.0000       0.0000       0.0000    
  4680.009364       1.0000       3633.7       3633.7       0.0000       0.0000       0.0000       0.0000    
  4680.011560       1.0000       3641.6       3641.6       0.0000       0.0000       0.0000       0.0000    
  4680.015953       1.0000       3657.4       3657.4       0.0000       0.0000       0.0000       0.0000    
  4680.024739       1.0000       3689.1       3689.1       0.0000       0.0000       0.0000       0.0000    
  4680.042311       1.0000       3752.3       3752.3       0.0000       0.0000       0.0000       0.0000    
  4680.077454       1.0000       3878.8       3878.8       0.0000       0.0000       0.0000       0.0000    
  4680.147740       1.0000       4131.9       4131.9       0.0000       0.0000       0.0000       0.0000    
  4680.288312       1.0000       4637.9       4637.9       0.0000       0.0000       0.0000       0.0000    
  4680.569457       1.0000       5650.0       5650.0       0.0000       0.0000       0.0000       0.0000    
  4680.676913       1.0000       6036.9       6036.9       0.0000       0.0000       0.0000       0.0000    
  4680.676913       1.0000       6036.9       6036.9       0.0000       0.0000       0.0000       0.0000    
  4680.725999       1.0000       6213.6       6213.6       0.0000       0.0000       0.0000       0.0000    
  4680.775084       1.0000       6390.3       6390.3       0.0000       0.0000       0.0000       0.0000    
  4680.873255       1.0000       6743.7       6743.7       0.0000       0.0000       0.0000       0.0000    
  4681.000000       1.0000       7200.0       7200.0       0.0000       0.0000       0.0000       0.0000    
  4681.000000       1.0000       7200.0       7200.0       0.0000       0.0000       0.0000       0.0000    
  4681.078537       1.0000       7482.7       7482.7       0.0000       0.0000       0.0000       0.0000    
  4681.157073       1.0000       7765.5       7765.5       0.0000       0.0000       0.0000       0.0000    
  4681.314147       1.0000       8330.9       8330.9       0.0000       0.0000       0.0000       0.0000    
  4681.628294       1.0000       9461.9       9461.9       0.0000       0.0000       0.0000       0.0000    
  4682.000000       1.0000       10800.       10800.       0.0000       0.0000       0.0000       0.0000    
  4682.000000       1.0000       10800.       10800.       0.0000       0.0000       0.0000       0.0000    
  4682.251318       1.0000       11705.       11705.       0.0000       0.0000       0.0000       0.0000    
  4682.502635       1.0000       12609.       12609.       0.0000       0.0000       0.0000       0.0000    
  4683.000000       1.0000       14400.       14400.       0.0000       0.0000       0.0000       0.0000    
  4683.000000       1.0000       14400.       14400.       0.0000       0.0000       0.0000       0.0000    
  4683.201054       1.0000       15124.       15124.       0.0000       0.0000       0.0000       0.0000    
  4683.402108       1.0000       15848.       15848.       0.0000       0.0000       0.0000       0.0000    
  4683.804216       1.0000       17295.       17295.       0.0000       0.0000       0.0000       0.0000    
  4684.000000       1.0000       18000.       18000.       0.0000       0.0000       0.0000       0.0000    
  4684.000000       1.0000       18000.       18000.       0.0000       0.0000       0.0000       0.0000    
  4684.006434       1.0000       18023.       18023.       0.0000       0.0000       0.0000       0.0000    
  4684.012867       1.0000       18046.       18046.       0.0000       0.0000       0.0000       0.0000    
  4684.023281       1.0000       18084.       18084.       0.0000       0.0000       0.0000       0.0000    
  4684.035208       1.0000       18127.       18127.       0.0000       0.0000       0.0000       0.0000    
  4684.052861       1.0000       18190.       18190.       0.0000       0.0000       0.0000       0.0000    
  4684.076880       1.0000       18277.       18277.       0.0000       0.0000       0.0000       0.0000    
  4684.097778       1.0000       18352.       18352.       0.0000       0.0000       0.0000       0.0000    
  4684.120423       1.0000       18434.       18434.       0.0000       0.0000       0.0000       0.0000    
  4684.139275       1.0000       18501.       18501.       0.0000       0.0000       0.0000       0.0000    
  4684.157926       1.0000       18569.       18569.       0.0000       0.0000       0.0000       0.0000    
  4684.175122       1.0000       18630.       18630.       0.0000       0.0000       0.0000       0.0000    
  4684.192204       1.0000       18692.       18692.       0.0000       0.0000       0.0000       0.0000    
  4684.208820       1.0000       18752.       18752.       0.0000       0.0000       0.0000       0.0000    
  4684.225480       1.0000       18812.       18812.       0.0000       0.0000       0.0000       0.0000    
  4684.242636       1.0000       18873.       18873.       0.0000       0.0000       0.0000       0.0000    
  4684.261189       1.0000       18940.       18940.       0.0000       0.0000       0.0000       0.0000    
  4684.281348       1.0000       19013.       19013.       0.0000       0.0000       0.0000       0.0000    
  4684.303612       1.0000       19093.       19093.       0.0000       0.0000       0.0000       0.0000    
  4684.328532       1.0000       19183.       19183.       0.0000       0.0000       0.0000       0.0000    
  4684.356756       1.0000       19284.       19284.       0.0000       0.0000       0.0000       0.0000    
  4684.389260       1.0000       19401.       19401.       0.0000       0.0000       0.0000       0.0000    
  4684.427364       1.0000       19539.       19539.       0.0000       0.0000       0.0000       0.0000    
  4684.473144       1.0000       19703.       19703.       0.0000       0.0000       0.0000       0.0000    
  4684.529743       1.0000       19907.       19907.       0.0000       0.0000       0.0000       0.0000    
  4684.602625       1.0000       20169.       20169.       0.0000       0.0000       0.0000       0.0000    
  4684.602625       1.0000       20169.       20169.       0.0000       0.0000       0.0000       0.0000    
  4684.610956       1.0000       20199.       20199.       0.0000       0.0000       0.0000       0.0000    
  4684.619287       1.0000       20229.       20229.       0.0000       0.0000       0.0000       0.0000    
  4684.635950       1.0000       20289.       20289.       0.0000       0.0000       0.0000       0.0000    
  4684.669274       1.0000       20409.       20409.       0.0000       0.0000       0.0000       0.0000    
  4684.735923       1.0000       20649.       20649.       0.0000       0.0000       0.0000       0.0000    
  4684.869222       1.0000       21129.       21129.       0.0000       0.0000     -0.38626       8.1074    
  4685.000000       1.0000       21600.       21600.       0.0000       0.0000     -0.38732       8.1246    
  4685.000000       1.0000       21600.       21600.       0.0000       0.0000     -0.38761       8.1292    
  4685.106639       1.0000       21984.       21984.       0.0000       0.0000     -0.38744       8.1266    
  4685.213277       1.0000       22368.       22368.       0.0000       0.0000     -0.38675       8.1152    
  4685.426554       1.0000       23136.       23136.       0.0000       0.0000     -0.38241       8.0454    
  4685.756748       1.0000       24324.       24324.       0.0000       0.0000     -0.36808       7.8203    
  4686.000000       1.0000       25200.       25200.       0.0000       0.0000     -0.35241       7.5842    
  4686.000000       1.0000       25200.       25200.       0.0000       0.0000     -0.35241       7.5842    
  4686.034124       1.0000       25323.       25323.       0.0000       0.0000     -0.35010       7.5502    
  4686.068249       1.0000       25400.       25400.       0.0000       0.0000     -0.29792       6.8442    
  4686.077952       1.0000       25400.       25400.       0.0000       0.0000     -0.27639       6.5865    
  4686.097358       1.0000       25400.       25400.       0.0000       0.0000     -0.25572       6.3575    
  4686.136170       1.0000       25400.       25400.       0.0000       0.0000     -0.26509       6.4591    
  4686.181830       1.0000       25400.       25400.       0.0000       0.0000     -0.28274       6.6605    
  4686.196032       1.0000       25400.       25400.       0.0000       0.0000     -0.28739       6.7157    
  4686.224435       1.0000       25400.       25400.       0.0000       0.0000     -0.29038       6.7517    
  4686.235797       1.0000       25400.       25400.       0.0000       0.0000     -0.29056       6.7540    
  4686.258519       1.0000       25400.       25400.       0.0000       0.0000     -0.28859       6.7302    
  4686.303965       1.0000       25400.       25400.       0.0000       0.0000     -0.28487       6.6857    
  4686.322143       1.0000       25400.       25400.       0.0000       0.0000     -0.28377       6.6727    
  4686.358499       1.0000       25400.       25400.       0.0000       0.0000     -0.28300       6.6636    
  4686.373041       1.0000       25400.       25400.       0.0000       0.0000     -0.28287       6.6620    
  4686.402126       1.0000       25400.       25400.       0.0000       0.0000     -0.28274       6.6605    
  4686.413760       1.0000       25400.       25400.       0.0000       0.0000     -0.28271       6.6601    
  4686.437028       1.0000       25400.       25400.       0.0000       0.0000     -0.28249       6.6576    
  4686.483564       1.0000       25400.       25400.       0.0000       0.0000     -0.28168       6.6481    
  4686.576636       1.0000       25400.       25400.       0.0000       0.0000     -0.28009       6.6295    
  4686.613865       1.0000       25400.       25400.       0.0000       0.0000     -0.27952       6.6227    
  4686.688322       1.0000       25400.       25400.       0.0000       0.0000     -0.27843       6.6102    
  4686.837237       1.0000       25400.       25400.       0.0000       0.0000     -0.27638       6.5864    
  4686.847164       1.0000       25400.       25400.       0.0000       0.0000     -0.27626       6.5850    
  4686.847164       1.0000       25400.       25400.       0.0000       0.0000     -0.27626       6.5850    
  4686.874463       1.0000       25400.       25400.       0.0000       0.0000     -0.27598       6.5819    
  4686.901763       1.0000       25400.       25400.       0.0000       0.0000     -0.27567       6.5783    
  4686.956362       1.0000       25400.       25400.       0.0000       0.0000     -0.27505       6.5712    
  4687.000000       1.0000       25400.       25400.       0.0000       0.0000     -0.27461       6.5661    
  4687.000000       1.0000       25400.       25400.       0.0000       0.0000     -0.27461       6.5661    
  4687.043679       1.0000       25400.       25400.       0.0000       0.0000     -0.27429       6.5624    
  4687.087358       1.0000       25400.       25400.       0.0000       0.0000     -0.27397       6.5588    
  4687.150293       1.0000       25400.       25400.       0.0000       0.0000     -0.27358       6.5544    
  4687.203309       1.0000       25400.       25400.       0.0000       0.0000     -0.27333       6.5515    
  4687.266602       1.0000       25400.       25400.       0.0000       0.0000     -0.27313       6.5492    
  4687.330669       1.0000       25400.       25400.       0.0000       0.0000     -0.27297       6.5474    
  4687.407310       1.0000       25400.       25400.       0.0000       0.0000     -0.27287       6.5463    
  4687.426106       1.0000       25400.       25400.       0.0000       0.0000     -0.27285       6.5461    
  4687.463698       1.0000       25400.       25400.       0.0000       0.0000     -0.27283       6.5459    
  4687.478735       1.0000       25400.       25400.       0.0000       0.0000     -0.27283       6.5458    
  4687.508809       1.0000       25400.       25400.       0.0000       0.0000     -0.27283       6.5458    
  4687.520838       1.0000       25400.       25400.       0.0000       0.0000     -0.27284       6.5459    
  4687.544897       1.0000       25400.       25400.       0.0000       0.0000     -0.27285       6.5460    
  4687.593015       1.0000       25400.       25400.       0.0000       0.0000     -0.27291       6.5467    
  4687.689251       1.0000       25400.       25400.       0.0000       0.0000     -0.27313       6.5492    
  4687.822690       1.0000       25400.       25400.       0.0000       0.0000     -0.27350       6.5534    
  4687.951402       1.0000       25400.       25400.       0.0000       0.0000     -0.27366       6.5553    
  4688.000000       1.0000       25400.       25400.       0.0000       0.0000     -0.27371       6.5559    
  4688.000000       1.0000       25400.       25400.       0.0000       0.0000     -0.27371       6.5559    
  4688.050348       1.0000       25400.       25400.       0.0000       0.0000     -0.27377       6.5565    
  4688.100696       1.0000       25400.       25400.       0.0000       0.0000     -0.27382       6.5570    
  4688.201392       1.0000       25400.       25400.       0.0000       0.0000     -0.27392       6.5582    
  4688.201392       1.0000       25400.       25400.       0.0000       0.0000     -0.27392       6.5582    
  4688.241670       1.0000       25400.       25400.       0.0000       0.0000     -0.27396       6.5587    
  4688.281949       1.0000       25400.       25400.       0.0000       0.0000     -0.27400       6.5591    
  4688.362505       1.0000       25400.       25400.       0.0000       0.0000     -0.27409       6.5602    
  4688.362505       1.0000       25400.       25400.       0.0000       0.0000     -0.27409       6.5602    
  4688.394728       1.0000       25400.       25400.       0.0000       0.0000     -0.27413       6.5606    
  4688.426951       1.0000       25400.       25400.       0.0000       0.0000     -0.27416       6.5610    
  4688.491396       1.0000       25400.       25400.       0.0000       0.0000     -0.27424       6.5618    
  4688.620287       1.0000       25400.       25400.       0.0000       0.0000     -0.27438       6.5635    
  4688.878068       1.0000       25400.       25400.       0.0000       0.0000     -0.27460       6.5660    
  4689.000000       1.0000       25400.       25400.       0.0000       0.0000     -0.27468       6.5669    
  4689.000000       1.0000       25400.       25400.       0.0000       0.0000     -0.27468       6.5669    
  4689.086572       1.0000       25400.       25400.       0.0000       0.0000     -0.27472       6.5674    
  4689.173145       1.0000       25400.       25400.       0.0000       0.0000     -0.27475       6.5677    
  4689.189801       1.0000       25400.       25400.       0.0000       0.0000     -0.27475       6.5677    
  4689.223112       1.0000       25400.       25400.       0.0000       0.0000     -0.27476       6.5678    
  4689.223112       1.0000       25400.       25400.       0.0000       0.0000     -0.27476       6.5678    
  4689.292370       1.0000       25400.       25400.       0.0000       0.0000     -0.27474       6.5676    
  4689.361628       1.0000       25400.       25400.       0.0000       0.0000     -0.27471       6.5672    
  4689.500144       1.0000       25400.       25400.       0.0000       0.0000     -0.27456       6.5655    
  4689.777176       1.0000       25400.       25400.       0.0000       0.0000     -0.27398       6.5589    
  4690.000000       1.0000       25400.       25400.       0.0000       0.0000     -0.27331       6.5513    
  4690.000000       1.0000       25400.       25400.       0.0000       0.0000     -0.27331       6.5513    
  4690.221626       1.0000       25400.       25400.       0.0000       0.0000     -0.27249       6.5419    
  4690.443251       1.0000       25400.       25400.       0.0000       0.0000     -0.27149       6.5306    
  4690.886502       1.0000       25400.       25400.       0.0000       0.0000     -0.26890       6.5014    
  4690.886502       1.0000       25400.       25400.       0.0000       0.0000     -0.26890       6.5014    
  4690.943251       1.0000       25400.       25400.       0.0000       0.0000     -0.26855       6.4976    
  4691.000000       1.0000       25400.       25400.       0.0000       0.0000     -0.26820       6.4937    
  4691.000000       1.0000       25400.       25400.       0.0000       0.0000     -0.26820       6.4937    
  4691.045399       1.0000       25400.       25400.       0.0000       0.0000     -0.26792       6.4905    
  4691.090798       1.0000       25400.       25400.       0.0000       0.0000     -0.26762       6.4872    
  4691.181596       1.0000       25400.       25400.       0.0000       0.0000     -0.26701       6.4804    
  4691.363193       1.0000       25400.       25400.       0.0000       0.0000     -0.26572       6.4660    
  4691.726385       1.0000       25400.       25400.       0.0000       0.0000     -0.26278       6.4338    
  4692.000000       1.0000       25400.       25400.       0.0000       0.0000     -0.26041       6.4079    
  4692.000000       1.0000       25400.       25400.       0.0000       0.0000     -0.26041       6.4079    
  4692.290554       1.0000       25400.       25400.       0.0000       0.0000     -0.25773       6.3790    
  4692.581108       1.0000       25400.       25400.       0.0000       0.0000     -0.25489       6.3487    
  4693.000000       1.0000       25400.       25400.       0.0000       0.0000     -0.25051       6.3026    
  4693.000000       1.0000       25400.       25400.       0.0000       0.0000     -0.25051       6.3026    
  4693.232443       1.0000       25400.       25400.       0.0000       0.0000     -0.24801       6.2766    
  4693.464887       1.0000       25400.       25400.       0.0000       0.0000     -0.24543       6.2501    
  4693.929773       1.0000       25400.       25400.       0.0000       0.0000     -0.23999       6.1952    
  4694.000000       1.0000       25400.       25400.       0.0000       0.0000     -0.23916       6.1869    
  4694.000000       1.0000       25400.       25400.       0.0000       0.0000     -0.23916       6.1869    
  4694.371909       1.0000       25400.       25400.       0.0000       0.0000     -0.23465       6.1425    
  4694.743819       1.0000       25400.       25400.       0.0000       0.0000     -0.22999       6.0975    
  4695.000000       1.0000       25400.       25400.       0.0000       0.0000     -0.22671       6.0663    
  4695.000000       1.0000       25400.       25400.       0.0000       0.0000     -0.22671       6.0663    
  4695.297527       1.0000       25400.       25400.       0.0000       0.0000     -0.22285       6.0302    
  4695.595055       1.0000       25400.       25400.       0.0000       0.0000     -0.21893       5.9942    
  4696.000000       1.0000       25400.       25400.       0.0000       0.0000     -0.21460       5.9553    
  4696.000000       1.0000       25400.       25400.       0.0000       0.0000     -0.21460       5.9553    
  4696.026105       1.0000       25400.       25400.       0.0000       0.0000     -0.21445       5.9539    
  4696.052211       1.0000       25400.       25400.       0.0000       0.0000     -0.21435       5.9530    
  4696.104422       1.0000       25400.       25400.       0.0000       0.0000     -0.21426       5.9522    
  4696.104422       1.0000       25400.       25400.       0.0000       0.0000     -0.21426       5.9522    
  4696.125306       1.0000       25400.       25400.       0.0000       0.0000     -0.21424       5.9521    
  4696.146190       1.0000       25400.       25400.       0.0000       0.0000     -0.21425       5.9521    
  4696.187959       1.0000       25400.       25400.       0.0000       0.0000     -0.21430       5.9526    
  4696.271496       1.0000       25400.       25400.       0.0000       0.0000     -0.21498       5.9587    
  4696.438571       1.0000       25400.       25400.       0.0000       0.0000     -0.21777       5.9837    
  4696.772720       1.0000       25400.       25400.       0.0000       0.0000     -0.22992       6.0968    
  4697.000000       1.0000       25400.       25400.       0.0000       0.0000     -0.24235       6.2189    
  4697.000000       1.0000       25400.       25400.       0.0000       0.0000     -0.24235       6.2189    
  4697.005541       1.0000       25400.       25400.       0.0000       0.0000     -0.24266       6.2220    
  4697.011081       1.0000       25400.       25400.       0.0000       0.0000     -0.24297       6.2251    
  4697.015515       1.0000       25400.       25400.       0.0000       0.0000     -0.24321       6.2276    
  4697.020775       1.0000       25400.       25400.       0.0000       0.0000     -0.24351       6.2307    
  4697.026264       1.0000       25400.       25400.       0.0000       0.0000     -0.24382       6.2338    
  4697.032896       1.0000       25400.       25400.       0.0000       0.0000     -0.24420       6.2377    
  4697.040928       1.0000       25400.       25400.       0.0000       0.0000     -0.24467       6.2424    
  4697.052239       1.0000       25400.       25400.       0.0000       0.0000     -0.24532       6.2491    
  4697.066491       1.0000       25400.       25400.       0.0000       0.0000     -0.24617       6.2577    
  4697.083985       1.0000       25400.       25400.       0.0000       0.0000     -0.24722       6.2685    
  4697.099707       1.0000       25400.       25400.       0.0000       0.0000     -0.24818       6.2784    
  4697.117630       1.0000       25400.       25400.       0.0000       0.0000     -0.24928       6.2898    
  4697.135959       1.0000       25400.       25400.       0.0000       0.0000     -0.25043       6.3017    
  4697.156833       1.0000       25400.       25400.       0.0000       0.0000     -0.25175       6.3155    
  4697.179761       1.0000       25400.       25400.       0.0000       0.0000     -0.25322       6.3310    
  4697.185048       1.0000       25400.       25400.       0.0000       0.0000     -0.25356       6.3346    
  4697.195624       1.0000       25400.       25400.       0.0000       0.0000     -0.25425       6.3419    
  4697.216774       1.0000       25400.       25400.       0.0000       0.0000     -0.25557       6.3559    
  4697.246180       1.0000       25400.       25400.       0.0000       0.0000     -0.25735       6.3749    
  4697.283125       1.0000       25400.       25400.       0.0000       0.0000     -0.25954       6.3985    
  4697.329032       1.0000       25400.       25400.       0.0000       0.0000     -0.26222       6.4275    
  4697.386995       1.0000       25400.       25400.       0.0000       0.0000     -0.26554       6.4640    
  4697.462957       1.0000       25400.       25400.       0.0000       0.0000     -0.26949       6.5081    
  4697.567809       1.0000       25400.       25400.       0.0000       0.0000     -0.27459       6.5659    
  4697.724021       1.0000       25400.       25400.       0.0000       0.0000     -0.28103       6.6404    
  4697.724021       1.0000       25400.       25400.       0.0000       0.0000     -0.28103       6.6404    
  4697.727568       1.0000       25400.       25400.       0.0000       0.0000     -0.28117       6.6421    
  4697.731114       1.0000       25400.       25400.       0.0000       0.0000     -0.28131       6.6438    
  4697.738208       1.0000       25400.       25400.       0.0000       0.0000     -0.28160       6.6471    
  4697.752394       1.0000       25400.       25400.       0.0000       0.0000     -0.28217       6.6538    
  4697.780767       1.0000       25400.       25400.       0.0000       0.0000     -0.28327       6.6667    
  4697.837514       1.0000       25400.       25400.       0.0000       0.0000     -0.28523       6.6900    
  4697.951006       1.0000       25400.       25400.       0.0000       0.0000     -0.28860       6.7303    
  4698.000000       1.0000       25400.       25400.       0.0000       0.0000     -0.28998       6.7470    
  4698.000000       1.0000       25400.       25400.       0.0000       0.0000     -0.28998       6.7470    
  4698.090794       1.0000       25400.       25400.       0.0000       0.0000     -0.29188       6.7700    
  4698.181588       1.0000       25400.       25400.       0.0000       0.0000     -0.29350       6.7898    
  4698.363176       1.0000       25400.       25400.       0.0000       0.0000       0.0000       0.0000    
  4698.651298       1.0000       25400.       25400.       0.0000       0.0000       0.0000       0.0000    
  4698.983799       1.0000       25400.       25400.       0.0000       0.0000       0.0000       0.0000    
  4698.983799       1.0000       25400.       25400.       0.0000       0.0000       0.0000       0.0000    
  4698.991899       1.0000       25400.       25400.       0.0000       0.0000       0.0000       0.0000    
  4699.000000       1.0000       25400.       25400.       0.0000       0.0000       0.0000       0.0000    
  4699.000000       1.0000       25400.       25400.       0.0000       0.0000       0.0000       0.0000    
  4699.006480       1.0000       25400.       25400.       0.0000       0.0000       0.0000       0.0000    
  4699.012961       1.0000       25400.       25400.       0.0000       0.0000       0.0000       0.0000    
  4699.025922       1.0000       25400.       25400.       0.0000       0.0000       0.0000       0.0000    
  4699.051844       1.0000       25400.       25400.       0.0000       0.0000       0.0000       0.0000    
  4699.103687       1.0000       25400.       25400.       0.0000       0.0000       0.0000       0.0000    
  4699.207374       1.0000       25400.       25400.       0.0000       0.0000       0.0000       0.0000    
  4699.414749       1.0000       25400.       25400.       0.0000       0.0000       0.0000       0.0000    
  4699.829497       1.0000       25400.       25400.       0.0000       0.0000       0.0000       0.0000    
  4700.000000       1.0000       25400.       25400.       0.0000       0.0000       0.0000       0.0000    
  4700.000000       1.0000       25400.       25400.       0.0000       0.0000       0.0000       0.0000    
  4700.331799       1.0000       25400.       25400.       0.0000       0.0000       0.0000       0.0000    
  4700.663598       1.0000       25400.       25400.       0.0000       0.0000       0.0000       0.0000    
  4701.000000       1.0000       25400.       25400.       0.0000       0.0000       0.0000       0.0000    
  4701.000000       1.0000       25400.       25400.       0.0000       0.0000       0.0000       0.0000    
  4701.265439       1.0000       25400.       25400.       0.0000       0.0000       0.0000       0.0000    
  4701.530878       1.0000       25400.       25400.       0.0000       0.0000       0.0000       0.0000    
  4701.845387       1.0000       25400.       25400.       0.0000       0.0000       0.0000       0.0000    
  4701.845387       1.0000       25400.       25400.       0.0000       0.0000       0.0000       0.0000    
  4701.922693       1.0000       25400.       25400.       0.0000       0.0000       0.0000       0.0000    
  4702.000000       1.0000       25400.       25400.       0.0000       0.0000       0.0000       0.0000    
  4702.000000       1.0000       25400.       25400.       0.0000       0.0000       0.0000       0.0000    
  4702.061845       1.0000       25400.       25400.       0.0000       0.0000       0.0000       0.0000    
  4702.123690       1.0000       25400.       25400.       0.0000       0.0000       0.0000       0.0000    
  4702.247381       1.0000       25400.       25400.       0.0000       0.0000       0.0000       0.0000    
  4702.320319       1.0000       25400.       25400.       0.0000       0.0000       0.0000       0.0000    
  4702.320319       1.0000       25400.       25400.       0.0000       0.0000       0.0000       0.0000    
  4702.419271       1.0000       25400.       25400.       0.0000       0.0000       0.0000       0.0000    
  4702.518223       1.0000       25400.       25400.       0.0000       0.0000       0.0000       0.0000    
  4702.643255       1.0000       25400.       25400.       0.0000       0.0000       0.0000       0.0000    
  4702.799802       1.0000       25400.       25400.       0.0000       0.0000       0.0000       0.0000    
  4703.000000       1.0000       25400.       25400.       0.0000       0.0000       0.0000       0.0000    
