#      time         order        tairmean     top       
  4679.000000       1.0000       22.094       22.391    
  4679.400000       1.0000       22.025       22.317    
  4679.800000       1.0000       21.956       22.244    
  4680.000000       1.0000       21.922       22.207    
  4680.000000       1.0000       21.922       22.207    
  4680.002746       1.0000       21.922       22.207    
  4680.005491       1.0000       21.921       22.206    
  4680.007168       1.0000       21.921       22.206    
  4680.007168       1.0000       21.921       22.206    
  4680.009364       1.0000       21.921       22.205    
  4680.011560       1.0000       21.920       22.205    
  4680.015953       1.0000       21.920       22.204    
  4680.024739       1.0000       21.918       22.203    
  4680.042311       1.0000       21.915       22.199    
  4680.077454       1.0000       21.909       22.193    
  4680.147740       1.0000       21.897       22.180    
  4680.288312       1.0000       21.874       22.155    
  4680.569457       1.0000       21.827       22.105    
  4680.676913       1.0000       21.809       22.085    
  4680.676913       1.0000       21.809       22.085    
  4680.725999       1.0000       21.801       22.077    
  4680.775084       1.0000       21.793       22.068    
  4680.873255       1.0000       21.777       22.050    
  4681.000000       1.0000       21.756       22.028    
  4681.000000       1.0000       21.756       22.028    
  4681.078537       1.0000       21.743       22.014    
  4681.157073       1.0000       21.730       22.000    
  4681.314147       1.0000       21.705       21.973    
  4681.628294       1.0000       21.654       21.918    
  4682.000000       1.0000       21.595       21.853    
  4682.000000       1.0000       21.595       21.853    
  4682.251318       1.0000       21.555       21.810    
  4682.502635       1.0000       21.515       21.766    
  4683.000000       1.0000       21.435       21.680    
  4683.000000       1.0000       21.435       21.680    
  4683.201054       1.0000       21.403       21.645    
  4683.402108       1.0000       21.372       21.610    
  4683.804216       1.0000       21.400       21.654    
  4684.000000       1.0000       21.406       21.652    
  4684.000000       1.0000       21.406       21.652    
  4684.006434       1.0000       21.406       21.653    
  4684.012867       1.0000       21.406       21.653    
  4684.023281       1.0000       21.407       21.655    
  4684.035208       1.0000       21.407       21.656    
  4684.052861       1.0000       21.409       21.659    
  4684.076880       1.0000       21.412       21.663    
  4684.097778       1.0000       21.415       21.668    
  4684.120423       1.0000       21.419       21.673    
  4684.139275       1.0000       21.423       21.678    
  4684.157926       1.0000       21.427       21.682    
  4684.175122       1.0000       21.431       21.687    
  4684.192204       1.0000       21.435       21.692    
  4684.208820       1.0000       21.439       21.697    
  4684.225480       1.0000       21.443       21.702    
  4684.242636       1.0000       21.448       21.708    
  4684.261189       1.0000       21.453       21.714    
  4684.281348       1.0000       21.459       21.721    
  4684.303612       1.0000       21.466       21.729    
  4684.328532       1.0000       21.474       21.738    
  4684.356756       1.0000       21.483       21.748    
  4684.389260       1.0000       21.493       21.760    
  4684.427364       1.0000       21.506       21.775    
  4684.473144       1.0000       21.521       21.793    
  4684.529743       1.0000       21.539       21.816    
  4684.602625       1.0000       21.561       21.841    
  4684.602625       1.0000       21.561       21.841    
  4684.610956       1.0000       21.563       21.843    
  4684.619287       1.0000       21.566       21.846    
  4684.635950       1.0000       21.570       21.852    
  4684.669274       1.0000       21.580       21.863    
  4684.735923       1.0000       21.599       21.885    
  4684.869222       1.0000       21.639       21.928    
  4685.000000       1.0000       21.679       21.969    
  4685.000000       1.0000       21.679       21.969    
  4685.106639       1.0000       21.718       22.007    
  4685.213277       1.0000       21.759       22.046    
  4685.426554       1.0000       21.858       22.134    
  4685.756748       1.0000       22.049       22.297    
  4686.000000       1.0000       22.224       22.444    
  4686.000000       1.0000       22.224       22.444    
  4686.034124       1.0000       22.249       22.465    
  4686.068249       1.0000       22.275       22.486    
  4686.077952       1.0000       22.282       22.492    
  4686.097358       1.0000       22.297       22.505    
  4686.136170       1.0000       22.328       22.530    
  4686.181830       1.0000       22.364       22.559    
  4686.196032       1.0000       22.375       22.569    
  4686.224435       1.0000       22.398       22.587    
  4686.235797       1.0000       22.407       22.594    
  4686.258519       1.0000       22.424       22.608    
  4686.303965       1.0000       22.459       22.636    
  4686.322143       1.0000       22.473       22.647    
  4686.358499       1.0000       22.501       22.670    
  4686.373041       1.0000       22.512       22.679    
  4686.402126       1.0000       22.534       22.696    
  4686.413760       1.0000       22.543       22.703    
  4686.437028       1.0000       22.560       22.717    
  4686.483564       1.0000       22.592       22.743    
  4686.576636       1.0000       22.656       22.795    
  4686.613865       1.0000       22.680       22.815    
  4686.688322       1.0000       22.726       22.852    
  4686.837237       1.0000       22.808       22.919    
  4686.847164       1.0000       22.814       22.924    
  4686.847164       1.0000       22.814       22.924    
  4686.874463       1.0000       22.828       22.935    
  4686.901763       1.0000       22.842       22.947    
  4686.956362       1.0000       22.868       22.968    
  4687.000000       1.0000       22.888       22.985    
  4687.000000       1.0000       22.888       22.985    
  4687.043679       1.0000       22.906       22.999    
  4687.087358       1.0000       22.922       23.013    
  4687.150293       1.0000       22.944       23.032    
  4687.203309       1.0000       22.961       23.047    
  4687.266602       1.0000       22.980       23.063    
  4687.330669       1.0000       22.996       23.078    
  4687.407310       1.0000       23.014       23.095    
  4687.426106       1.0000       23.019       23.099    
  4687.463698       1.0000       23.027       23.106    
  4687.478735       1.0000       23.031       23.110    
  4687.508809       1.0000       23.037       23.116    
  4687.520838       1.0000       23.040       23.119    
  4687.544897       1.0000       23.045       23.124    
  4687.593015       1.0000       23.055       23.135    
  4687.689251       1.0000       23.076       23.156    
  4687.822690       1.0000       23.105       23.185    
  4687.951402       1.0000       23.131       23.213    
  4688.000000       1.0000       23.141       23.223    
  4688.000000       1.0000       23.141       23.223    
  4688.050348       1.0000       23.152       23.234    
  4688.100696       1.0000       23.162       23.244    
  4688.201392       1.0000       23.182       23.264    
  4688.201392       1.0000       23.182       23.264    
  4688.241670       1.0000       23.189       23.272    
  4688.281949       1.0000       23.197       23.280    
  4688.362505       1.0000       23.212       23.295    
  4688.362505       1.0000       23.212       23.295    
  4688.394728       1.0000       23.218       23.301    
  4688.426951       1.0000       23.223       23.304    
  4688.491396       1.0000       23.233       23.314    
  4688.620287       1.0000       23.252       23.335    
  4688.878068       1.0000       23.288       23.373    
  4689.000000       1.0000       23.305       23.391    
  4689.000000       1.0000       23.305       23.391    
  4689.086572       1.0000       23.317       23.403    
  4689.173145       1.0000       23.328       23.414    
  4689.189801       1.0000       23.330       23.417    
  4689.223112       1.0000       23.334       23.421    
  4689.223112       1.0000       23.334       23.421    
  4689.292370       1.0000       23.343       23.430    
  4689.361628       1.0000       23.351       23.439    
  4689.500144       1.0000       23.366       23.455    
  4689.777176       1.0000       23.393       23.484    
  4690.000000       1.0000       23.412       23.505    
  4690.000000       1.0000       23.412       23.505    
  4690.221626       1.0000       23.427       23.522    
  4690.443251       1.0000       23.439       23.536    
  4690.886502       1.0000       23.451       23.553    
  4690.886502       1.0000       23.451       23.553    
  4690.943251       1.0000       23.453       23.555    
  4691.000000       1.0000       23.454       23.557    
  4691.000000       1.0000       23.454       23.557    
  4691.045399       1.0000       23.455       23.559    
  4691.090798       1.0000       23.456       23.560    
  4691.181596       1.0000       23.457       23.562    
  4691.363193       1.0000       23.458       23.564    
  4691.726385       1.0000       23.455       23.564    
  4692.000000       1.0000       23.449       23.560    
  4692.000000       1.0000       23.449       23.560    
  4692.290554       1.0000       23.508       23.647    
  4692.581108       1.0000       23.551       23.692    
  4693.000000       1.0000       23.613       23.760    
  4693.000000       1.0000       23.613       23.760    
  4693.232443       1.0000       23.647       23.797    
  4693.464887       1.0000       23.680       23.834    
  4693.929773       1.0000       23.744       23.905    
  4694.000000       1.0000       23.754       23.915    
  4694.000000       1.0000       23.754       23.915    
  4694.371909       1.0000       23.798       23.965    
  4694.743819       1.0000       23.838       24.009    
  4695.000000       1.0000       23.863       24.037    
  4695.000000       1.0000       23.863       24.037    
  4695.297527       1.0000       23.888       24.066    
  4695.595055       1.0000       23.905       24.084    
  4696.000000       1.0000       23.916       24.101    
  4696.000000       1.0000       23.916       24.101    
  4696.026105       1.0000       23.916       24.101    
  4696.052211       1.0000       23.916       24.101    
  4696.104422       1.0000       23.914       24.099    
  4696.104422       1.0000       23.914       24.099    
  4696.125306       1.0000       23.912       24.099    
  4696.146190       1.0000       23.911       24.098    
  4696.187959       1.0000       23.908       24.096    
  4696.271496       1.0000       23.896       24.088    
  4696.438571       1.0000       23.860       24.062    
  4696.772720       1.0000       23.732       23.964    
  4697.000000       1.0000       23.611       23.869    
  4697.000000       1.0000       23.611       23.869    
  4697.005541       1.0000       23.608       23.867    
  4697.011081       1.0000       23.605       23.864    
  4697.015515       1.0000       23.602       23.862    
  4697.020775       1.0000       23.599       23.860    
  4697.026264       1.0000       23.596       23.858    
  4697.032896       1.0000       23.593       23.855    
  4697.040928       1.0000       23.588       23.851    
  4697.052239       1.0000       23.582       23.846    
  4697.066491       1.0000       23.574       23.840    
  4697.083985       1.0000       23.564       23.832    
  4697.099707       1.0000       23.554       23.825    
  4697.117630       1.0000       23.544       23.816    
  4697.135959       1.0000       23.533       23.808    
  4697.156833       1.0000       23.520       23.798    
  4697.179761       1.0000       23.506       23.787    
  4697.185048       1.0000       23.503       23.784    
  4697.195624       1.0000       23.496       23.779    
  4697.216774       1.0000       23.483       23.769    
  4697.246180       1.0000       23.466       23.756    
  4697.283125       1.0000       23.444       23.739    
  4697.329032       1.0000       23.417       23.717    
  4697.386995       1.0000       23.383       23.690    
  4697.462957       1.0000       23.341       23.657    
  4697.567809       1.0000       23.285       23.611    
  4697.724021       1.0000       23.211       23.550    
  4697.724021       1.0000       23.211       23.550    
  4697.727568       1.0000       23.210       23.548    
  4697.731114       1.0000       23.208       23.547    
  4697.738208       1.0000       23.205       23.544    
  4697.752394       1.0000       23.198       23.539    
  4697.780767       1.0000       23.185       23.528    
  4697.837514       1.0000       23.162       23.508    
  4697.951006       1.0000       23.119       23.470    
  4698.000000       1.0000       23.102       23.455    
  4698.000000       1.0000       23.102       23.455    
  4698.090794       1.0000       23.074       23.430    
  4698.181588       1.0000       23.050       23.406    
  4698.363176       1.0000       23.010       23.365    
  4698.651298       1.0000       22.949       23.300    
  4698.983799       1.0000       22.880       23.226    
  4698.983799       1.0000       22.880       23.226    
  4698.991899       1.0000       22.879       23.224    
  4699.000000       1.0000       22.877       23.223    
  4699.000000       1.0000       22.877       23.223    
  4699.006480       1.0000       22.876       23.221    
  4699.012961       1.0000       22.874       23.220    
  4699.025922       1.0000       22.872       23.217    
  4699.051844       1.0000       22.866       23.211    
  4699.103687       1.0000       22.856       23.200    
  4699.207374       1.0000       22.835       23.177    
  4699.414749       1.0000       22.791       23.131    
  4699.829497       1.0000       22.703       23.036    
  4700.000000       1.0000       22.666       22.997    
  4700.000000       1.0000       22.666       22.997    
  4700.331799       1.0000       22.594       22.920    
  4700.663598       1.0000       22.521       22.842    
  4701.000000       1.0000       22.452       22.771    
  4701.000000       1.0000       22.452       22.771    
  4701.265439       1.0000       22.401       22.717    
  4701.530878       1.0000       22.351       22.665    
  4701.845387       1.0000       22.295       22.605    
  4701.845387       1.0000       22.295       22.605    
  4701.922693       1.0000       22.281       22.590    
  4702.000000       1.0000       22.267       22.575    
  4702.000000       1.0000       22.267       22.575    
  4702.061845       1.0000       22.256       22.563    
  4702.123690       1.0000       22.245       22.552    
  4702.247381       1.0000       22.223       22.528    
  4702.320319       1.0000       22.210       22.515    
  4702.320319       1.0000       22.210       22.515    
  4702.419271       1.0000       22.192       22.496    
  4702.518223       1.0000       22.175       22.477    
  4702.643255       1.0000       22.153       22.454    
  4702.799802       1.0000       22.125       22.424    
  4703.000000       1.0000       22.090       22.387    
