#      time         order        qbridges     qcdwalls2z   qdaylite     qequip2zon   qhc2zone     qlcwinds2z   qlite        qloss        qocc2zone    qterm2zone
  4679.000000       1.0000       0.0000       566.44       0.0000       0.0000     -2.60723E-18  -229.46       0.0000       0.0000       0.0000      -319.11    
  4679.400000       1.0000       0.0000       569.49       0.0000       0.0000      9.60800E-21  -236.19       0.0000       0.0000       0.0000      -323.95    
  4679.800000       1.0000       0.0000       572.11       0.0000       0.0000      2.00828E-21  -242.57       0.0000       0.0000       0.0000      -326.27    
  4680.000000       1.0000       0.0000       573.34       0.0000       0.0000     -1.79158E-21  -245.70       0.0000       0.0000       0.0000      -326.90    
  4680.000000       1.0000       0.0000       573.34       0.0000       0.0000      1.29523E-18  -245.70       0.0000       0.0000       0.0000      -326.90    
  4680.002746       1.0000       0.0000       573.36       0.0000       0.0000     -3.66635E-22  -245.74       0.0000       0.0000       0.0000      -326.91    
  4680.005491       1.0000       0.0000       573.37       0.0000       0.0000     -1.84314E-18  -245.78       0.0000       0.0000       0.0000      -326.92    
  4680.007168       1.0000       0.0000       573.39       0.0000       0.0000     -9.50393E-21  -245.81       0.0000       0.0000       0.0000      -326.92    
  4680.007168       1.0000       0.0000       573.39       0.0000       0.0000     -3.80413E-21  -245.81       0.0000       0.0000       0.0000      -326.92    
  4680.009364       1.0000       0.0000       573.40       0.0000       0.0000      1.54053E-22  -245.84       0.0000       0.0000       0.0000      -326.93    
  4680.011560       1.0000       0.0000       573.41       0.0000       0.0000     -5.16191E-20  -245.87       0.0000       0.0000       0.0000      -326.93    
  4680.015953       1.0000       0.0000       573.44       0.0000       0.0000      1.06902E-18  -245.94       0.0000       0.0000       0.0000      -326.94    
  4680.024739       1.0000       0.0000       573.48       0.0000       0.0000     -1.33888E-17  -246.07       0.0000       0.0000       0.0000      -326.96    
  4680.042311       1.0000       0.0000       573.58       0.0000       0.0000      5.56205E-17  -246.33       0.0000       0.0000       0.0000      -327.00    
  4680.077454       1.0000       0.0000       573.76       0.0000       0.0000      2.38710E-16  -246.84       0.0000       0.0000       0.0000      -327.07    
  4680.147740       1.0000       0.0000       574.05       0.0000       0.0000      3.07345E-18  -247.78       0.0000       0.0000       0.0000      -327.13    
  4680.288312       1.0000       0.0000       574.45       0.0000       0.0000      7.39535E-17  -249.47       0.0000       0.0000       0.0000      -327.12    
  4680.569457       1.0000       0.0000       574.81       0.0000       0.0000     -1.58965E-19  -252.38       0.0000       0.0000       0.0000      -339.68    
  4680.676913       1.0000       0.0000       575.01       0.0000       0.0000      6.35588E-16  -253.45       0.0000       0.0000       0.0000      -344.23    
  4680.676913       1.0000       0.0000       575.01       0.0000       0.0000      5.77801E-21  -253.45       0.0000       0.0000       0.0000      -344.23    
  4680.725999       1.0000       0.0000       575.02       0.0000       0.0000     -3.18477E-19  -253.93       0.0000       0.0000       0.0000      -346.19    
  4680.775084       1.0000       0.0000       575.03       0.0000       0.0000     -1.04404E-16  -254.41       0.0000       0.0000       0.0000      -348.02    
  4680.873255       1.0000       0.0000       575.11       0.0000       0.0000      2.68489E-16  -255.35       0.0000       0.0000       0.0000      -351.25    
  4681.000000       1.0000       0.0000       575.18       0.0000       0.0000      2.10357E-16  -256.56       0.0000       0.0000       0.0000      -354.90    
  4681.000000       1.0000       0.0000       575.18       0.0000       0.0000     -3.80223E-17  -256.56       0.0000       0.0000       0.0000      -354.90    
  4681.078537       1.0000       0.0000       575.09       0.0000       0.0000     -7.33026E-19  -257.25       0.0000       0.0000       0.0000      -355.79    
  4681.157073       1.0000       0.0000       574.97       0.0000       0.0000     -2.74728E-16  -257.90       0.0000       0.0000       0.0000      -356.43    
  4681.314147       1.0000       0.0000       574.62       0.0000       0.0000     -1.58645E-16  -259.07       0.0000       0.0000       0.0000      -357.32    
  4681.628294       1.0000       0.0000       573.76       0.0000       0.0000     -3.72653E-16  -261.15       0.0000       0.0000       0.0000      -358.04    
  4682.000000       1.0000       0.0000       572.33       0.0000       0.0000      6.05876E-20  -263.42       0.0000       0.0000       0.0000      -357.31    
  4682.000000       1.0000       0.0000       572.33       0.0000       0.0000      1.37306E-21  -263.42       0.0000       0.0000       0.0000      -357.31    
  4682.251318       1.0000       0.0000       571.34       0.0000       0.0000      6.48647E-18  -264.93       0.0000       0.0000       0.0000      -356.33    
  4682.502635       1.0000       0.0000       570.34       0.0000       0.0000     -2.72217E-19  -266.42       0.0000       0.0000       0.0000      -354.98    
  4683.000000       1.0000       0.0000       568.30       0.0000       0.0000      6.93614E-17  -269.34       0.0000       0.0000       0.0000      -351.39    
  4683.000000       1.0000       0.0000       568.30       0.0000       0.0000      1.24558E-21  -269.34       0.0000       0.0000       0.0000      -351.39    
  4683.201054       1.0000       0.0000       567.23       0.0000       0.0000     -1.29577E-18  -270.26       0.0000       0.0000       0.0000      -347.32    
  4683.402108       1.0000       0.0000       565.97       0.0000       0.0000     -1.20350E-19  -271.01       0.0000       0.0000       0.0000      -343.50    
  4683.804216       1.0000       0.0000       250.23       293.86       0.0000      7.41857E-18  -231.20       0.0000       0.0000       0.0000      -343.07    
  4684.000000       1.0000       0.0000       309.91       193.21       0.0000      1.36158E-18  -192.66       0.0000       0.0000       0.0000      -342.49    
  4684.000000       1.0000       0.0000       309.91       193.21       0.0000      3.76515E-21  -192.66       0.0000       0.0000       0.0000      -342.49    
  4684.006434       1.0000       0.0000       305.34       196.92       0.0000      1.65893E-19  -191.25       0.0000       0.0000       0.0000      -342.47    
  4684.012867       1.0000       0.0000       300.70       200.65       0.0000     -6.36782E-21  -189.79       0.0000       0.0000       0.0000      -342.12    
  4684.023281       1.0000       0.0000       293.02       206.77       0.0000     -2.17391E-20  -187.33       0.0000       0.0000       0.0000      -341.49    
  4684.035208       1.0000       0.0000       284.00       213.88       0.0000      6.58972E-28  -184.40       0.0000       0.0000       0.0000      -340.79    
  4684.052861       1.0000       0.0000       270.21       224.61       0.0000      2.62622E-18  -179.63       0.0000       0.0000       0.0000      -339.80    
  4684.076880       1.0000       0.0000       250.66       239.57       0.0000      3.62767E-19  -172.70       0.0000       0.0000       0.0000      -338.54    
  4684.097778       1.0000       0.0000       233.03       252.94       0.0000      1.63587E-18  -166.51       0.0000       0.0000       0.0000      -337.50    
  4684.120423       1.0000       0.0000       213.31       267.76       0.0000     -8.75745E-19  -159.65       0.0000       0.0000       0.0000      -336.45    
  4684.139275       1.0000       0.0000       196.46       280.35       0.0000     -3.72712E-19  -153.86       0.0000       0.0000       0.0000      -335.62    
  4684.157926       1.0000       0.0000       179.41       293.03       0.0000      1.30951E-17  -148.05       0.0000       0.0000       0.0000      -334.84    
  4684.175122       1.0000       0.0000       163.40       304.91       0.0000      8.68526E-19  -142.65       0.0000       0.0000       0.0000      -334.15    
  4684.192204       1.0000       0.0000       147.21       316.88       0.0000     -1.55018E-18  -137.24       0.0000       0.0000       0.0000      -333.50    
  4684.208820       1.0000       0.0000       131.23       328.67       0.0000     -1.30877E-18  -131.94       0.0000       0.0000       0.0000      -332.89    
  4684.225480       1.0000       0.0000       114.97       340.65       0.0000      1.52731E-18  -126.59       0.0000       0.0000       0.0000      -332.31    
  4684.242636       1.0000       0.0000       98.005       353.13       0.0000     -9.16785E-20  -121.06       0.0000       0.0000       0.0000      -331.74    
  4684.261189       1.0000       0.0000       79.417       366.78       0.0000     -3.29710E-17  -115.04       0.0000       0.0000       0.0000      -331.16    
  4684.281348       1.0000       0.0000       58.954       381.80       0.0000      3.93706E-18  -108.47       0.0000       0.0000       0.0000      -330.56    
  4684.303612       1.0000       0.0000       36.458       398.18       0.0000      4.49161E-18  -101.22       0.0000       0.0000       0.0000      -329.94    
  4684.328532       1.0000       0.0000       14.218       413.46       0.0000      1.22124E-18  -93.412       0.0000       0.0000       0.0000      -329.28    
  4684.356756       1.0000       0.0000      -11.243       431.01       0.0000     -2.48273E-18  -84.582       0.0000       0.0000       0.0000      -328.58    
  4684.389260       1.0000       0.0000      -40.871       451.52       0.0000      8.81573E-18  -74.436       0.0000       0.0000       0.0000      -327.83    
  4684.427364       1.0000       0.0000      -76.004       475.88       0.0000      4.80008E-17  -62.471       0.0000       0.0000       0.0000      -327.03    
  4684.473144       1.0000       0.0000      -118.67       505.50       0.0000      1.20715E-17  -47.681       0.0000       0.0000       0.0000      -326.19    
  4684.529743       1.0000       0.0000      -167.57       538.57       0.0000      9.21656E-17  -31.479       0.0000       0.0000       0.0000      -325.23    
  4684.602625       1.0000       0.0000      -204.59       556.39       0.0000     -1.22210E-17  -13.099       0.0000       0.0000       0.0000      -324.03    
  4684.602625       1.0000       0.0000      -204.59       556.39       0.0000      1.00695E-19  -13.099       0.0000       0.0000       0.0000      -324.03    
  4684.610956       1.0000       0.0000      -208.65       558.26       0.0000      4.24950E-19  -11.005       0.0000       0.0000       0.0000      -323.89    
  4684.619287       1.0000       0.0000      -212.66       560.11       0.0000      1.46015E-16  -8.9203       0.0000       0.0000       0.0000      -323.76    
  4684.635950       1.0000       0.0000      -220.55       563.72       0.0000      7.49205E-19  -4.2995       0.0000       0.0000       0.0000      -323.50    
  4684.669274       1.0000       0.0000      -235.88       570.63       0.0000      2.05287E-17   5.1447       0.0000       0.0000       0.0000      -323.02    
  4684.735923       1.0000       0.0000      -264.34       583.21       0.0000     -2.16909E-18   21.895       0.0000       0.0000       0.0000      -322.19    
  4684.869222       1.0000       0.0000      -315.21       603.43      0.96279      1.00695E-19   52.430       1.1465       0.0000       1.6380      -321.16    
  4685.000000       1.0000       0.0000      -358.65       617.05       2.7818      1.72572E-20   79.714       3.3106       0.0000       4.7327      -320.79    
  4685.000000       1.0000       0.0000      -358.65       617.05       2.7818     -4.75455E-22   79.714       3.3106       0.0000       4.7327      -320.79    
  4685.106639       1.0000       0.0000      -395.06       623.75       7.2314     -4.75455E-22   100.33       8.6028       0.0000       12.303      -314.42    
  4685.213277       1.0000       0.0000      -428.75       626.69       12.050     -4.75455E-22   119.43       14.331       0.0000       20.501      -308.81    
  4685.426554       1.0000       0.0000      -497.22       621.88       27.621     -4.75455E-22   151.33       32.832       0.0000       46.991      -302.85    
  4685.756748       1.0000       0.0000      -618.58       603.17       64.130     -4.75455E-22   189.03       76.213       0.0000       109.09      -305.51    
  4686.000000       1.0000       0.0000      -735.87       595.70       100.14     -4.75455E-22   213.63       118.96       0.0000       170.34      -314.62    
  4686.000000       1.0000       0.0000      -735.87       595.70       100.14      1.57855E-22   213.63       118.96       0.0000       170.34      -314.62    
  4686.034124       1.0000       0.0000      -751.95       593.86       105.36      1.19205E-27   217.07       125.16       0.0000       179.22      -311.77    
  4686.068249       1.0000       0.0000      -768.15       591.84       110.59      4.74706E-25   220.49       131.36       0.0000       188.10      -308.04    
  4686.077952       1.0000       0.0000      -772.78       591.24       112.07      6.09347E-25   221.46       133.12       0.0000       190.63      -307.00    
  4686.097358       1.0000       0.0000      -782.06       589.98       115.04      8.78630E-25   223.39       136.64       0.0000       195.68      -305.00    
  4686.136170       1.0000       0.0000      -800.54       587.29       120.98      2.78371E-28   227.24       143.69       0.0000       205.77      -307.36    
  4686.181830       1.0000       0.0000      -822.07       583.83       127.96     -1.03304E-24   231.75       151.98       0.0000       217.65      -315.26    
  4686.196032       1.0000       0.0000      -828.70       582.69       130.14      8.10623E-20   233.15       154.56       0.0000       221.35      -317.72    
  4686.224435       1.0000       0.0000      -840.85       580.34       133.80     -1.99723E-24   235.99       158.91       0.0000       227.58      -322.58    
  4686.235797       1.0000       0.0000      -845.59       579.37       135.22     -3.24277E-20   237.13       160.60       0.0000       230.00      -324.51    
  4686.258519       1.0000       0.0000      -854.89       577.37       138.07     -1.01606E-21   239.40       163.98       0.0000       234.83      -328.33    
  4686.303965       1.0000       0.0000      -872.69       573.16       143.76     -7.27650E-28   243.92       170.74       0.0000       244.51      -335.84    
  4686.322143       1.0000       0.0000      -879.68       571.39       146.03      4.06425E-22   245.72       173.44       0.0000       248.37      -338.83    
  4686.358499       1.0000       0.0000      -893.42       567.72       150.58      1.21928E-21   249.30       178.84       0.0000       256.11      -344.72    
  4686.373041       1.0000       0.0000      -898.84       566.20       152.40      1.54442E-21   250.72       181.00       0.0000       259.21      -347.07    
  4686.402126       1.0000       0.0000      -909.45       563.08       155.99      4.27265E-20   253.55       185.26       0.0000       265.30      -351.71    
  4686.413760       1.0000       0.0000      -913.30       561.81       157.12     -1.02928E-19   254.70       186.61       0.0000       267.22      -353.55    
  4686.437028       1.0000       0.0000      -920.81       559.21       159.38     -6.99823E-20   256.98       189.30       0.0000       271.07      -357.17    
  4686.483564       1.0000       0.0000      -934.96       553.81       163.92     -4.09089E-21   261.48       194.68       0.0000       278.77      -364.20    
  4686.576636       1.0000       0.0000      -960.61       542.20       172.98     -1.96563E-19   270.19       205.46       0.0000       294.18      -377.62    
  4686.613865       1.0000       0.0000      -969.75       537.27       176.22     -2.73552E-19   273.62       209.31       0.0000       299.68      -382.86    
  4686.688322       1.0000       0.0000      -984.25       526.96       181.39     -4.27529E-19   280.37       215.48       0.0000       308.48      -392.77    
  4686.837237       1.0000       0.0000      -1005.4       504.57       190.71      1.94753E-25   292.93       226.60       0.0000       324.32      -410.67    
  4686.847164       1.0000       0.0000      -1006.6       503.00       191.13     -1.20324E-20   293.76       227.09       0.0000       325.02      -408.46    
  4686.847164       1.0000       0.0000      -1006.6       503.00       191.13      1.55463E-29   293.76       227.09       0.0000       325.02      -414.13    
  4686.874463       1.0000       0.0000      -1009.1       498.63       192.27      1.55463E-29   296.03       228.46       0.0000       326.96      -421.84    
  4686.901763       1.0000       0.0000      -1011.2       494.19       193.41      1.55463E-29   298.26       229.82       0.0000       328.89      -429.22    
  4686.956362       1.0000       0.0000      -1014.6       485.10       195.68      1.55463E-29   302.57       232.55       0.0000       332.77      -443.03    
  4687.000000       1.0000       0.0000      -1016.7       477.64       197.51      1.55463E-29   305.90       234.74       0.0000       335.86      -453.44    
  4687.000000       1.0000       0.0000      -1016.7       477.64       197.51      1.55463E-29   305.90       234.74       0.0000       335.86      -453.44    
  4687.043679       1.0000       0.0000      -1016.3       470.04       198.11      1.55463E-29   309.25       235.48       0.0000       336.89      -463.78    
  4687.087358       1.0000       0.0000      -1015.2       462.27       198.72      1.55472E-29   312.53       236.23       0.0000       337.92      -473.46    
  4687.150293       1.0000       0.0000      -1012.3       450.81       199.60      1.55463E-29   317.08       237.30       0.0000       339.41      -485.95    
  4687.203309       1.0000       0.0000      -1009.0       440.91       200.29      1.55460E-29   320.79       238.15       0.0000       340.58      -495.39    
  4687.266602       1.0000       0.0000      -1002.9       428.85       200.29      1.55463E-29   325.10       238.19       0.0000       340.58      -505.30    
  4687.330669       1.0000       0.0000      -995.59       416.37       200.29      1.55463E-29   329.28       238.23       0.0000       340.58      -514.11    
  4687.407310       1.0000       0.0000      -985.75       401.09       200.29      1.55463E-29   334.01       238.28       0.0000       340.59      -523.38    
  4687.426106       1.0000       0.0000      -983.23       397.30       200.29      1.55463E-29   335.14       238.30       0.0000       340.59      -525.51    
  4687.463698       1.0000       0.0000      -978.01       389.63       200.29      1.55463E-29   337.35       238.32       0.0000       340.59      -529.60    
  4687.478735       1.0000       0.0000      -977.27       388.01       200.29      1.55463E-29   338.23       238.33       0.0000       340.59      -531.18    
  4687.508809       1.0000       0.0000      -979.02       388.16       200.29      1.55463E-29   340.05       238.32       0.0000       340.59      -534.27    
  4687.520838       1.0000       0.0000      -979.70       388.21       200.29      1.55463E-29   340.78       238.32       0.0000       340.59      -535.49    
  4687.544897       1.0000       0.0000      -981.04       388.30       200.29      1.55463E-29   342.26       238.32       0.0000       340.59      -537.87    
  4687.593015       1.0000       0.0000      -983.63       388.41       200.29      1.55463E-29   345.23       238.32       0.0000       340.59      -542.45    
  4687.689251       1.0000       0.0000      -988.48       388.41       200.29      1.55463E-29   351.05       238.32       0.0000       340.59      -550.93    
  4687.822690       1.0000       0.0000      -994.28       387.92       200.29      1.55463E-29   358.60       238.33       0.0000       340.60      -561.01    
  4687.951402       1.0000       0.0000      -998.84       386.90       200.29      1.55380E-29   365.25       238.34       0.0000       340.61      -569.13    
  4688.000000       1.0000       0.0000      -1000.3       386.39       200.29      1.55463E-29   367.64       238.34       0.0000       340.61      -571.90    
  4688.000000       1.0000       0.0000      -1000.3       386.39       200.29      1.55463E-29   367.64       238.34       0.0000       340.61      -571.90    
  4688.050348       1.0000       0.0000      -1001.7       385.78       200.29      1.55463E-29   369.96       238.35       0.0000       340.61      -574.21    
  4688.100696       1.0000       0.0000      -1002.9       385.09       200.29      1.55463E-29   372.13       238.36       0.0000       340.61      -576.30    
  4688.201392       1.0000       0.0000      -1004.5       383.50       200.29      1.55463E-29   375.92       238.37       0.0000       340.62      -579.86    
  4688.201392       1.0000       0.0000      -1004.5       383.50       200.29      1.55463E-29   375.92       238.37       0.0000       340.62      -579.86    
  4688.241670       1.0000       0.0000      -1004.9       382.78       200.29      1.55463E-29   377.33       238.38       0.0000       340.62      -581.15    
  4688.281949       1.0000       0.0000      -1005.3       382.01       200.29      1.55463E-29   378.64       238.39       0.0000       340.62      -582.33    
  4688.362505       1.0000       0.0000      -1005.5       380.34       200.29      1.55463E-29   380.92       238.40       0.0000       340.63      -584.33    
  4688.362505       1.0000       0.0000      -1005.5       380.34       200.29      1.55463E-29   380.92       238.40       0.0000       340.63      -584.33    
  4688.394728       1.0000       0.0000      -1005.5       379.62       200.29      1.55463E-29   381.77       238.41       0.0000       340.63      -585.05    
  4688.426951       1.0000       0.0000      -985.89       359.88       200.29      1.55463E-29   379.82       238.61       0.0000       340.63      -585.65    
  4688.491396       1.0000       0.0000      -984.70       358.50       200.29      1.55463E-29   380.34       238.63       0.0000       340.64      -586.66    
  4688.620287       1.0000       0.0000      -981.68       355.45       200.29      1.55463E-29   380.94       238.65       0.0000       340.65      -588.05    
  4688.878068       1.0000       0.0000      -973.54       348.19       200.29      1.55463E-29   381.02       238.72       0.0000       340.66      -589.08    
  4689.000000       1.0000       0.0000      -968.92       344.34       200.29      1.55463E-29   380.59       238.76       0.0000       340.67      -589.03    
  4689.000000       1.0000       0.0000      -968.92       344.34       200.29      1.55463E-29   380.59       238.76       0.0000       340.67      -589.03    
  4689.086572       1.0000       0.0000      -965.35       341.58       200.29      1.55463E-29   379.95       238.78       0.0000       340.68      -588.49    
  4689.173145       1.0000       0.0000      -961.36       338.69       200.29      1.55463E-29   378.98       238.81       0.0000       340.68      -587.90    
  4689.189801       1.0000       0.0000      -960.56       338.11       200.29      1.55463E-29   378.78       238.81       0.0000       340.68      -587.78    
  4689.223112       1.0000       0.0000      -958.93       336.95       200.29      1.55463E-29   378.34       238.82       0.0000       340.68      -587.54    
  4689.223112       1.0000       0.0000      -958.93       336.95       200.29      1.55463E-29   378.34       238.82       0.0000       340.68      -587.54    
  4689.292370       1.0000       0.0000      -955.26       334.47       200.29      1.56301E-29   377.20       238.85       0.0000       340.69      -585.55    
  4689.361628       1.0000       0.0000      -951.34       331.91       200.29     -7.91638E-23   375.84       238.87       0.0000       340.69      -584.02    
  4689.500144       1.0000       0.0000      -942.60       326.55       200.29     -2.37491E-22   372.42       238.92       0.0000       340.70      -581.42    
  4689.777176       1.0000       0.0000      -922.07       314.97       200.29     -5.54146E-22   363.21       239.01       0.0000       340.71      -576.59    
  4690.000000       1.0000       0.0000      -903.29       304.86       200.29     -8.08840E-22   354.08       239.09       0.0000       340.72      -572.84    
  4690.000000       1.0000       0.0000      -903.29       304.86       200.29     -1.75530E-22   354.08       239.09       0.0000       340.72      -572.84    
  4690.221626       1.0000       0.0000      -881.55       294.39       200.29     -1.75530E-22   342.01       239.18       0.0000       340.73      -568.76    
  4690.443251       1.0000       0.0000      -857.38       283.68       200.29     -1.75530E-22   327.61       239.26       0.0000       340.74      -564.99    
  4690.886502       1.0000       0.0000      -802.62       261.47       200.29      2.00904E-20   292.94       239.41       0.0000       340.75      -558.51    
  4690.886502       1.0000       0.0000      -802.62       261.47       200.29     -1.72021E-23   292.94       239.41       0.0000       340.75      -558.51    
  4690.943251       1.0000       0.0000      -795.42       258.58       200.29     -1.72021E-23   288.38       239.43       0.0000       340.75      -557.69    
  4691.000000       1.0000       0.0000      -788.12       255.68       200.29     -1.72021E-23   283.71       239.45       0.0000       340.76      -556.89    
  4691.000000       1.0000       0.0000      -788.12       255.68       200.29     -1.72021E-23   283.71       239.45       0.0000       340.76      -556.89    
  4691.045399       1.0000       0.0000      -782.19       253.37       200.29     -1.72021E-23   279.87       239.46       0.0000       340.76      -556.21    
  4691.090798       1.0000       0.0000      -776.19       251.05       200.29     -1.72021E-23   275.95       239.48       0.0000       340.76      -555.54    
  4691.181596       1.0000       0.0000      -762.76       245.13       200.29     -1.72021E-23   267.91       239.51       0.0000       340.76      -554.27    
  4691.363193       1.0000       0.0000      -735.79       233.39       200.29     -1.72021E-23   251.77       239.58       0.0000       340.76      -551.91    
  4691.726385       1.0000       0.0000      -684.24       214.95       200.29     -1.72021E-23   216.64       239.68       0.0000       340.77      -547.78    
  4692.000000       1.0000       0.0000      -646.67       205.86       200.29     -1.72021E-23   186.37       239.73       0.0000       340.78      -544.86    
  4692.000000       1.0000       0.0000      -646.67       205.86       200.29     -1.72021E-23   186.37       239.73       0.0000       340.78      -544.86    
  4692.290554       1.0000       0.0000      -976.54       574.81       200.29     -6.50512E-22   170.40       235.81       0.0000       340.78      -546.40    
  4692.581108       1.0000       0.0000      -959.30       573.05       200.29     -1.28382E-21   153.63       235.84       0.0000       340.78      -547.27    
  4693.000000       1.0000       0.0000      -943.06       568.35       200.29     -2.19687E-21   145.53       235.92       0.0000       340.79      -549.06    
  4693.000000       1.0000       0.0000      -943.06       568.35       200.29      3.36375E-22   145.53       235.92       0.0000       340.79      -549.06    
  4693.232443       1.0000       0.0000      -934.01       564.57       200.29      3.36375E-22   142.34       235.98       0.0000       340.79      -549.87    
  4693.464887       1.0000       0.0000      -924.68       559.92       200.29      3.36375E-22   139.77       236.06       0.0000       340.79      -550.92    
  4693.929773       1.0000       0.0000      -903.87       547.86       200.29      3.36375E-22   134.86       236.25       0.0000       340.80      -553.39    
  4694.000000       1.0000       0.0000      -900.40       545.71       200.29      3.36375E-22   134.10       236.28       0.0000       340.80      -553.77    
  4694.000000       1.0000       0.0000      -900.40       545.71       200.29      1.97200E-23   134.10       236.28       0.0000       340.80      -553.77    
  4694.371909       1.0000       0.0000      -876.38       532.77       200.29      1.97200E-23   125.36       236.48       0.0000       340.80      -555.11    
  4694.743819       1.0000       0.0000      -847.53       517.19       200.29      1.97200E-23   114.17       236.71       0.0000       340.80      -556.12    
  4695.000000       1.0000       0.0000      -825.46       504.89       200.29      1.97200E-23   105.74       236.89       0.0000       340.80      -556.71    
  4695.000000       1.0000       0.0000      -825.47       504.89       200.29      1.97200E-23   105.74       236.89       0.0000       340.80      -556.73    
  4695.297527       1.0000       0.0000      -796.96       488.98       200.29      1.97200E-23   94.362       237.11       0.0000       340.80      -557.34    
  4695.595055       1.0000       0.0000      -745.25       451.73       200.29      1.97200E-23   79.292       237.60       0.0000       340.80      -557.57    
  4696.000000       1.0000       0.0000      -692.20       425.53       197.51      1.97200E-23   61.097       234.61       0.0000       336.06      -557.23    
  4696.000000       1.0000       0.0000      -692.20       425.53       197.51      1.97200E-23   61.097       234.61       0.0000       336.06      -557.30    
  4696.026105       1.0000       0.0000      -687.28       423.76       196.42      1.97200E-23   59.981       233.34       0.0000       334.21      -557.18    
  4696.052211       1.0000       0.0000      -682.12       421.98       195.33      1.97200E-23   58.858       232.07       0.0000       332.36      -557.00    
  4696.104422       1.0000       0.0000      -671.10       418.38       193.15      1.97200E-23   56.587       229.52       0.0000       328.65      -556.48    
  4696.104422       1.0000       0.0000      -671.10       418.38       193.15      1.97200E-23   56.587       229.52       0.0000       328.65      -556.47    
  4696.125306       1.0000       0.0000      -666.59       416.93       192.28      1.97200E-23   55.675       228.50       0.0000       327.17      -556.24    
  4696.146190       1.0000       0.0000      -661.98       415.47       191.41      1.97200E-23   54.758       227.48       0.0000       325.68      -555.98    
  4696.187959       1.0000       0.0000      -652.51       412.52       189.66      1.97200E-23   52.899       225.44       0.0000       322.72      -555.40    
  4696.271496       1.0000       0.0000      -629.11       406.59       184.19      1.97200E-23   49.237       219.00       0.0000       313.40      -553.71    
  4696.438571       1.0000       0.0000      -574.55       394.40       171.50      1.97200E-23   41.798       204.03       0.0000       291.81      -548.56    
  4696.772720       1.0000       0.0000      -428.92       368.89       134.16      1.97200E-23   27.290       159.79       0.0000       228.28      -530.27    
  4697.000000       1.0000       0.0000      -305.18       350.71       100.14      1.97200E-23   17.874       119.37       0.0000       170.40      -513.00    
  4697.000000       1.0000       0.0000      -305.18       350.71       100.14     -2.96935E-22   17.874       119.37       0.0000       170.40      -513.01    
  4697.005541       1.0000       0.0000      -302.11       350.25       99.296     -2.96935E-22   17.646       118.36       0.0000       168.96      -512.59    
  4697.011081       1.0000       0.0000      -299.03       349.80       98.448     -2.96935E-22   17.412       117.35       0.0000       167.52      -512.14    
  4697.015515       1.0000       0.0000      -296.56       349.44       97.770     -2.96935E-22   17.223       116.55       0.0000       166.36      -511.77    
  4697.020775       1.0000       0.0000      -293.62       349.01       96.965     -2.96935E-22   16.999       115.59       0.0000       165.00      -511.34    
  4697.026264       1.0000       0.0000      -290.54       348.56       96.125     -2.96935E-22   16.764       114.59       0.0000       163.57      -510.88    
  4697.032896       1.0000       0.0000      -286.81       348.01       95.111     -2.96935E-22   16.479       113.38       0.0000       161.84      -510.32    
  4697.040928       1.0000       0.0000      -282.28       347.35       93.882     -2.96935E-22   16.133       111.92       0.0000       159.75      -509.64    
  4697.052239       1.0000       0.0000      -275.86       346.42       92.151     -2.96935E-22   15.643       109.86       0.0000       156.80      -508.67    
  4697.066491       1.0000       0.0000      -267.74       345.24       89.971     -2.96935E-22   15.018       107.27       0.0000       153.09      -507.44    
  4697.083985       1.0000       0.0000      -257.71       343.79       87.294     -2.96935E-22   14.242       104.08       0.0000       148.54      -505.90    
  4697.099707       1.0000       0.0000      -248.65       342.49       84.889     -2.96935E-22   13.536       101.22       0.0000       144.45      -504.50    
  4697.117630       1.0000       0.0000      -238.27       340.99       82.147     -2.96935E-22   12.720       97.955       0.0000       139.78      -502.88    
  4697.135959       1.0000       0.0000      -227.60       339.46       79.342     -2.96935E-22   11.874       94.617       0.0000       135.01      -501.21    
  4697.156833       1.0000       0.0000      -215.40       337.71       76.149     -2.96935E-22   10.894       90.815       0.0000       129.58      -499.28    
  4697.179761       1.0000       0.0000      -201.93       335.78       72.641     -2.96935E-22   9.7997       86.638       0.0000       123.61      -497.13    
  4697.185048       1.0000       0.0000      -198.82       335.33       71.832     -2.69189E-28   9.5465       85.674       0.0000       122.23      -496.63    
  4697.195624       1.0000       0.0000      -192.59       334.44       70.214      5.93869E-22   9.0362       83.747       0.0000       119.48      -495.62    
  4697.216774       1.0000       0.0000      -180.78       332.64       67.444      4.23719E-25   7.9724       80.450       0.0000       114.76      -493.61    
  4697.246180       1.0000       0.0000      -164.74       330.12       63.763      4.41972E-22   6.4554       76.066       0.0000       108.50      -490.83    
  4697.283125       1.0000       0.0000      -144.80       326.93       59.139      9.96716E-22   4.5111       70.557       0.0000       100.63      -487.35    
  4697.329032       1.0000       0.0000      -120.23       322.95       53.392     -8.47201E-22   1.9132       63.711       0.0000       90.854      -483.03    
  4697.386995       1.0000       0.0000      -89.470       317.87       46.136     -3.17538E-21  -1.4451       55.063       0.0000       78.508      -477.55    
  4697.462957       1.0000       0.0000      -52.871       311.11       38.379     -6.22651E-21  -5.9727       45.815       0.0000       65.307      -470.53    
  4697.567809       1.0000       0.0000      -4.6462       301.64       28.170     -1.04380E-20  -12.229       33.639       0.0000       47.936      -461.13    
  4697.724021       1.0000       0.0000       57.794       287.19       16.411     -1.67125E-20  -21.264       19.606       0.0000       27.926      -445.46    
  4697.724021       1.0000       0.0000       57.794       287.19       16.411      1.02017E-21  -21.264       19.606       0.0000       27.926      -445.39    
  4697.727568       1.0000       0.0000       59.188       286.86       16.164     -2.46445E-22  -21.467       19.312       0.0000       27.507      -446.49    
  4697.731114       1.0000       0.0000       60.579       286.53       15.918     -2.46445E-22  -21.669       19.017       0.0000       27.087      -446.22    
  4697.738208       1.0000       0.0000       63.347       285.87       15.424     -2.46445E-22  -22.075       18.428       0.0000       26.248      -445.47    
  4697.752394       1.0000       0.0000       68.856       284.53       14.438     -2.46445E-22  -22.889       17.250       0.0000       24.569      -443.96    
  4697.780767       1.0000       0.0000       79.662       281.86       12.465     -2.46445E-22  -24.530       14.894       0.0000       21.211      -441.00    
  4697.837514       1.0000       0.0000       99.025       276.47       9.5618     -2.46445E-22  -27.898       11.427       0.0000       16.271      -435.30    
  4697.951006       1.0000       0.0000       133.45       265.54       4.8261     -2.46445E-22  -34.769       5.7694       0.0000       8.2127      -424.78    
  4698.000000       1.0000       0.0000       147.95       260.77       2.7818     -2.46445E-22  -37.743       3.3259       0.0000       4.7338      -420.31    
  4698.000000       1.0000       0.0000       147.95       260.77       2.7818      7.02097E-23  -37.743       3.3259       0.0000       4.7338      -420.30    
  4698.090794       1.0000       0.0000       168.92       251.82       1.5189      7.02097E-23  -43.209       1.8165       0.0000       2.5848      -413.91    
  4698.181588       1.0000       0.0000       188.25       242.78      0.25609      7.02097E-23  -48.516      0.30632       0.0000      0.43579      -408.01    
  4698.363176       1.0000       0.0000       219.02       224.40       0.0000     -5.18801E-18  -58.757       0.0000       0.0000       0.0000      -398.07    
  4698.651298       1.0000       0.0000       276.36       182.73       0.0000     -5.49244E-17  -77.425       0.0000       0.0000       0.0000      -384.76    
  4698.983799       1.0000       0.0000       325.59       149.32       0.0000     -1.89364E-17  -96.506       0.0000       0.0000       0.0000      -371.54    
  4698.983799       1.0000       0.0000       325.59       149.32       0.0000      7.17239E-21  -96.506       0.0000       0.0000       0.0000      -371.51    
  4698.991899       1.0000       0.0000       326.79       148.51       0.0000     -2.96058E-21  -96.979       0.0000       0.0000       0.0000      -371.17    
  4699.000000       1.0000       0.0000       327.98       147.69       0.0000     -3.11416E-17  -97.451       0.0000       0.0000       0.0000      -370.84    
  4699.000000       1.0000       0.0000       327.98       147.69       0.0000     -1.38798E-21  -97.451       0.0000       0.0000       0.0000      -370.84    
  4699.006480       1.0000       0.0000       328.94       147.04       0.0000      1.38115E-20  -97.828       0.0000       0.0000       0.0000      -370.57    
  4699.012961       1.0000       0.0000       329.90       146.38       0.0000     -4.38013E-22  -98.201       0.0000       0.0000       0.0000      -370.35    
  4699.025922       1.0000       0.0000       331.80       145.08       0.0000      6.22280E-17  -98.943       0.0000       0.0000       0.0000      -369.93    
  4699.051844       1.0000       0.0000       335.60       142.46       0.0000     -8.59349E-20  -100.42       0.0000       0.0000       0.0000      -369.11    
  4699.103687       1.0000       0.0000       343.12       137.24       0.0000      1.53643E-17  -103.31       0.0000       0.0000       0.0000      -367.50    
  4699.207374       1.0000       0.0000       357.91       126.81       0.0000     -5.61600E-18  -108.90       0.0000       0.0000       0.0000      -364.40    
  4699.414749       1.0000       0.0000       386.77       106.07       0.0000     -2.35396E-19  -119.59       0.0000       0.0000       0.0000      -358.60    
  4699.829497       1.0000       0.0000       441.75       66.052       0.0000      2.09020E-17  -139.98       0.0000       0.0000       0.0000      -347.88    
  4700.000000       1.0000       0.0000       463.02       50.769       0.0000      7.32826E-19  -148.21       0.0000       0.0000       0.0000      -343.32    
  4700.000000       1.0000       0.0000       463.02       50.769       0.0000      8.65943E-23  -148.21       0.0000       0.0000       0.0000      -343.32    
  4700.331799       1.0000       0.0000       499.53       25.095       0.0000      1.35321E-21  -163.29       0.0000       0.0000       0.0000      -334.82    
  4700.663598       1.0000       0.0000       534.88       0.0000       0.0000     -1.59508E-19  -177.99       0.0000       0.0000       0.0000      -326.19    
  4701.000000       1.0000       0.0000       543.08       0.0000       0.0000      1.65478E-21  -188.89       0.0000       0.0000       0.0000      -317.64    
  4701.000000       1.0000       0.0000       543.08       0.0000       0.0000      1.65478E-21  -188.89       0.0000       0.0000       0.0000      -317.64    
  4701.265439       1.0000       0.0000       547.59       0.0000       0.0000     -2.59238E-18  -195.57       0.0000       0.0000       0.0000      -313.95    
  4701.530878       1.0000       0.0000       551.02       0.0000       0.0000     -3.22600E-19  -201.29       0.0000       0.0000       0.0000      -309.97    
  4701.845387       1.0000       0.0000       554.40       0.0000       0.0000     -2.27259E-19  -207.55       0.0000       0.0000       0.0000      -304.79    
  4701.845387       1.0000       0.0000       554.40       0.0000       0.0000     -1.00832E-24  -207.55       0.0000       0.0000       0.0000      -304.79    
  4701.922693       1.0000       0.0000       555.19       0.0000       0.0000     -3.72893E-18  -209.07       0.0000       0.0000       0.0000      -303.36    
  4702.000000       1.0000       0.0000       555.97       0.0000       0.0000      7.29572E-19  -210.57       0.0000       0.0000       0.0000      -301.90    
  4702.000000       1.0000       0.0000       555.97       0.0000       0.0000      3.79901E-21  -210.57       0.0000       0.0000       0.0000      -301.90    
  4702.061845       1.0000       0.0000       556.57       0.0000       0.0000      1.74667E-18  -211.76       0.0000       0.0000       0.0000      -300.70    
  4702.123690       1.0000       0.0000       557.16       0.0000       0.0000      6.11777E-19  -212.94       0.0000       0.0000       0.0000      -299.48    
  4702.247381       1.0000       0.0000       558.32       0.0000       0.0000      8.71815E-18  -215.28       0.0000       0.0000       0.0000      -297.03    
  4702.320319       1.0000       0.0000       559.00       0.0000       0.0000      1.34983E-17  -216.66       0.0000       0.0000       0.0000      -295.52    
  4702.320319       1.0000       0.0000       559.00       0.0000       0.0000     -7.28037E-22  -216.66       0.0000       0.0000       0.0000      -299.04    
  4702.419271       1.0000       0.0000       560.22       0.0000       0.0000      2.26906E-18  -218.51       0.0000       0.0000       0.0000      -302.32    
  4702.518223       1.0000       0.0000       561.32       0.0000       0.0000     -1.29775E-18  -220.36       0.0000       0.0000       0.0000      -306.15    
  4702.643255       1.0000       0.0000       562.62       0.0000       0.0000      7.72046E-17  -222.70       0.0000       0.0000       0.0000      -310.32    
  4702.799802       1.0000       0.0000       564.19       0.0000       0.0000      9.47609E-18  -225.62       0.0000       0.0000       0.0000      -314.62    
  4703.000000       1.0000       0.0000       566.11       0.0000       0.0000      1.50409E-20  -229.36       0.0000       0.0000       0.0000      -318.87    
