#      time         order        qbridges     qcdwalls2z   qdaylite     qequip2zon   qhc2zone     qlcwinds2z   qlite        qloss        qocc2zone    qterm2zone
  4679.000000       1.0000       0.0000       308.23       0.0000       0.0000     -1.88011E-19  -48.886       0.0000       0.0000       0.0000      -235.55    
  4679.400000       1.0000       0.0000       308.48       0.0000       0.0000     -9.98648E-19  -50.822       0.0000       0.0000       0.0000      -242.61    
  4679.800000       1.0000       0.0000       308.54       0.0000       0.0000     -2.58835E-20  -52.664       0.0000       0.0000       0.0000      -247.08    
  4680.000000       1.0000       0.0000       308.54       0.0000       0.0000      4.19651E-17  -53.571       0.0000       0.0000       0.0000      -248.77    
  4680.000000       1.0000       0.0000       308.54       0.0000       0.0000     -2.13354E-18  -53.570       0.0000       0.0000       0.0000      -248.77    
  4680.002746       1.0000       0.0000       308.54       0.0000       0.0000     -2.48809E-19  -53.583       0.0000       0.0000       0.0000      -248.79    
  4680.005491       1.0000       0.0000       308.54       0.0000       0.0000     -6.74393E-19  -53.595       0.0000       0.0000       0.0000      -248.82    
  4680.007168       1.0000       0.0000       308.54       0.0000       0.0000      3.42501E-19  -53.603       0.0000       0.0000       0.0000      -248.83    
  4680.007168       1.0000       0.0000       308.54       0.0000       0.0000      1.62141E-21  -53.603       0.0000       0.0000       0.0000      -248.83    
  4680.009364       1.0000       0.0000       308.54       0.0000       0.0000     -3.89104E-20  -53.612       0.0000       0.0000       0.0000      -248.85    
  4680.011560       1.0000       0.0000       308.54       0.0000       0.0000      1.70396E-18  -53.622       0.0000       0.0000       0.0000      -248.87    
  4680.015953       1.0000       0.0000       308.54       0.0000       0.0000      3.08204E-18  -53.641       0.0000       0.0000       0.0000      -248.90    
  4680.024739       1.0000       0.0000       308.54       0.0000       0.0000      6.50131E-19  -53.679       0.0000       0.0000       0.0000      -248.97    
  4680.042311       1.0000       0.0000       308.54       0.0000       0.0000     -3.66392E-17  -53.755       0.0000       0.0000       0.0000      -249.10    
  4680.077454       1.0000       0.0000       308.53       0.0000       0.0000     -9.82476E-17  -53.904       0.0000       0.0000       0.0000      -249.35    
  4680.147740       1.0000       0.0000       308.47       0.0000       0.0000      1.62290E-18  -54.179       0.0000       0.0000       0.0000      -249.78    
  4680.288312       1.0000       0.0000       308.30       0.0000       0.0000      1.80612E-16  -54.681       0.0000       0.0000       0.0000      -250.49    
  4680.569457       1.0000       0.0000       307.87       0.0000       0.0000     -9.71143E-19  -55.557       0.0000       0.0000       0.0000      -264.45    
  4680.676913       1.0000       0.0000       307.73       0.0000       0.0000     -7.03741E-17  -55.882       0.0000       0.0000       0.0000      -269.53    
  4680.676913       1.0000       0.0000       307.74       0.0000       0.0000      8.09560E-18  -55.882       0.0000       0.0000       0.0000      -269.53    
  4680.725999       1.0000       0.0000       307.63       0.0000       0.0000     -4.86490E-17  -56.029       0.0000       0.0000       0.0000      -271.73    
  4680.775084       1.0000       0.0000       307.54       0.0000       0.0000      1.91203E-17  -56.175       0.0000       0.0000       0.0000      -273.80    
  4680.873255       1.0000       0.0000       307.38       0.0000       0.0000     -6.75434E-16  -56.462       0.0000       0.0000       0.0000      -277.51    
  4681.000000       1.0000       0.0000       307.18       0.0000       0.0000     -6.59044E-16  -56.829       0.0000       0.0000       0.0000      -281.76    
  4681.000000       1.0000       0.0000       307.18       0.0000       0.0000      1.86484E-17  -56.829       0.0000       0.0000       0.0000      -281.76    
  4681.078537       1.0000       0.0000       306.97       0.0000       0.0000      1.54059E-17  -57.042       0.0000       0.0000       0.0000      -283.02    
  4681.157073       1.0000       0.0000       306.76       0.0000       0.0000      4.68714E-16  -57.244       0.0000       0.0000       0.0000      -284.04    
  4681.314147       1.0000       0.0000       306.32       0.0000       0.0000      1.09440E-16  -57.613       0.0000       0.0000       0.0000      -285.66    
  4681.628294       1.0000       0.0000       305.42       0.0000       0.0000     -3.60081E-16  -58.286       0.0000       0.0000       0.0000      -287.85    
  4682.000000       1.0000       0.0000       304.08       0.0000       0.0000      2.56002E-20  -59.029       0.0000       0.0000       0.0000      -288.81    
  4682.000000       1.0000       0.0000       304.08       0.0000       0.0000     -5.23865E-22  -59.029       0.0000       0.0000       0.0000      -288.81    
  4682.251318       1.0000       0.0000       303.16       0.0000       0.0000     -6.48562E-18  -59.524       0.0000       0.0000       0.0000      -288.96    
  4682.502635       1.0000       0.0000       302.22       0.0000       0.0000      1.61604E-19  -60.013       0.0000       0.0000       0.0000      -288.73    
  4683.000000       1.0000       0.0000       300.28       0.0000       0.0000     -6.96926E-17  -60.971       0.0000       0.0000       0.0000      -287.29    
  4683.000000       1.0000       0.0000       300.28       0.0000       0.0000      1.20740E-20  -60.971       0.0000       0.0000       0.0000      -287.29    
  4683.201054       1.0000       0.0000       299.38       0.0000       0.0000     -6.36436E-19  -61.289       0.0000       0.0000       0.0000      -284.08    
  4683.402108       1.0000       0.0000       298.41       0.0000       0.0000     -6.89897E-20  -61.561       0.0000       0.0000       0.0000      -281.10    
  4683.804216       1.0000       0.0000       286.86       8.9575       0.0000      4.17393E-19  -60.842       0.0000       0.0000       0.0000      -276.29    
  4684.000000       1.0000       0.0000       281.23       13.165       0.0000     -3.03035E-23  -60.380       0.0000       0.0000       0.0000      -274.16    
  4684.000000       1.0000       0.0000       281.23       13.165       0.0000      7.61334E-22  -60.380       0.0000       0.0000       0.0000      -274.16    
  4684.006434       1.0000       0.0000       281.04       13.312       0.0000      6.15591E-20  -60.365       0.0000       0.0000       0.0000      -274.09    
  4684.012867       1.0000       0.0000       280.85       13.459       0.0000      4.88602E-23  -60.347       0.0000       0.0000       0.0000      -273.67    
  4684.023281       1.0000       0.0000       280.53       13.699       0.0000     -1.84507E-20  -60.317       0.0000       0.0000       0.0000      -272.95    
  4684.035208       1.0000       0.0000       280.16       13.975       0.0000      7.53505E-25  -60.282       0.0000       0.0000       0.0000      -272.12    
  4684.052861       1.0000       0.0000       279.60       14.386       0.0000     -2.15880E-19  -60.227       0.0000       0.0000       0.0000      -270.91    
  4684.076880       1.0000       0.0000       278.83       14.950       0.0000      1.43593E-18  -60.147       0.0000       0.0000       0.0000      -269.31    
  4684.097778       1.0000       0.0000       278.14       15.445       0.0000     -3.69362E-19  -60.073       0.0000       0.0000       0.0000      -267.94    
  4684.120423       1.0000       0.0000       277.38       15.986       0.0000     -1.36739E-19  -59.987       0.0000       0.0000       0.0000      -266.49    
  4684.139275       1.0000       0.0000       276.73       16.440       0.0000      1.02969E-18  -59.912       0.0000       0.0000       0.0000      -265.30    
  4684.157926       1.0000       0.0000       276.09       16.891       0.0000      2.38144E-19  -59.834       0.0000       0.0000       0.0000      -264.14    
  4684.175122       1.0000       0.0000       275.50       17.310       0.0000     -3.29501E-19  -59.759       0.0000       0.0000       0.0000      -263.09    
  4684.192204       1.0000       0.0000       274.90       17.729       0.0000     -2.44909E-19  -59.681       0.0000       0.0000       0.0000      -262.07    
  4684.208820       1.0000       0.0000       274.32       18.138       0.0000      1.61627E-19  -59.603       0.0000       0.0000       0.0000      -261.08    
  4684.225480       1.0000       0.0000       273.73       18.549       0.0000      2.44981E-19  -59.523       0.0000       0.0000       0.0000      -260.11    
  4684.242636       1.0000       0.0000       273.11       18.975       0.0000      8.17202E-19  -59.437       0.0000       0.0000       0.0000      -259.13    
  4684.261189       1.0000       0.0000       272.45       19.438       0.0000      2.45393E-19  -59.341       0.0000       0.0000       0.0000      -258.08    
  4684.281348       1.0000       0.0000       271.71       19.943       0.0000      2.72603E-19  -59.234       0.0000       0.0000       0.0000      -256.97    
  4684.303612       1.0000       0.0000       270.90       20.504       0.0000     -2.16014E-20  -59.112       0.0000       0.0000       0.0000      -255.76    
  4684.328532       1.0000       0.0000       269.98       21.135       0.0000     -2.66426E-20  -58.971       0.0000       0.0000       0.0000      -254.44    
  4684.356756       1.0000       0.0000       268.94       21.853       0.0000     -1.94480E-19  -58.806       0.0000       0.0000       0.0000      -252.97    
  4684.389260       1.0000       0.0000       267.72       22.684       0.0000     -1.03628E-18  -58.611       0.0000       0.0000       0.0000      -251.34    
  4684.427364       1.0000       0.0000       266.28       23.665       0.0000      1.65626E-19  -58.374       0.0000       0.0000       0.0000      -249.49    
  4684.473144       1.0000       0.0000       264.54       24.850       0.0000      6.79776E-18  -58.081       0.0000       0.0000       0.0000      -247.35    
  4684.529743       1.0000       0.0000       262.36       26.324       0.0000      2.35119E-18  -57.707       0.0000       0.0000       0.0000      -244.83    
  4684.602625       1.0000       0.0000       259.54       28.236       0.0000     -8.56270E-18  -57.211       0.0000       0.0000       0.0000      -241.79    
  4684.602625       1.0000       0.0000       259.54       28.236       0.0000      8.40048E-22  -57.211       0.0000       0.0000       0.0000      -241.79    
  4684.610956       1.0000       0.0000       259.22       28.456       0.0000     -1.69319E-21  -57.154       0.0000       0.0000       0.0000      -241.44    
  4684.619287       1.0000       0.0000       258.89       28.675       0.0000      9.68538E-19  -57.097       0.0000       0.0000       0.0000      -241.10    
  4684.635950       1.0000       0.0000       258.24       29.115       0.0000      1.52834E-19  -56.982       0.0000       0.0000       0.0000      -240.43    
  4684.669274       1.0000       0.0000       256.94       29.995       0.0000      1.68291E-18  -56.750       0.0000       0.0000       0.0000      -239.11    
  4684.735923       1.0000       0.0000       254.33       31.761       0.0000      4.74307E-18  -56.278       0.0000       0.0000       0.0000      -236.62    
  4684.869222       1.0000       0.0000       246.94       35.303      0.96279      8.40048E-22  -55.335       1.1542       0.0000       1.6380      -232.35    
  4685.000000       1.0000       0.0000       237.35       38.783       2.7818     -1.12176E-19  -54.415       3.3347       0.0000       4.7327      -228.86    
  4685.000000       1.0000       0.0000       237.35       38.783       2.7818      4.99515E-20  -54.415       3.3347       0.0000       4.7327      -228.86    
  4685.106639       1.0000       0.0000       222.65       41.604       7.2314     -7.13327E-22  -53.602       8.6689       0.0000       12.303      -220.00    
  4685.213277       1.0000       0.0000       205.57       44.417       12.050      9.41964E-21  -52.710       14.446       0.0000       20.501      -211.98    
  4685.426554       1.0000       0.0000       154.52       49.979       27.621      1.91813E-19  -50.802       33.112       0.0000       46.991      -201.69    
  4685.756748       1.0000       0.0000       35.596       61.967       64.130      4.74193E-19  -47.419       76.878       0.0000       109.09      -199.07    
  4686.000000       1.0000       0.0000      -73.486       68.193       100.14      6.82220E-19  -45.253       120.05       0.0000       170.34      -205.02    
  4686.000000       1.0000       0.0000      -73.485       68.193       100.14     -4.33466E-22  -45.253       120.05       0.0000       170.34      -205.02    
  4686.034124       1.0000       0.0000      -89.318       69.052       105.36     -8.14312E-03  -44.924       126.31       0.0000       179.22      -201.74    
  4686.068249       1.0000       0.0000      -105.42       69.908       110.59     -2.30493E-02  -44.576       132.57       0.0000       188.10      -197.59    
  4686.077952       1.0000       0.0000      -255.38       70.150       112.07       362.98      -46.523       134.35       0.0000       190.63      -198.46    
  4686.097358       1.0000       0.0000      -528.07       70.635       115.04       925.98      -49.749       137.91       0.0000       195.68      -205.70    
  4686.136170       1.0000       0.0000      -542.98       71.600       120.98       734.74      -48.652       145.02       0.0000       205.77      -219.07    
  4686.181830       1.0000       0.0000      -387.39       72.730       127.96       256.17      -45.370       153.40       0.0000       217.65      -226.64    
  4686.196032       1.0000       0.0000      -338.16       73.080       130.14       121.74      -44.382       156.00       0.0000       221.35      -227.94    
  4686.224435       1.0000       0.0000      -289.31       73.782       133.80       8.2365      -43.202       160.40       0.0000       227.58      -229.17    
  4686.235797       1.0000       0.0000      -283.69       74.062       135.22       0.0000      -42.936       162.10       0.0000       230.00      -229.69    
  4686.258519       1.0000       0.0000      -286.20       74.621       138.07       13.052      -42.593       165.51       0.0000       234.83      -231.19    
  4686.303965       1.0000       0.0000      -314.34       75.735       143.76       68.563      -42.160       172.33       0.0000       244.51      -236.24    
  4686.322143       1.0000       0.0000      -323.61       76.178       146.03       82.014      -41.947       175.06       0.0000       248.37      -238.46    
  4686.358499       1.0000       0.0000      -328.21       77.062       150.58       70.889      -41.313       180.51       0.0000       256.11      -242.86    
  4686.373041       1.0000       0.0000      -328.08       77.414       152.40       61.600      -41.031       182.70       0.0000       259.21      -244.58    
  4686.402126       1.0000       0.0000      -324.92       78.116       155.99       38.355      -40.432       186.99       0.0000       265.30      -247.78    
  4686.413760       1.0000       0.0000      -323.15       78.398       157.12       29.240      -40.187       188.35       0.0000       267.22      -249.02    
  4686.437028       1.0000       0.0000      -320.94       78.961       159.38       15.545      -39.720       191.06       0.0000       271.07      -251.41    
  4686.483564       1.0000       0.0000      -321.38       80.080       163.92       0.0000      -38.853       196.49       0.0000       278.77      -256.13    
  4686.576636       1.0000       0.0000      -341.07       82.295       172.98       0.0000      -37.226       207.36       0.0000       294.18      -266.39    
  4686.613865       1.0000       0.0000      -349.24       83.174       176.22     -1.19869E-19  -36.580       211.24       0.0000       299.68      -270.55    
  4686.688322       1.0000       0.0000      -365.21       84.925       181.39     -9.29361E-19  -35.279       217.44       0.0000       308.48      -278.80    
  4686.837237       1.0000       0.0000      -397.56       88.370       190.71     -3.81844E-24  -32.678       228.61       0.0000       324.32      -294.40    
  4686.847164       1.0000       0.0000      -399.59       88.598       191.13      1.14974E-21  -32.504       229.11       0.0000       325.02      -292.05    
  4686.847164       1.0000       0.0000      -399.59       88.598       191.13     -7.63120E-29  -32.504       229.11       0.0000       325.02      -297.72    
  4686.874463       1.0000       0.0000      -404.65       89.223       192.27     -7.63120E-29  -32.021       230.48       0.0000       326.96      -305.04    
  4686.901763       1.0000       0.0000      -409.62       89.844       193.41     -7.63120E-29  -31.537       231.84       0.0000       328.89      -312.05    
  4686.956362       1.0000       0.0000      -419.29       91.078       195.68     -7.63120E-29  -30.570       234.57       0.0000       332.77      -325.20    
  4687.000000       1.0000       0.0000      -426.88       92.056       197.51     -7.63120E-29  -29.798       236.75       0.0000       335.86      -335.13    
  4687.000000       1.0000       0.0000      -426.88       92.056       197.51     -7.63120E-29  -29.798       236.75       0.0000       335.86      -335.13    
  4687.043679       1.0000       0.0000      -433.13       93.764       198.11     -7.63120E-29  -28.766       237.48       0.0000       336.89      -345.02    
  4687.087358       1.0000       0.0000      -439.43       95.884       198.72     -7.63120E-29  -27.645       238.21       0.0000       337.92      -354.28    
  4687.150293       1.0000       0.0000      -386.27       34.852       199.60     -7.63120E-29  -26.731       239.27       0.0000       339.41      -366.03    
  4687.203309       1.0000       0.0000      -391.40       35.747       200.29     -7.63812E-29  -24.981       240.10       0.0000       340.58      -374.90    
  4687.266602       1.0000       0.0000      -396.29       36.865       200.29     -7.63120E-29  -22.239       240.10       0.0000       340.58      -384.19    
  4687.330669       1.0000       0.0000      -401.13       38.044       200.29     -7.63075E-29  -19.146       240.10       0.0000       340.58      -392.44    
  4687.407310       1.0000       0.0000      -406.79       39.512       200.29     -7.63120E-29  -15.309       240.10       0.0000       340.59      -401.11    
  4687.426106       1.0000       0.0000      -408.18       39.881       200.29     -7.63120E-29  -14.373       240.10       0.0000       340.59      -403.10    
  4687.463698       1.0000       0.0000      -410.91       40.629       200.29     -7.63120E-29  -12.501       240.10       0.0000       340.59      -406.91    
  4687.478735       1.0000       0.0000      -411.99       40.932       200.29     -7.63120E-29  -11.757       240.10       0.0000       340.59      -408.39    
  4687.508809       1.0000       0.0000      -414.15       41.543       200.29     -7.63120E-29  -10.279       240.10       0.0000       340.59      -411.27    
  4687.520838       1.0000       0.0000      -415.00       41.790       200.29     -3.24255E-19  -9.6934       240.10       0.0000       340.59      -412.39    
  4687.544897       1.0000       0.0000      -416.70       42.287       200.29      1.62127E-19  -8.5317       240.10       0.0000       340.59      -414.59    
  4687.593015       1.0000       0.0000      -420.02       43.295       200.29     -1.62127E-19  -6.1716       240.10       0.0000       340.59      -418.82    
  4687.689251       1.0000       0.0000      -426.42       45.360       200.29      1.78340E-18  -1.8938       240.10       0.0000       340.59      -426.55    
  4687.822690       1.0000       0.0000      -434.62       48.112       200.29      9.89980E-22   3.4684       240.10       0.0000       340.60      -435.58    
  4687.951402       1.0000       0.0000      -442.09       50.568       200.29     -9.70077E-20   8.7368       240.10       0.0000       340.61      -442.69    
  4688.000000       1.0000       0.0000      -444.90       51.491       200.29      1.90246E-19   10.909       240.10       0.0000       340.61      -445.10    
  4688.000000       1.0000       0.0000      -444.90       51.491       200.29      1.50926E-23   10.909       240.10       0.0000       340.61      -445.10    
  4688.050348       1.0000       0.0000      -447.78       52.445       200.29     -2.51815E-21   13.015       240.10       0.0000       340.61      -447.04    
  4688.100696       1.0000       0.0000      -450.63       53.394       200.29     -5.05139E-21   15.119       240.10       0.0000       340.61      -448.77    
  4688.201392       1.0000       0.0000      -456.23       55.282       200.29     -1.01179E-20   19.284       240.10       0.0000       340.62      -451.67    
  4688.201392       1.0000       0.0000      -456.23       55.282       200.29     -6.40711E-23   19.284       240.10       0.0000       340.62      -451.67    
  4688.241670       1.0000       0.0000      -458.46       56.032       200.29     -6.40711E-23   20.962       240.10       0.0000       340.62      -452.70    
  4688.281949       1.0000       0.0000      -460.68       56.780       200.29     -6.40711E-23   22.634       240.10       0.0000       340.62      -453.64    
  4688.362505       1.0000       0.0000      -465.07       58.264       200.29     -6.40711E-23   25.944       240.10       0.0000       340.63      -455.18    
  4688.362505       1.0000       0.0000      -465.07       58.264       200.29      1.50926E-23   25.944       240.10       0.0000       340.63      -455.18    
  4688.394728       1.0000       0.0000      -466.82       58.854       200.29      1.50926E-23   27.273       240.10       0.0000       340.63      -455.73    
  4688.426951       1.0000       0.0000      -468.05       58.936       200.29      1.50926E-23   28.543       240.10       0.0000       340.63      -456.22    
  4688.491396       1.0000       0.0000      -471.37       59.997       200.29      1.50926E-23   31.133       240.10       0.0000       340.64      -457.02    
  4688.620287       1.0000       0.0000      -477.91       62.087       200.29      1.50926E-23   36.228       240.10       0.0000       340.65      -458.05    
  4688.878068       1.0000       0.0000      -490.49       66.121       200.29     -1.29700E-18   45.953       240.10       0.0000       340.66      -458.53    
  4689.000000       1.0000       0.0000      -496.27       67.954       200.29     -2.08162E-19   50.391       240.10       0.0000       340.67      -458.27    
  4689.000000       1.0000       0.0000      -496.27       67.954       200.29      6.96766E-23   50.391       240.10       0.0000       340.67      -458.27    
  4689.086572       1.0000       0.0000      -500.27       69.225       200.29      6.96766E-23   53.500       240.10       0.0000       340.68      -457.60    
  4689.173145       1.0000       0.0000      -504.18       70.468       200.29      6.96766E-23   56.564       240.10       0.0000       340.68      -456.91    
  4689.189801       1.0000       0.0000      -504.93       70.704       200.29      6.96766E-23   57.152       240.10       0.0000       340.68      -456.78    
  4689.223112       1.0000       0.0000      -506.41       71.173       200.29     -2.59397E-18   58.327       240.10       0.0000       340.68      -456.50    
  4689.223112       1.0000       0.0000      -506.41       71.173       200.29      6.96766E-23   58.327       240.10       0.0000       340.68      -456.50    
  4689.292370       1.0000       0.0000      -509.44       72.134       200.29      6.96766E-23   60.724       240.10       0.0000       340.69      -454.47    
  4689.361628       1.0000       0.0000      -512.43       73.076       200.29      6.96766E-23   63.090       240.10       0.0000       340.69      -452.92    
  4689.500144       1.0000       0.0000      -518.21       74.908       200.29      6.96766E-23   67.702       240.10       0.0000       340.70      -450.36    
  4689.777176       1.0000       0.0000      -529.10       78.343       200.29      6.96766E-23   76.540       240.10       0.0000       340.71      -445.91    
  4690.000000       1.0000       0.0000      -537.34       80.856       200.29     -1.03761E-17   83.373       240.09       0.0000       340.72      -442.70    
  4690.000000       1.0000       0.0000      -537.34       80.856       200.29      6.96766E-23   83.373       240.09       0.0000       340.72      -442.70    
  4690.221626       1.0000       0.0000      -544.56       83.121       200.29      6.96766E-23   89.504       240.09       0.0000       340.73      -439.38    
  4690.443251       1.0000       0.0000      -550.93       85.136       200.29      6.96766E-23   95.068       240.09       0.0000       340.74      -436.61    
  4690.886502       1.0000       0.0000      -561.15       88.398       200.29     -2.01962E-20   104.57       240.09       0.0000       340.75      -432.89    
  4690.886502       1.0000       0.0000      -561.15       88.398       200.29     -9.48721E-24   104.57       240.09       0.0000       340.75      -432.89    
  4690.943251       1.0000       0.0000      -562.35       88.740       200.29     -9.48721E-24   105.74       240.09       0.0000       340.75      -432.43    
  4691.000000       1.0000       0.0000      -563.49       89.066       200.29      5.18807E-18   106.87       240.09       0.0000       340.76      -432.00    
  4691.000000       1.0000       0.0000      -563.49       89.066       200.29     -9.23316E-24   106.87       240.09       0.0000       340.76      -432.00    
  4691.045399       1.0000       0.0000      -564.36       89.313       200.29     -9.23316E-24   107.74       240.09       0.0000       340.76      -431.62    
  4691.090798       1.0000       0.0000      -565.19       89.550       200.29     -9.23316E-24   108.59       240.09       0.0000       340.76      -431.27    
  4691.181596       1.0000       0.0000      -566.70       89.989       200.29     -9.23316E-24   110.18       240.09       0.0000       340.76      -430.65    
  4691.363193       1.0000       0.0000      -569.23       90.732       200.29     -9.23316E-24   113.01       240.09       0.0000       340.76      -429.69    
  4691.726385       1.0000       0.0000      -572.59       91.672       200.29     -9.23316E-24   117.54       240.09       0.0000       340.77      -428.68    
  4692.000000       1.0000       0.0000      -573.97       91.894       200.29      4.05226E-20   120.26       240.09       0.0000       340.78      -428.32    
  4692.000000       1.0000       0.0000      -573.97       91.894       200.29     -9.23316E-24   120.26       240.09       0.0000       340.78      -428.32    
  4692.290554       1.0000       0.0000      -573.86       91.671       200.29      6.62314E-25   122.06       240.09       0.0000       340.78      -428.09    
  4692.581108       1.0000       0.0000      -572.35       90.977       200.29      4.38467E-26   122.92       240.09       0.0000       340.78      -428.23    
  4693.000000       1.0000       0.0000      -567.86       89.156       200.29     -8.47797E-25   122.64       240.09       0.0000       340.79      -428.96    
  4693.000000       1.0000       0.0000      -567.86       89.156       200.29     -8.47797E-25   122.64       240.09       0.0000       340.79      -428.96    
  4693.232443       1.0000       0.0000      -563.96       87.734       200.29     -8.47797E-25   121.48       240.09       0.0000       340.79      -429.13    
  4693.464887       1.0000       0.0000      -559.02       86.026       200.29     -4.05327E-20   119.58       240.09       0.0000       340.79      -429.51    
  4693.929773       1.0000       0.0000      -546.41       81.767       200.29     -8.47797E-25   113.87       240.09       0.0000       340.80      -430.61    
  4694.000000       1.0000       0.0000      -544.35       81.029       200.29      6.12199E-21   112.93       240.09       0.0000       340.80      -430.79    
  4694.000000       1.0000       0.0000      -544.35       81.029       200.29     -5.27839E-23   112.93       240.09       0.0000       340.80      -430.79    
  4694.371909       1.0000       0.0000      -530.92       76.735       200.29     -5.27839E-23   105.93       240.10       0.0000       340.80      -431.22    
  4694.743819       1.0000       0.0000      -515.51       71.854       200.29     -5.27839E-23   97.524       240.10       0.0000       340.80      -431.51    
  4695.000000       1.0000       0.0000      -504.10       68.188       200.29     -5.27839E-23   91.197       240.10       0.0000       340.80      -431.69    
  4695.000000       1.0000       0.0000      -504.10       68.188       200.29      6.58895E-24   91.197       240.10       0.0000       340.80      -431.71    
  4695.297527       1.0000       0.0000      -489.80       63.642       200.29      6.58895E-24   83.089       240.10       0.0000       340.80      -432.00    
  4695.595055       1.0000       0.0000      -475.33       59.326       200.29      6.58895E-24   74.578       240.10       0.0000       340.80      -432.38    
  4696.000000       1.0000       0.0000      -446.24       51.799       197.51      6.58895E-24   62.129       236.77       0.0000       336.06      -432.21    
  4696.000000       1.0000       0.0000      -446.24       51.799       197.51      6.58895E-24   62.129       236.77       0.0000       336.06      -432.28    
  4696.026105       1.0000       0.0000      -442.91       51.310       196.42      6.58895E-24   61.344       235.46       0.0000       334.21      -432.17    
  4696.052211       1.0000       0.0000      -439.37       50.819       195.33      6.58895E-24   60.554       234.15       0.0000       332.36      -432.00    
  4696.104422       1.0000       0.0000      -431.68       49.837       193.15      6.58895E-24   58.956       231.54       0.0000       328.65      -431.50    
  4696.104422       1.0000       0.0000      -431.68       49.837       193.15      6.58895E-24   58.956       231.54       0.0000       328.65      -431.49    
  4696.125306       1.0000       0.0000      -428.52       49.443       192.28      6.58895E-24   58.316       230.50       0.0000       327.17      -431.26    
  4696.146190       1.0000       0.0000      -425.28       49.048       191.41      1.03762E-17   57.672       229.45       0.0000       325.68      -431.01    
  4696.187959       1.0000       0.0000      -418.56       48.259       189.66      6.58900E-24   56.373       227.36       0.0000       322.72      -430.42    
  4696.271496       1.0000       0.0000      -400.70       46.655       184.19      6.58895E-24   53.772       220.80       0.0000       313.40      -428.72    
  4696.438571       1.0000       0.0000      -357.42       43.111       171.50      6.58895E-24   48.576       205.59       0.0000       291.81      -423.46    
  4696.772720       1.0000       0.0000      -235.91       36.780       134.16      6.58895E-24   38.293       160.83       0.0000       228.28      -404.70    
  4697.000000       1.0000       0.0000      -183.54       93.035       100.14      6.58895E-24   27.443       120.04       0.0000       170.40      -387.40    
  4697.000000       1.0000       0.0000      -183.55       93.035       100.14      2.34185E-22   27.443       120.04       0.0000       170.40      -387.41    
  4697.005541       1.0000       0.0000      -180.61       92.810       99.296      2.17618E-19   27.173       119.03       0.0000       168.96      -386.98    
  4697.011081       1.0000       0.0000      -177.73       92.623       98.448     -1.32930E-21   26.907       118.01       0.0000       167.52      -386.54    
  4697.015515       1.0000       0.0000      -175.48       92.527       97.770      6.49793E-22   26.708       117.20       0.0000       166.36      -386.17    
  4697.020775       1.0000       0.0000      -172.80       92.412       96.965     -3.96815E-21   26.469       116.23       0.0000       165.00      -385.73    
  4697.026264       1.0000       0.0000      -170.00       92.293       96.125     -3.71992E-21   26.216       115.23       0.0000       163.57      -385.28    
  4697.032896       1.0000       0.0000      -166.61       92.149       95.111     -3.42002E-21   25.907       114.01       0.0000       161.84      -384.72    
  4697.040928       1.0000       0.0000      -162.47       91.973       93.882      2.00972E-21   25.528       112.54       0.0000       159.75      -384.04    
  4697.052239       1.0000       0.0000      -156.60       91.726       92.151      9.65565E-21   24.991       110.46       0.0000       156.80      -383.07    
  4697.066491       1.0000       0.0000      -149.16       91.414       89.971      1.92894E-20   24.313       107.85       0.0000       153.09      -381.84    
  4697.083985       1.0000       0.0000      -139.98       91.030       87.294      3.11145E-20   23.489       104.64       0.0000       148.54      -380.31    
  4697.099707       1.0000       0.0000      -131.70       90.684       84.889     -3.93218E-20   22.759       101.76       0.0000       144.45      -378.92    
  4697.117630       1.0000       0.0000      -122.23       90.288       82.147      4.25076E-20   21.946       98.471       0.0000       139.78      -377.32    
  4697.135959       1.0000       0.0000      -112.51       89.882       79.342      4.51270E-20   21.139       95.110       0.0000       135.01      -375.66    
  4697.156833       1.0000       0.0000      -101.43       89.418       76.149      4.81101E-20   20.252       91.282       0.0000       129.58      -373.75    
  4697.179761       1.0000       0.0000      -89.244       88.906       72.641     -1.10741E-19   19.320       87.077       0.0000       123.61      -371.64    
  4697.185048       1.0000       0.0000      -86.429       88.788       71.832     -5.56691E-30   19.108       86.107       0.0000       122.23      -371.14    
  4697.195624       1.0000       0.0000      -80.799       88.551       70.214     -1.44394E-21   18.692       84.167       0.0000       119.48      -370.15    
  4697.216774       1.0000       0.0000      -70.268       88.073       67.444      2.41028E-24   17.890       80.848       0.0000       114.76      -368.17    
  4697.246180       1.0000       0.0000      -56.112       87.405       63.763     -5.19964E-22   16.836       76.436       0.0000       108.50      -365.45    
  4697.283125       1.0000       0.0000      -38.674       86.561       59.139     -1.17626E-21   15.610       70.892       0.0000       100.63      -362.07    
  4697.329032       1.0000       0.0000      -17.434       85.505       53.392      5.41480E-22   14.218       64.003       0.0000       90.854      -357.89    
  4697.386995       1.0000       0.0000       8.7009       84.160       46.136      2.71033E-21   12.637       55.306       0.0000       78.508      -352.62    
  4697.462957       1.0000       0.0000       38.083       82.370       38.379      5.55267E-21   10.768       46.007       0.0000       65.307      -345.89    
  4697.567809       1.0000       0.0000       76.140       79.861       28.170      9.47600E-21   8.4902       33.769       0.0000       47.936      -336.91    
  4697.724021       1.0000       0.0000       123.00       76.033       16.411      1.53211E-20   5.4574       19.673       0.0000       27.926      -321.93    
  4697.724021       1.0000       0.0000       123.00       76.033       16.411      1.21656E-22   5.4574       19.673       0.0000       27.926      -321.86    
  4697.727568       1.0000       0.0000       124.05       75.945       16.164      1.21656E-22   5.3891       19.377       0.0000       27.507      -322.97    
  4697.731114       1.0000       0.0000       125.10       75.857       15.918      1.21656E-22   5.3210       19.082       0.0000       27.087      -322.72    
  4697.738208       1.0000       0.0000       127.18       75.681       15.424      1.21656E-22   5.1856       18.490       0.0000       26.248      -322.00    
  4697.752394       1.0000       0.0000       131.30       75.328       14.438     -1.29690E-18   4.9165       17.308       0.0000       24.569      -320.55    
  4697.780767       1.0000       0.0000       139.32       74.620       12.465      1.21656E-22   4.3904       14.942       0.0000       21.211      -317.72    
  4697.837514       1.0000       0.0000       152.98       73.191       9.5618      1.21656E-22   3.3539       11.462       0.0000       16.271      -312.30    
  4697.951006       1.0000       0.0000       175.70       70.297       4.8261      1.21655E-22   1.3323       5.7854       0.0000       8.2127      -302.40    
  4698.000000       1.0000       0.0000       185.12       69.035       2.7818      1.21655E-22  0.42697       3.3347       0.0000       4.7338      -298.21    
  4698.000000       1.0000       0.0000       185.12       69.035       2.7818      1.21655E-22  0.42697       3.3347       0.0000       4.7338      -298.20    
  4698.090794       1.0000       0.0000       196.48       66.665       1.5189      1.21655E-22  -1.1406       1.8209       0.0000       2.5848      -292.35    
  4698.181588       1.0000       0.0000       206.16       64.271      0.25609      1.21655E-22  -2.5507      0.30700       0.0000      0.43579      -287.02    
  4698.363176       1.0000       0.0000       217.38       59.405       0.0000      1.03763E-17  -5.0885       0.0000       0.0000       0.0000      -278.30    
  4698.651298       1.0000       0.0000       233.56       48.374       0.0000      8.99509E-19  -9.2895       0.0000       0.0000       0.0000      -267.36    
  4698.983799       1.0000       0.0000       246.72       39.531       0.0000     -2.25485E-18  -13.861       0.0000       0.0000       0.0000      -256.94    
  4698.983799       1.0000       0.0000       246.72       39.531       0.0000      5.54616E-20  -13.861       0.0000       0.0000       0.0000      -256.91    
  4698.991899       1.0000       0.0000       247.04       39.315       0.0000      4.53286E-20  -13.986       0.0000       0.0000       0.0000      -256.64    
  4699.000000       1.0000       0.0000       247.36       39.098       0.0000      2.48407E-17  -14.110       0.0000       0.0000       0.0000      -256.37    
  4699.000000       1.0000       0.0000       247.36       39.098       0.0000     -1.32994E-21  -14.110       0.0000       0.0000       0.0000      -256.37    
  4699.006480       1.0000       0.0000       247.62       38.925       0.0000     -1.07726E-19  -14.209       0.0000       0.0000       0.0000      -256.16    
  4699.012961       1.0000       0.0000       247.88       38.753       0.0000      1.08456E-21  -14.307       0.0000       0.0000       0.0000      -256.00    
  4699.025922       1.0000       0.0000       248.39       38.407       0.0000      6.29519E-17  -14.503       0.0000       0.0000       0.0000      -255.69    
  4699.051844       1.0000       0.0000       249.40       37.715       0.0000     -1.55081E-17  -14.894       0.0000       0.0000       0.0000      -255.08    
  4699.103687       1.0000       0.0000       251.40       36.332       0.0000      1.37244E-18  -15.658       0.0000       0.0000       0.0000      -253.91    
  4699.207374       1.0000       0.0000       255.29       33.569       0.0000     -3.77701E-18  -17.047       0.0000       0.0000       0.0000      -251.70    
  4699.414749       1.0000       0.0000       262.79       28.080       0.0000     -1.32940E-19  -19.646       0.0000       0.0000       0.0000      -247.70    
  4699.829497       1.0000       0.0000       276.99       17.486       0.0000      1.96712E-18  -24.668       0.0000       0.0000       0.0000      -240.70    
  4700.000000       1.0000       0.0000       282.47       13.440       0.0000     -4.12101E-19  -26.709       0.0000       0.0000       0.0000      -237.68    
  4700.000000       1.0000       0.0000       282.47       13.440       0.0000     -7.65912E-22  -26.709       0.0000       0.0000       0.0000      -237.68    
  4700.331799       1.0000       0.0000       291.84       6.6434       0.0000     -2.03253E-21  -30.491       0.0000       0.0000       0.0000      -232.19    
  4700.663598       1.0000       0.0000       300.88       0.0000       0.0000     -3.68086E-19  -34.206       0.0000       0.0000       0.0000      -226.60    
  4701.000000       1.0000       0.0000       302.82       0.0000       0.0000      1.11951E-19  -37.118       0.0000       0.0000       0.0000      -220.80    
  4701.000000       1.0000       0.0000       302.82       0.0000       0.0000     -1.41111E-21  -37.118       0.0000       0.0000       0.0000      -220.80    
  4701.265439       1.0000       0.0000       303.83       0.0000       0.0000      1.60716E-19  -39.008       0.0000       0.0000       0.0000      -219.10    
  4701.530878       1.0000       0.0000       304.54       0.0000       0.0000      1.88548E-20  -40.679       0.0000       0.0000       0.0000      -216.97    
  4701.845387       1.0000       0.0000       305.13       0.0000       0.0000     -1.49231E-19  -42.519       0.0000       0.0000       0.0000      -213.85    
  4701.845387       1.0000       0.0000       305.13       0.0000       0.0000     -1.03682E-21  -42.519       0.0000       0.0000       0.0000      -213.85    
  4701.922693       1.0000       0.0000       305.26       0.0000       0.0000     -1.03682E-21  -42.966       0.0000       0.0000       0.0000      -212.92    
  4702.000000       1.0000       0.0000       305.38       0.0000       0.0000      4.04282E-19  -43.408       0.0000       0.0000       0.0000      -211.95    
  4702.000000       1.0000       0.0000       305.38       0.0000       0.0000      4.02967E-21  -43.408       0.0000       0.0000       0.0000      -211.95    
  4702.061845       1.0000       0.0000       305.48       0.0000       0.0000      4.02967E-21  -43.759       0.0000       0.0000       0.0000      -211.14    
  4702.123690       1.0000       0.0000       305.57       0.0000       0.0000     -9.73000E-20  -44.108       0.0000       0.0000       0.0000      -210.31    
  4702.247381       1.0000       0.0000       305.75       0.0000       0.0000      1.00762E-17  -44.800       0.0000       0.0000       0.0000      -208.62    
  4702.320319       1.0000       0.0000       305.85       0.0000       0.0000      4.40215E-18  -45.207       0.0000       0.0000       0.0000      -207.56    
  4702.320319       1.0000       0.0000       305.85       0.0000       0.0000     -1.89994E-21  -45.207       0.0000       0.0000       0.0000      -211.08    
  4702.419271       1.0000       0.0000       306.29       0.0000       0.0000     -2.55541E-18  -45.754       0.0000       0.0000       0.0000      -214.95    
  4702.518223       1.0000       0.0000       306.61       0.0000       0.0000     -2.19062E-18  -46.269       0.0000       0.0000       0.0000      -219.37    
  4702.643255       1.0000       0.0000       306.91       0.0000       0.0000     -1.72969E-18  -46.927       0.0000       0.0000       0.0000      -224.28    
  4702.799802       1.0000       0.0000       307.21       0.0000       0.0000     -2.19049E-17  -47.756       0.0000       0.0000       0.0000      -229.50    
  4703.000000       1.0000       0.0000       307.52       0.0000       0.0000     -8.06490E-20  -48.819       0.0000       0.0000       0.0000      -234.89    
