#      time         order        anzahl_ka1   anzahl_kal   anzahl_wa1   anzahl_war   pmv_1        ppd_1     
  4679.000000       1.0000       0.0000       0.0000       0.0000       0.0000       0.0000       0.0000    
  4679.400000       1.0000       0.0000       0.0000       0.0000       0.0000       0.0000       0.0000    
  4679.800000       1.0000       0.0000       0.0000       0.0000       0.0000       0.0000       0.0000    
  4680.000000       1.0000       0.0000       0.0000       0.0000       0.0000       0.0000       0.0000    
  4680.000000       1.0000       0.0000       0.0000       0.0000       0.0000       0.0000       0.0000    
  4680.002746       1.0000       0.0000       0.0000       0.0000       0.0000       0.0000       0.0000    
  4680.005491       1.0000       0.0000       0.0000       0.0000       0.0000       0.0000       0.0000    
  4680.007168       1.0000       0.0000       0.0000       0.0000       0.0000       0.0000       0.0000    
  4680.007168       1.0000       0.0000       0.0000       0.0000       0.0000       0.0000       0.0000    
  4680.009364       1.0000       0.0000       0.0000       0.0000       0.0000       0.0000       0.0000    
  4680.011560       1.0000       0.0000       0.0000       0.0000       0.0000       0.0000       0.0000    
  4680.015953       1.0000       0.0000       0.0000       0.0000       0.0000       0.0000       0.0000    
  4680.024739       1.0000       0.0000       0.0000       0.0000       0.0000       0.0000       0.0000    
  4680.042311       1.0000       0.0000       0.0000       0.0000       0.0000       0.0000       0.0000    
  4680.077454       1.0000       0.0000       0.0000       0.0000       0.0000       0.0000       0.0000    
  4680.147740       1.0000       0.0000       0.0000       0.0000       0.0000       0.0000       0.0000    
  4680.288312       1.0000       0.0000       0.0000       0.0000       0.0000       0.0000       0.0000    
  4680.569457       1.0000       0.0000       0.0000       0.0000       0.0000       0.0000       0.0000    
  4680.676913       1.0000       0.0000       0.0000       0.0000       0.0000       0.0000       0.0000    
  4680.676913       1.0000       0.0000       0.0000       0.0000       0.0000       0.0000       0.0000    
  4680.725999       1.0000       0.0000       0.0000       0.0000       0.0000       0.0000       0.0000    
  4680.775084       1.0000       0.0000       0.0000       0.0000       0.0000       0.0000       0.0000    
  4680.873255       1.0000       0.0000       0.0000       0.0000       0.0000       0.0000       0.0000    
  4681.000000       1.0000       0.0000       0.0000       0.0000       0.0000       0.0000       0.0000    
  4681.000000       1.0000       0.0000       0.0000       0.0000       0.0000       0.0000       0.0000    
  4681.078537       1.0000       0.0000       0.0000       0.0000       0.0000       0.0000       0.0000    
  4681.157073       1.0000       0.0000       0.0000       0.0000       0.0000       0.0000       0.0000    
  4681.314147       1.0000       0.0000       0.0000       0.0000       0.0000       0.0000       0.0000    
  4681.628294       1.0000       0.0000       0.0000       0.0000       0.0000       0.0000       0.0000    
  4682.000000       1.0000       0.0000       0.0000       0.0000       0.0000       0.0000       0.0000    
  4682.000000       1.0000       0.0000       0.0000       0.0000       0.0000       0.0000       0.0000    
  4682.251318       1.0000       0.0000       0.0000       0.0000       0.0000       0.0000       0.0000    
  4682.502635       1.0000       0.0000       0.0000       0.0000       0.0000       0.0000       0.0000    
  4683.000000       1.0000       0.0000       0.0000       0.0000       0.0000       0.0000       0.0000    
  4683.000000       1.0000       0.0000       0.0000       0.0000       0.0000       0.0000       0.0000    
  4683.201054       1.0000       0.0000       0.0000       0.0000       0.0000       0.0000       0.0000    
  4683.402108       1.0000       0.0000       0.0000       0.0000       0.0000       0.0000       0.0000    
  4683.804216       1.0000       0.0000       0.0000       0.0000       0.0000       0.0000       0.0000    
  4684.000000       1.0000       0.0000       0.0000       0.0000       0.0000       0.0000       0.0000    
  4684.000000       1.0000       0.0000       0.0000       0.0000       0.0000       0.0000       0.0000    
  4684.006434       1.0000       0.0000       0.0000       0.0000       0.0000       0.0000       0.0000    
  4684.012867       1.0000       0.0000       0.0000       0.0000       0.0000       0.0000       0.0000    
  4684.023281       1.0000       0.0000       0.0000       0.0000       0.0000       0.0000       0.0000    
  4684.035208       1.0000       0.0000       0.0000       0.0000       0.0000       0.0000       0.0000    
  4684.052861       1.0000       0.0000       0.0000       0.0000       0.0000       0.0000       0.0000    
  4684.076880       1.0000       0.0000       0.0000       0.0000       0.0000       0.0000       0.0000    
  4684.097778       1.0000       0.0000       0.0000       0.0000       0.0000       0.0000       0.0000    
  4684.120423       1.0000       0.0000       0.0000       0.0000       0.0000       0.0000       0.0000    
  4684.139275       1.0000       0.0000       0.0000       0.0000       0.0000       0.0000       0.0000    
  4684.157926       1.0000       0.0000       0.0000       0.0000       0.0000       0.0000       0.0000    
  4684.175122       1.0000       0.0000       0.0000       0.0000       0.0000       0.0000       0.0000    
  4684.192204       1.0000       0.0000       0.0000       0.0000       0.0000       0.0000       0.0000    
  4684.208820       1.0000       0.0000       0.0000       0.0000       0.0000       0.0000       0.0000    
  4684.225480       1.0000       0.0000       0.0000       0.0000       0.0000       0.0000       0.0000    
  4684.242636       1.0000       0.0000       0.0000       0.0000       0.0000       0.0000       0.0000    
  4684.261189       1.0000       0.0000       0.0000       0.0000       0.0000       0.0000       0.0000    
  4684.281348       1.0000       0.0000       0.0000       0.0000       0.0000       0.0000       0.0000    
  4684.303612       1.0000       0.0000       0.0000       0.0000       0.0000       0.0000       0.0000    
  4684.328532       1.0000       0.0000       0.0000       0.0000       0.0000       0.0000       0.0000    
  4684.356756       1.0000       0.0000       0.0000       0.0000       0.0000       0.0000       0.0000    
  4684.389260       1.0000       0.0000       0.0000       0.0000       0.0000       0.0000       0.0000    
  4684.427364       1.0000       0.0000       0.0000       0.0000       0.0000       0.0000       0.0000    
  4684.473144       1.0000       0.0000       0.0000       0.0000       0.0000       0.0000       0.0000    
  4684.529743       1.0000       0.0000       0.0000       0.0000       0.0000       0.0000       0.0000    
  4684.602625       1.0000       0.0000       0.0000       0.0000       0.0000       0.0000       0.0000    
  4684.602625       1.0000       0.0000       0.0000       0.0000       0.0000       0.0000       0.0000    
  4684.610956       1.0000       0.0000       0.0000       0.0000       0.0000       0.0000       0.0000    
  4684.619287       1.0000       0.0000       0.0000       0.0000       0.0000       0.0000       0.0000    
  4684.635950       1.0000       0.0000       0.0000       0.0000       0.0000       0.0000       0.0000    
  4684.669274       1.0000       0.0000       0.0000       0.0000       0.0000       0.0000       0.0000    
  4684.735923       1.0000       0.0000       0.0000       0.0000       0.0000       0.0000       0.0000    
  4684.869222       1.0000       0.0000       0.0000       0.0000       0.0000     -0.26260       6.4317    
  4685.000000       1.0000       0.0000       0.0000       0.0000       0.0000     -0.26367       6.4435    
  4685.000000       1.0000       0.0000       0.0000       0.0000       0.0000     -0.26368       6.4436    
  4685.106639       1.0000       0.0000       0.0000       0.0000       0.0000     -0.26350       6.4416    
  4685.213277       1.0000       0.0000       0.0000       0.0000       0.0000     -0.26274       6.4333    
  4685.426554       1.0000       0.0000       0.0000       0.0000       0.0000     -0.25826       6.3847    
  4685.756748       1.0000       0.0000       0.0000       0.0000       0.0000     -0.24368       6.2323    
  4686.000000       1.0000       0.0000       0.0000       0.0000       0.0000     -0.22793       6.0779    
  4686.000000       1.0000       0.0000       0.0000       0.0000       0.0000     -0.22793       6.0779    
  4686.034124       1.0000       0.0000       0.0000       0.0000       0.0000     -0.22559       6.0558    
  4686.068249       1.0000       0.0000       0.0000       0.0000       0.0000     -0.22312       6.0327    
  4686.077952       1.0000       0.0000       0.0000       0.0000       0.0000     -0.22241       6.0262    
  4686.097358       1.0000       0.0000       0.0000       0.0000       0.0000     -0.22095       6.0127    
  4686.136170       1.0000       0.0000       0.0000       0.0000       0.0000     -0.21793       5.9852    
  4686.181830       1.0000       0.0000       0.0000       0.0000       0.0000     -0.21430       5.9525    
  4686.196032       1.0000       0.0000       0.0000       0.0000       0.0000     -0.21316       5.9424    
  4686.224435       1.0000       0.0000       0.0000       0.0000       0.0000     -0.21095       5.9230    
  4686.235797       1.0000       0.0000       0.0000       0.0000       0.0000     -0.21007       5.9153    
  4686.258519       1.0000       0.0000       0.0000       0.0000       0.0000     -0.20833       5.9001    
  4686.303965       1.0000       0.0000       0.0000       0.0000       0.0000     -0.20486       5.8704    
  4686.322143       1.0000       0.0000       0.0000       0.0000       0.0000     -0.20348       5.8586    
  4686.358499       1.0000       0.0000       0.0000       0.0000       0.0000     -0.20072       5.8354    
  4686.373041       1.0000       0.0000       0.0000       0.0000       0.0000     -0.19961       5.8263    
  4686.402126       1.0000       0.0000       0.0000       0.0000       0.0000     -0.19741       5.8081    
  4686.413760       1.0000       0.0000       0.0000       0.0000       0.0000     -0.19657       5.8012    
  4686.437028       1.0000       0.0000       0.0000       0.0000       0.0000     -0.19490       5.7877    
  4686.483564       1.0000       0.0000       0.0000       0.0000       0.0000     -0.19164       5.7615    
  4686.576636       1.0000       0.0000       0.0000       0.0000       0.0000     -0.18528       5.7117    
  4686.613865       1.0000       0.0000       0.0000       0.0000       0.0000     -0.18282       5.6929    
  4686.688322       1.0000       0.0000       0.0000       0.0000       0.0000     -0.17824       5.6585    
  4686.837237       1.0000       0.0000       0.0000       0.0000       0.0000     -0.16982       5.5977    
  4686.847164       1.0000       0.0000       0.0000       0.0000       0.0000     -0.16925       5.5937    
  4686.847164       1.0000       0.0000       0.0000       0.0000       0.0000     -0.16925       5.5937    
  4686.874463       1.0000       0.0000       0.0000       0.0000       0.0000     -0.16784       5.5839    
  4686.901763       1.0000       0.0000       0.0000       0.0000       0.0000     -0.16649       5.5745    
  4686.956362       1.0000       0.0000       0.0000       0.0000       0.0000     -0.16395       5.5571    
  4687.000000       1.0000       0.0000       0.0000       0.0000       0.0000     -0.16202       5.5440    
  4687.000000       1.0000       0.0000       0.0000       0.0000       0.0000     -0.16202       5.5440    
  4687.043679       1.0000       0.0000       0.0000       0.0000       0.0000     -0.16036       5.5330    
  4687.087358       1.0000       0.0000       0.0000       0.0000       0.0000     -0.15885       5.5229    
  4687.150293       1.0000       0.0000       0.0000       0.0000       0.0000     -0.15689       5.5101    
  4687.203309       1.0000       0.0000       0.0000       0.0000       0.0000     -0.15536       5.5002    
  4687.266602       1.0000       0.0000       0.0000       0.0000       0.0000     -0.15384       5.4904    
  4687.330669       1.0000       0.0000       0.0000       0.0000       0.0000     -0.15247       5.4817    
  4687.407310       1.0000       0.0000       0.0000       0.0000       0.0000     -0.15101       5.4726    
  4687.426106       1.0000       0.0000       0.0000       0.0000       0.0000     -0.15067       5.4704    
  4687.463698       1.0000       0.0000       0.0000       0.0000       0.0000     -0.15000       5.4662    
  4687.478735       1.0000       0.0000       0.0000       0.0000       0.0000     -0.14975       5.4646    
  4687.508809       1.0000       0.0000       0.0000       0.0000       0.0000     -0.14924       5.4615    
  4687.520838       1.0000       0.0000       0.0000       0.0000       0.0000     -0.14905       5.4603    
  4687.544897       1.0000       0.0000       0.0000       0.0000       0.0000     -0.14866       5.4579    
  4687.593015       1.0000       0.0000       0.0000       0.0000       0.0000     -0.14794       5.4535    
  4687.689251       1.0000       0.0000       0.0000       0.0000       0.0000     -0.14661       5.4453    
  4687.822690       1.0000       0.0000       0.0000       0.0000       0.0000     -0.14495       5.4353    
  4687.951402       1.0000       0.0000       0.0000       0.0000       0.0000     -0.14347       5.4265    
  4688.000000       1.0000       0.0000       0.0000       0.0000       0.0000     -0.14293       5.4233    
  4688.000000       1.0000       0.0000       0.0000       0.0000       0.0000     -0.14293       5.4233    
  4688.050348       1.0000       0.0000       0.0000       0.0000       0.0000     -0.14239       5.4201    
  4688.100696       1.0000       0.0000       0.0000       0.0000       0.0000     -0.14185       5.4169    
  4688.201392       1.0000       0.0000       0.0000       0.0000       0.0000     -0.14083       5.4109    
  4688.201392       1.0000       0.0000       0.0000       0.0000       0.0000     -0.14083       5.4109    
  4688.241670       1.0000       0.0000       0.0000       0.0000       0.0000     -0.14042       5.4085    
  4688.281949       1.0000       0.0000       0.0000       0.0000       0.0000     -0.14002       5.4062    
  4688.362505       1.0000       0.0000       0.0000       0.0000       0.0000     -0.13923       5.4016    
  4688.362505       1.0000       0.0000       0.0000       0.0000       0.0000     -0.13923       5.4016    
  4688.394728       1.0000       0.0000       0.0000       0.0000       0.0000     -0.13891       5.3998    
  4688.426951       1.0000       0.0000       0.0000       0.0000       0.0000     -0.13841       5.3969    
  4688.491396       1.0000       0.0000       0.0000       0.0000       0.0000     -0.13770       5.3929    
  4688.620287       1.0000       0.0000       0.0000       0.0000       0.0000     -0.13635       5.3852    
  4688.878068       1.0000       0.0000       0.0000       0.0000       0.0000     -0.13366       5.3701    
  4689.000000       1.0000       0.0000       0.0000       0.0000       0.0000     -0.13237       5.3630    
  4689.000000       1.0000       0.0000       0.0000       0.0000       0.0000     -0.13237       5.3630    
  4689.086572       1.0000       0.0000       0.0000       0.0000       0.0000     -0.13144       5.3579    
  4689.173145       1.0000       0.0000       0.0000       0.0000       0.0000     -0.13050       5.3528    
  4689.189801       1.0000       0.0000       0.0000       0.0000       0.0000     -0.13032       5.3518    
  4689.223112       1.0000       0.0000       0.0000       0.0000       0.0000     -0.12995       5.3498    
  4689.223112       1.0000       0.0000       0.0000       0.0000       0.0000     -0.12995       5.3498    
  4689.292370       1.0000       0.0000       0.0000       0.0000       0.0000     -0.12914       5.3455    
  4689.361628       1.0000       0.0000       0.0000       0.0000       0.0000     -0.12831       5.3411    
  4689.500144       1.0000       0.0000       0.0000       0.0000       0.0000     -0.12659       5.3320    
  4689.777176       1.0000       0.0000       0.0000       0.0000       0.0000     -0.12287       5.3127    
  4690.000000       1.0000       0.0000       0.0000       0.0000       0.0000     -0.11968       5.2967    
  4690.000000       1.0000       0.0000       0.0000       0.0000       0.0000     -0.11968       5.2967    
  4690.221626       1.0000       0.0000       0.0000       0.0000       0.0000     -0.11640       5.2806    
  4690.443251       1.0000       0.0000       0.0000       0.0000       0.0000     -0.11301       5.2645    
  4690.886502       1.0000       0.0000       0.0000       0.0000       0.0000     -0.10577       5.2317    
  4690.886502       1.0000       0.0000       0.0000       0.0000       0.0000     -0.10577       5.2317    
  4690.943251       1.0000       0.0000       0.0000       0.0000       0.0000     -0.10484       5.2276    
  4691.000000       1.0000       0.0000       0.0000       0.0000       0.0000     -0.10390       5.2236    
  4691.000000       1.0000       0.0000       0.0000       0.0000       0.0000     -0.10390       5.2236    
  4691.045399       1.0000       0.0000       0.0000       0.0000       0.0000     -0.10314       5.2203    
  4691.090798       1.0000       0.0000       0.0000       0.0000       0.0000     -0.10238       5.2171    
  4691.181596       1.0000       0.0000       0.0000       0.0000       0.0000     -0.10085       5.2106    
  4691.363193       1.0000       0.0000       0.0000       0.0000       0.0000     -9.77525E-02   5.1979    
  4691.726385       1.0000       0.0000       0.0000       0.0000       0.0000     -9.13369E-02   5.1728    
  4692.000000       1.0000       0.0000       0.0000       0.0000       0.0000     -8.63964E-02   5.1546    
  4692.000000       1.0000       0.0000       0.0000       0.0000       0.0000     -8.63964E-02   5.1546    
  4692.290554       1.0000       0.0000       0.0000       0.0000       0.0000     -8.57505E-02   5.1523    
  4692.581108       1.0000       0.0000       0.0000       0.0000       0.0000     -8.03719E-02   5.1338    
  4693.000000       1.0000       0.0000       0.0000       0.0000       0.0000     -7.07376E-02   5.1036    
  4693.000000       1.0000       0.0000       0.0000       0.0000       0.0000     -7.07376E-02   5.1036    
  4693.232443       1.0000       0.0000       0.0000       0.0000       0.0000     -6.51184E-02   5.0878    
  4693.464887       1.0000       0.0000       0.0000       0.0000       0.0000     -5.92886E-02   5.0728    
  4693.929773       1.0000       0.0000       0.0000       0.0000       0.0000     -4.69932E-02   5.0457    
  4694.000000       1.0000       0.0000       0.0000       0.0000       0.0000     -4.51215E-02   5.0421    
  4694.000000       1.0000       0.0000       0.0000       0.0000       0.0000     -4.51215E-02   5.0421    
  4694.371909       1.0000       0.0000       0.0000       0.0000       0.0000     -3.52208E-02   5.0257    
  4694.743819       1.0000       0.0000       0.0000       0.0000       0.0000     -2.53470E-02   5.0133    
  4695.000000       1.0000       0.0000       0.0000       0.0000       0.0000     -1.85915E-02   5.0072    
  4695.000000       1.0000       0.0000       0.0000       0.0000       0.0000     -1.85915E-02   5.0072    
  4695.297527       1.0000       0.0000       0.0000       0.0000       0.0000     -1.08970E-02   5.0025    
  4695.595055       1.0000       0.0000       0.0000       0.0000       0.0000     -2.78756E-03   5.0002    
  4696.000000       1.0000       0.0000       0.0000       0.0000       0.0000      6.34548E-03   5.0008    
  4696.000000       1.0000       0.0000       0.0000       0.0000       0.0000      6.34548E-03   5.0008    
  4696.026105       1.0000       0.0000       0.0000       0.0000       0.0000      6.79643E-03   5.0010    
  4696.052211       1.0000       0.0000       0.0000       0.0000       0.0000      7.19945E-03   5.0011    
  4696.104422       1.0000       0.0000       0.0000       0.0000       0.0000      7.85542E-03   5.0013    
  4696.104422       1.0000       0.0000       0.0000       0.0000       0.0000      7.85542E-03   5.0013    
  4696.125306       1.0000       0.0000       0.0000       0.0000       0.0000      8.09583E-03   5.0014    
  4696.146190       1.0000       0.0000       0.0000       0.0000       0.0000      8.31638E-03   5.0014    
  4696.187959       1.0000       0.0000       0.0000       0.0000       0.0000      8.69069E-03   5.0016    
  4696.271496       1.0000       0.0000       0.0000       0.0000       0.0000      8.81582E-03   5.0016    
  4696.438571       1.0000       0.0000       0.0000       0.0000       0.0000      7.44056E-03   5.0011    
  4696.772720       1.0000       0.0000       0.0000       0.0000       0.0000     -1.64254E-03   5.0001    
  4697.000000       1.0000       0.0000       0.0000       0.0000       0.0000     -1.13185E-02   5.0027    
  4697.000000       1.0000       0.0000       0.0000       0.0000       0.0000     -1.13185E-02   5.0027    
  4697.005541       1.0000       0.0000       0.0000       0.0000       0.0000     -1.15584E-02   5.0028    
  4697.011081       1.0000       0.0000       0.0000       0.0000       0.0000     -1.17999E-02   5.0029    
  4697.015515       1.0000       0.0000       0.0000       0.0000       0.0000     -1.19941E-02   5.0030    
  4697.020775       1.0000       0.0000       0.0000       0.0000       0.0000     -1.22259E-02   5.0031    
  4697.026264       1.0000       0.0000       0.0000       0.0000       0.0000     -1.24691E-02   5.0032    
  4697.032896       1.0000       0.0000       0.0000       0.0000       0.0000     -1.27653E-02   5.0034    
  4697.040928       1.0000       0.0000       0.0000       0.0000       0.0000     -1.31272E-02   5.0036    
  4697.052239       1.0000       0.0000       0.0000       0.0000       0.0000     -1.36423E-02   5.0039    
  4697.066491       1.0000       0.0000       0.0000       0.0000       0.0000     -1.43009E-02   5.0042    
  4697.083985       1.0000       0.0000       0.0000       0.0000       0.0000     -1.51216E-02   5.0047    
  4697.099707       1.0000       0.0000       0.0000       0.0000       0.0000     -1.58687E-02   5.0052    
  4697.117630       1.0000       0.0000       0.0000       0.0000       0.0000     -1.67319E-02   5.0058    
  4697.135959       1.0000       0.0000       0.0000       0.0000       0.0000     -1.76260E-02   5.0064    
  4697.156833       1.0000       0.0000       0.0000       0.0000       0.0000     -1.86581E-02   5.0072    
  4697.179761       1.0000       0.0000       0.0000       0.0000       0.0000     -1.98072E-02   5.0081    
  4697.185048       1.0000       0.0000       0.0000       0.0000       0.0000     -2.00730E-02   5.0083    
  4697.195624       1.0000       0.0000       0.0000       0.0000       0.0000     -2.06078E-02   5.0088    
  4697.216774       1.0000       0.0000       0.0000       0.0000       0.0000     -2.16295E-02   5.0097    
  4697.246180       1.0000       0.0000       0.0000       0.0000       0.0000     -2.30271E-02   5.0110    
  4697.283125       1.0000       0.0000       0.0000       0.0000       0.0000     -2.47861E-02   5.0127    
  4697.329032       1.0000       0.0000       0.0000       0.0000       0.0000     -2.69852E-02   5.0151    
  4697.386995       1.0000       0.0000       0.0000       0.0000       0.0000     -2.97945E-02   5.0184    
  4697.462957       1.0000       0.0000       0.0000       0.0000       0.0000     -3.31917E-02   5.0228    
  4697.567809       1.0000       0.0000       0.0000       0.0000       0.0000     -3.77038E-02   5.0294    
  4697.724021       1.0000       0.0000       0.0000       0.0000       0.0000     -4.34972E-02   5.0392    
  4697.724021       1.0000       0.0000       0.0000       0.0000       0.0000     -4.34972E-02   5.0392    
  4697.727568       1.0000       0.0000       0.0000       0.0000       0.0000     -4.36275E-02   5.0394    
  4697.731114       1.0000       0.0000       0.0000       0.0000       0.0000     -4.37574E-02   5.0396    
  4697.738208       1.0000       0.0000       0.0000       0.0000       0.0000     -4.40154E-02   5.0401    
  4697.752394       1.0000       0.0000       0.0000       0.0000       0.0000     -4.45282E-02   5.0410    
  4697.780767       1.0000       0.0000       0.0000       0.0000       0.0000     -4.55272E-02   5.0429    
  4697.837514       1.0000       0.0000       0.0000       0.0000       0.0000     -4.72922E-02   5.0463    
  4697.951006       1.0000       0.0000       0.0000       0.0000       0.0000     -5.02797E-02   5.0523    
  4698.000000       1.0000       0.0000       0.0000       0.0000       0.0000     -5.15158E-02   5.0549    
  4698.000000       1.0000       0.0000       0.0000       0.0000       0.0000     -5.15158E-02   5.0549    
  4698.090794       1.0000       0.0000       0.0000       0.0000       0.0000     -5.31623E-02   5.0585    
  4698.181588       1.0000       0.0000       0.0000       0.0000       0.0000     -5.45664E-02   5.0616    
  4698.363176       1.0000       0.0000       0.0000       0.0000       0.0000       0.0000       0.0000    
  4698.651298       1.0000       0.0000       0.0000       0.0000       0.0000       0.0000       0.0000    
  4698.983799       1.0000       0.0000       0.0000       0.0000       0.0000       0.0000       0.0000    
  4698.983799       1.0000       0.0000       0.0000       0.0000       0.0000       0.0000       0.0000    
  4698.991899       1.0000       0.0000       0.0000       0.0000       0.0000       0.0000       0.0000    
  4699.000000       1.0000       0.0000       0.0000       0.0000       0.0000       0.0000       0.0000    
  4699.000000       1.0000       0.0000       0.0000       0.0000       0.0000       0.0000       0.0000    
  4699.006480       1.0000       0.0000       0.0000       0.0000       0.0000       0.0000       0.0000    
  4699.012961       1.0000       0.0000       0.0000       0.0000       0.0000       0.0000       0.0000    
  4699.025922       1.0000       0.0000       0.0000       0.0000       0.0000       0.0000       0.0000    
  4699.051844       1.0000       0.0000       0.0000       0.0000       0.0000       0.0000       0.0000    
  4699.103687       1.0000       0.0000       0.0000       0.0000       0.0000       0.0000       0.0000    
  4699.207374       1.0000       0.0000       0.0000       0.0000       0.0000       0.0000       0.0000    
  4699.414749       1.0000       0.0000       0.0000       0.0000       0.0000       0.0000       0.0000    
  4699.829497       1.0000       0.0000       0.0000       0.0000       0.0000       0.0000       0.0000    
  4700.000000       1.0000       0.0000       0.0000       0.0000       0.0000       0.0000       0.0000    
  4700.000000       1.0000       0.0000       0.0000       0.0000       0.0000       0.0000       0.0000    
  4700.331799       1.0000       0.0000       0.0000       0.0000       0.0000       0.0000       0.0000    
  4700.663598       1.0000       0.0000       0.0000       0.0000       0.0000       0.0000       0.0000    
  4701.000000       1.0000       0.0000       0.0000       0.0000       0.0000       0.0000       0.0000    
  4701.000000       1.0000       0.0000       0.0000       0.0000       0.0000       0.0000       0.0000    
  4701.265439       1.0000       0.0000       0.0000       0.0000       0.0000       0.0000       0.0000    
  4701.530878       1.0000       0.0000       0.0000       0.0000       0.0000       0.0000       0.0000    
  4701.845387       1.0000       0.0000       0.0000       0.0000       0.0000       0.0000       0.0000    
  4701.845387       1.0000       0.0000       0.0000       0.0000       0.0000       0.0000       0.0000    
  4701.922693       1.0000       0.0000       0.0000       0.0000       0.0000       0.0000       0.0000    
  4702.000000       1.0000       0.0000       0.0000       0.0000       0.0000       0.0000       0.0000    
  4702.000000       1.0000       0.0000       0.0000       0.0000       0.0000       0.0000       0.0000    
  4702.061845       1.0000       0.0000       0.0000       0.0000       0.0000       0.0000       0.0000    
  4702.123690       1.0000       0.0000       0.0000       0.0000       0.0000       0.0000       0.0000    
  4702.247381       1.0000       0.0000       0.0000       0.0000       0.0000       0.0000       0.0000    
  4702.320319       1.0000       0.0000       0.0000       0.0000       0.0000       0.0000       0.0000    
  4702.320319       1.0000       0.0000       0.0000       0.0000       0.0000       0.0000       0.0000    
  4702.419271       1.0000       0.0000       0.0000       0.0000       0.0000       0.0000       0.0000    
  4702.518223       1.0000       0.0000       0.0000       0.0000       0.0000       0.0000       0.0000    
  4702.643255       1.0000       0.0000       0.0000       0.0000       0.0000       0.0000       0.0000    
  4702.799802       1.0000       0.0000       0.0000       0.0000       0.0000       0.0000       0.0000    
  4703.000000       1.0000       0.0000       0.0000       0.0000       0.0000       0.0000       0.0000    
