#      time         order        tairmean     top       
  4679.000000       1.0000       20.483       20.719    
  4679.400000       1.0000       20.456       20.691    
  4679.800000       1.0000       20.429       20.661    
  4680.000000       1.0000       20.415       20.646    
  4680.000000       1.0000       20.415       20.646    
  4680.002746       1.0000       20.414       20.646    
  4680.005491       1.0000       20.414       20.646    
  4680.007168       1.0000       20.414       20.646    
  4680.007168       1.0000       20.414       20.646    
  4680.009364       1.0000       20.414       20.646    
  4680.011560       1.0000       20.414       20.646    
  4680.015953       1.0000       20.413       20.645    
  4680.024739       1.0000       20.413       20.645    
  4680.042311       1.0000       20.412       20.643    
  4680.077454       1.0000       20.409       20.641    
  4680.147740       1.0000       20.404       20.635    
  4680.288312       1.0000       20.394       20.625    
  4680.569457       1.0000       20.374       20.603    
  4680.676913       1.0000       20.367       20.595    
  4680.676913       1.0000       20.367       20.595    
  4680.725999       1.0000       20.363       20.591    
  4680.775084       1.0000       20.360       20.587    
  4680.873255       1.0000       20.353       20.580    
  4681.000000       1.0000       20.343       20.570    
  4681.000000       1.0000       20.343       20.570    
  4681.078537       1.0000       20.338       20.564    
  4681.157073       1.0000       20.332       20.557    
  4681.314147       1.0000       20.321       20.545    
  4681.628294       1.0000       20.298       20.520    
  4682.000000       1.0000       20.271       20.490    
  4682.000000       1.0000       20.271       20.490    
  4682.251318       1.0000       20.253       20.469    
  4682.502635       1.0000       20.235       20.449    
  4683.000000       1.0000       20.198       20.407    
  4683.000000       1.0000       20.198       20.407    
  4683.201054       1.0000       20.183       20.390    
  4683.402108       1.0000       20.168       20.373    
  4683.804216       1.0000       20.138       20.338    
  4684.000000       1.0000       20.123       20.321    
  4684.000000       1.0000       20.123       20.321    
  4684.006434       1.0000       20.122       20.321    
  4684.012867       1.0000       20.122       20.320    
  4684.023281       1.0000       20.121       20.319    
  4684.035208       1.0000       20.120       20.318    
  4684.052861       1.0000       20.119       20.317    
  4684.076880       1.0000       20.117       20.315    
  4684.097778       1.0000       20.115       20.313    
  4684.120423       1.0000       20.113       20.311    
  4684.139275       1.0000       20.112       20.309    
  4684.157926       1.0000       20.111       20.308    
  4684.175122       1.0000       20.109       20.306    
  4684.192204       1.0000       20.108       20.305    
  4684.208820       1.0000       20.107       20.303    
  4684.225480       1.0000       20.106       20.302    
  4684.242636       1.0000       20.104       20.300    
  4684.261189       1.0000       20.103       20.299    
  4684.281348       1.0000       20.101       20.297    
  4684.303612       1.0000       20.100       20.295    
  4684.328532       1.0000       20.098       20.293    
  4684.356756       1.0000       20.096       20.290    
  4684.389260       1.0000       20.093       20.288    
  4684.427364       1.0000       20.091       20.284    
  4684.473144       1.0000       20.087       20.280    
  4684.529743       1.0000       20.083       20.276    
  4684.602625       1.0000       20.078       20.269    
  4684.602625       1.0000       20.078       20.269    
  4684.610956       1.0000       20.077       20.268    
  4684.619287       1.0000       20.076       20.268    
  4684.635950       1.0000       20.075       20.266    
  4684.669274       1.0000       20.073       20.263    
  4684.735923       1.0000       20.068       20.258    
  4684.869222       1.0000       20.059       20.248    
  4685.000000       1.0000       20.054       20.240    
  4685.000000       1.0000       20.054       20.240    
  4685.106639       1.0000       20.056       20.239    
  4685.213277       1.0000       20.062       20.241    
  4685.426554       1.0000       20.096       20.262    
  4685.756748       1.0000       20.211       20.341    
  4686.000000       1.0000       20.339       20.431    
  4686.000000       1.0000       20.339       20.431    
  4686.034124       1.0000       20.358       20.445    
  4686.068249       1.0000       20.634       20.824    
  4686.077952       1.0000       20.745       20.981    
  4686.097358       1.0000       20.962       21.131    
  4686.136170       1.0000       21.106       21.058    
  4686.181830       1.0000       21.069       20.923    
  4686.196032       1.0000       21.046       20.887    
  4686.224435       1.0000       21.006       20.861    
  4686.235797       1.0000       20.993       20.858    
  4686.258519       1.0000       20.984       20.870    
  4686.303965       1.0000       20.994       20.893    
  4686.322143       1.0000       20.999       20.899    
  4686.358499       1.0000       21.004       20.900    
  4686.373041       1.0000       21.006       20.900    
  4686.402126       1.0000       21.005       20.897    
  4686.413760       1.0000       21.004       20.896    
  4686.437028       1.0000       21.003       20.896    
  4686.483564       1.0000       21.002       20.897    
  4686.576636       1.0000       21.002       20.899    
  4686.613865       1.0000       21.002       20.900    
  4686.688322       1.0000       21.002       20.901    
  4686.837237       1.0000       21.002       20.904    
  4686.847164       1.0000       21.002       20.904    
  4686.847164       1.0000       21.002       20.904    
  4686.874463       1.0000       21.001       20.904    
  4686.901763       1.0000       21.001       20.904    
  4686.956362       1.0000       21.001       20.905    
  4687.000000       1.0000       21.001       20.907    
  4687.000000       1.0000       21.001       20.907    
  4687.043679       1.0000       21.001       20.907    
  4687.087358       1.0000       21.000       20.908    
  4687.150293       1.0000       21.000       20.910    
  4687.203309       1.0000       21.000       20.911    
  4687.266602       1.0000       21.000       20.912    
  4687.330669       1.0000       21.000       20.913    
  4687.407310       1.0000       21.000       20.915    
  4687.426106       1.0000       21.000       20.915    
  4687.463698       1.0000       21.000       20.916    
  4687.478735       1.0000       21.000       20.916    
  4687.508809       1.0000       21.000       20.917    
  4687.520838       1.0000       21.000       20.917    
  4687.544897       1.0000       21.000       20.918    
  4687.593015       1.0000       21.000       20.919    
  4687.689251       1.0000       21.000       20.920    
  4687.822690       1.0000       21.001       20.923    
  4687.951402       1.0000       21.005       20.929    
  4688.000000       1.0000       21.006       20.931    
  4688.000000       1.0000       21.006       20.931    
  4688.050348       1.0000       21.008       20.933    
  4688.100696       1.0000       21.011       20.936    
  4688.201392       1.0000       21.015       20.941    
  4688.201392       1.0000       21.015       20.941    
  4688.241670       1.0000       21.017       20.943    
  4688.281949       1.0000       21.019       20.945    
  4688.362505       1.0000       21.023       20.949    
  4688.362505       1.0000       21.023       20.949    
  4688.394728       1.0000       21.025       20.951    
  4688.426951       1.0000       21.027       20.953    
  4688.491396       1.0000       21.030       20.956    
  4688.620287       1.0000       21.037       20.964    
  4688.878068       1.0000       21.051       20.978    
  4689.000000       1.0000       21.058       20.985    
  4689.000000       1.0000       21.058       20.985    
  4689.086572       1.0000       21.063       20.990    
  4689.173145       1.0000       21.068       20.995    
  4689.189801       1.0000       21.069       20.996    
  4689.223112       1.0000       21.071       20.998    
  4689.223112       1.0000       21.071       20.998    
  4689.292370       1.0000       21.075       21.002    
  4689.361628       1.0000       21.079       21.007    
  4689.500144       1.0000       21.087       21.015    
  4689.777176       1.0000       21.104       21.032    
  4690.000000       1.0000       21.117       21.047    
  4690.000000       1.0000       21.117       21.047    
  4690.221626       1.0000       21.131       21.061    
  4690.443251       1.0000       21.145       21.076    
  4690.886502       1.0000       21.173       21.108    
  4690.886502       1.0000       21.173       21.108    
  4690.943251       1.0000       21.177       21.112    
  4691.000000       1.0000       21.181       21.116    
  4691.000000       1.0000       21.181       21.116    
  4691.045399       1.0000       21.184       21.119    
  4691.090798       1.0000       21.187       21.122    
  4691.181596       1.0000       21.193       21.129    
  4691.363193       1.0000       21.205       21.143    
  4691.726385       1.0000       21.230       21.171    
  4692.000000       1.0000       21.250       21.193    
  4692.000000       1.0000       21.250       21.193    
  4692.290554       1.0000       21.271       21.217    
  4692.581108       1.0000       21.293       21.242    
  4693.000000       1.0000       21.325       21.279    
  4693.000000       1.0000       21.325       21.279    
  4693.232443       1.0000       21.343       21.299    
  4693.464887       1.0000       21.361       21.320    
  4693.929773       1.0000       21.397       21.363    
  4694.000000       1.0000       21.403       21.370    
  4694.000000       1.0000       21.403       21.370    
  4694.371909       1.0000       21.432       21.404    
  4694.743819       1.0000       21.461       21.439    
  4695.000000       1.0000       21.481       21.463    
  4695.000000       1.0000       21.481       21.463    
  4695.297527       1.0000       21.504       21.491    
  4695.595055       1.0000       21.527       21.519    
  4696.000000       1.0000       21.549       21.549    
  4696.000000       1.0000       21.549       21.549    
  4696.026105       1.0000       21.550       21.550    
  4696.052211       1.0000       21.550       21.551    
  4696.104422       1.0000       21.549       21.551    
  4696.104422       1.0000       21.549       21.551    
  4696.125306       1.0000       21.548       21.551    
  4696.146190       1.0000       21.547       21.551    
  4696.187959       1.0000       21.545       21.551    
  4696.271496       1.0000       21.535       21.546    
  4696.438571       1.0000       21.501       21.526    
  4696.772720       1.0000       21.373       21.442    
  4697.000000       1.0000       21.247       21.355    
  4697.000000       1.0000       21.247       21.355    
  4697.005541       1.0000       21.244       21.353    
  4697.011081       1.0000       21.241       21.351    
  4697.015515       1.0000       21.239       21.349    
  4697.020775       1.0000       21.236       21.347    
  4697.026264       1.0000       21.232       21.345    
  4697.032896       1.0000       21.229       21.343    
  4697.040928       1.0000       21.224       21.339    
  4697.052239       1.0000       21.217       21.335    
  4697.066491       1.0000       21.209       21.329    
  4697.083985       1.0000       21.198       21.322    
  4697.099707       1.0000       21.188       21.315    
  4697.117630       1.0000       21.177       21.308    
  4697.135959       1.0000       21.166       21.300    
  4697.156833       1.0000       21.152       21.291    
  4697.179761       1.0000       21.137       21.280    
  4697.185048       1.0000       21.134       21.278    
  4697.195624       1.0000       21.127       21.273    
  4697.216774       1.0000       21.114       21.264    
  4697.246180       1.0000       21.096       21.252    
  4697.283125       1.0000       21.074       21.237    
  4697.329032       1.0000       21.048       21.219    
  4697.386995       1.0000       21.016       21.196    
  4697.462957       1.0000       20.978       21.169    
  4697.567809       1.0000       20.931       21.135    
  4697.724021       1.0000       20.873       21.092    
  4697.724021       1.0000       20.873       21.092    
  4697.727568       1.0000       20.872       21.091    
  4697.731114       1.0000       20.871       21.090    
  4697.738208       1.0000       20.868       21.088    
  4697.752394       1.0000       20.863       21.084    
  4697.780767       1.0000       20.853       21.077    
  4697.837514       1.0000       20.836       21.064    
  4697.951006       1.0000       20.806       21.041    
  4698.000000       1.0000       20.793       21.031    
  4698.000000       1.0000       20.793       21.031    
  4698.090794       1.0000       20.776       21.018    
  4698.181588       1.0000       20.762       21.007    
  4698.363176       1.0000       20.745       20.991    
  4698.651298       1.0000       20.726       20.972    
  4698.983799       1.0000       20.707       20.952    
  4698.983799       1.0000       20.707       20.952    
  4698.991899       1.0000       20.706       20.952    
  4699.000000       1.0000       20.706       20.951    
  4699.000000       1.0000       20.706       20.951    
  4699.006480       1.0000       20.706       20.951    
  4699.012961       1.0000       20.705       20.951    
  4699.025922       1.0000       20.704       20.950    
  4699.051844       1.0000       20.703       20.948    
  4699.103687       1.0000       20.700       20.945    
  4699.207374       1.0000       20.695       20.939    
  4699.414749       1.0000       20.684       20.928    
  4699.829497       1.0000       20.661       20.904    
  4700.000000       1.0000       20.652       20.894    
  4700.000000       1.0000       20.652       20.894    
  4700.331799       1.0000       20.633       20.875    
  4700.663598       1.0000       20.615       20.856    
  4701.000000       1.0000       20.596       20.836    
  4701.000000       1.0000       20.596       20.836    
  4701.265439       1.0000       20.580       20.820    
  4701.530878       1.0000       20.565       20.804    
  4701.845387       1.0000       20.546       20.784    
  4701.845387       1.0000       20.546       20.784    
  4701.922693       1.0000       20.542       20.779    
  4702.000000       1.0000       20.537       20.774    
  4702.000000       1.0000       20.537       20.774    
  4702.061845       1.0000       20.533       20.770    
  4702.123690       1.0000       20.529       20.766    
  4702.247381       1.0000       20.522       20.759    
  4702.320319       1.0000       20.517       20.754    
  4702.320319       1.0000       20.517       20.754    
  4702.419271       1.0000       20.510       20.747    
  4702.518223       1.0000       20.504       20.740    
  4702.643255       1.0000       20.496       20.732    
  4702.799802       1.0000       20.485       20.721    
  4703.000000       1.0000       20.472       20.707    
