#      time         order        qbridges     qcdwalls2z   qdaylite     qequip2zon   qhc2zone     qlcwinds2z   qlite        qloss        qocc2zone    qterm2zone
  336.0000000       1.0000       0.0000      -1412.1       0.0000       0.0000       2595.5      -986.52       0.0000       0.0000       0.0000      -201.18    
  336.0277111       1.0000       0.0000      -1413.7       0.0000       0.0000       2597.3      -986.74       0.0000       0.0000       0.0000      -201.25    
  336.0554222       1.0000       0.0000      -1415.2       0.0000       0.0000       2599.1      -986.95       0.0000       0.0000       0.0000      -201.29    
  336.0682198       1.0000       0.0000      -1415.9       0.0000       0.0000       2599.9      -987.05       0.0000       0.0000       0.0000      -201.30    
  336.0682198       1.0000       0.0000      -1415.9       0.0000       0.0000       2599.9      -987.05       0.0000       0.0000       0.0000      -201.30    
  336.0903887       1.0000       0.0000      -1417.1       0.0000       0.0000       2601.3      -987.22       0.0000       0.0000       0.0000      -201.29    
  336.1125575       1.0000       0.0000      -1418.3       0.0000       0.0000       2602.7      -987.39       0.0000       0.0000       0.0000      -201.28    
  336.1568953       1.0000       0.0000      -1420.7       0.0000       0.0000       2605.4      -987.71       0.0000       0.0000       0.0000      -201.25    
  336.2455708       1.0000       0.0000      -1425.5       0.0000       0.0000       2610.8      -988.33       0.0000       0.0000       0.0000      -201.21    
  336.4229219       1.0000       0.0000      -1434.5       0.0000       0.0000       2621.0      -989.40       0.0000       0.0000       0.0000      -201.15    
  336.7776240       1.0000       0.0000      -1451.5       0.0000       0.0000       2640.1      -991.33       0.0000       0.0000       0.0000      -201.10    
  337.0000000       1.0000       0.0000      -1461.8       0.0000       0.0000       2651.5      -992.50       0.0000       0.0000       0.0000      -201.08    
  337.0000000       1.0000       0.0000      -1461.8       0.0000       0.0000       2651.5      -992.50       0.0000       0.0000       0.0000      -201.08    
  337.2837617       1.0000       0.0000      -1474.2       0.0000       0.0000       2665.4      -993.82       0.0000       0.0000       0.0000      -200.92    
  337.5675234       1.0000       0.0000      -1486.1       0.0000       0.0000       2678.5      -995.01       0.0000       0.0000       0.0000      -200.76    
  338.0000000       1.0000       0.0000      -1503.0       0.0000       0.0000       2697.2      -996.70       0.0000       0.0000       0.0000      -200.63    
  338.0000000       1.0000       0.0000      -1503.0       0.0000       0.0000       2697.2      -996.70       0.0000       0.0000       0.0000      -200.63    
  338.2270094       1.0000       0.0000      -1511.6       0.0000       0.0000       2706.8      -997.56       0.0000       0.0000       0.0000      -200.59    
  338.4540187       1.0000       0.0000      -1519.9       0.0000       0.0000       2716.0      -998.43       0.0000       0.0000       0.0000      -200.56    
  338.9080375       1.0000       0.0000      -1535.6       0.0000       0.0000       2733.6      -1000.1       0.0000       0.0000       0.0000      -200.57    
  339.0000000       1.0000       0.0000      -1538.7       0.0000       0.0000       2737.1      -1000.5       0.0000       0.0000       0.0000      -200.57    
  339.0000000       1.0000       0.0000      -1538.7       0.0000       0.0000       2737.1      -1000.5       0.0000       0.0000       0.0000      -200.57    
  339.3632150       1.0000       0.0000      -1550.6       0.0000       0.0000       2750.1      -1001.6       0.0000       0.0000       0.0000      -200.39    
  339.7264300       1.0000       0.0000      -1561.9       0.0000       0.0000       2762.6      -1002.6       0.0000       0.0000       0.0000      -200.23    
  340.0000000       1.0000       0.0000      -1570.2       0.0000       0.0000       2771.6      -1003.3       0.0000       0.0000       0.0000      -200.15    
  340.0000000       1.0000       0.0000      -1570.2       0.0000       0.0000       2771.6      -1003.3       0.0000       0.0000       0.0000      -200.15    
  340.2001218       1.0000       0.0000      -1576.2       0.0000       0.0000       2777.7      -1003.5       0.0000       0.0000       0.0000      -199.68    
  340.4002436       1.0000       0.0000      -1582.0       0.0000       0.0000       2783.4      -1003.4       0.0000       0.0000       0.0000      -199.08    
  340.4264857       1.0000       0.0000      -1582.7       0.0000       0.0000       2784.1      -1003.4       0.0000       0.0000       0.0000      -199.00    
  340.4789699       1.0000       0.0000      -1584.2       0.0000       0.0000       2785.5      -1003.3       0.0000       0.0000       0.0000      -198.85    
  340.4789699       1.0000       0.0000      -1584.2       0.0000       0.0000       2785.5      -1003.3       0.0000       0.0000       0.0000      -198.85    
  340.6390673       1.0000       0.0000      -1588.8       0.0000       0.0000       2789.7      -1003.0       0.0000       0.0000       0.0000      -198.45    
  340.7991647       1.0000       0.0000      -1593.2       0.0000       0.0000       2793.7      -1002.6       0.0000       0.0000       0.0000      -198.11    
  341.0000000       1.0000       0.0000      -1598.7       0.0000       0.0000       2798.6      -1002.1       0.0000       0.0000       0.0000      -197.75    
  341.0000000       1.0000       0.0000      -1598.7       0.0000       0.0000       2798.6      -1002.1       0.0000       0.0000       0.0000      -197.75    
  341.0334978       1.0000       0.0000      -1599.6       0.0000       0.0000       2799.4      -1002.0       0.0000       0.0000       0.0000      -197.69    
  341.0669955       1.0000       0.0000      -1600.5       0.0000       0.0000       2800.2      -1001.9       0.0000       0.0000       0.0000      -197.63    
  341.0986329       1.0000       0.0000      -1601.4       0.0000       0.0000       2801.0      -1001.8       0.0000       0.0000       0.0000      -197.44    
  341.1209903       1.0000       0.0000      -1602.0       0.0000       0.0000       2801.5      -1001.7       0.0000       0.0000       0.0000      -197.30    
  341.1405617       1.0000       0.0000      -1602.5       0.0000       0.0000       2801.9      -1001.6       0.0000       0.0000       0.0000      -197.18    
  341.1612116       1.0000       0.0000      -1603.0       0.0000       0.0000       2802.3      -1001.5       0.0000       0.0000       0.0000      -197.06    
  341.1798055       1.0000       0.0000      -1603.5       0.0000       0.0000       2802.7      -1001.4       0.0000       0.0000       0.0000      -196.95    
  341.1984890       1.0000       0.0000      -1604.0       0.0000       0.0000       2803.1      -1001.3       0.0000       0.0000       0.0000      -196.84    
  341.2164927       1.0000       0.0000      -1604.5       0.0000       0.0000       2803.4      -1001.2       0.0000       0.0000       0.0000      -196.74    
  341.2347019       1.0000       0.0000      -1605.0       0.0000       0.0000       2803.8      -1001.1       0.0000       0.0000       0.0000      -196.64    
  341.2529417       1.0000       0.0000      -1605.5       0.0000       0.0000       2804.2      -1001.0       0.0000       0.0000       0.0000      -196.54    
  341.2719537       1.0000       0.0000      -1606.0       0.0000       0.0000       2804.5      -1000.9       0.0000       0.0000       0.0000      -196.43    
  341.2926427       1.0000       0.0000      -1606.5       0.0000       0.0000       2804.9      -1000.8       0.0000       0.0000       0.0000      -196.32    
  341.3153501       1.0000       0.0000      -1607.1       0.0000       0.0000       2805.4      -1000.6       0.0000       0.0000       0.0000      -196.21    
  341.3408346       1.0000       0.0000      -1607.8       0.0000       0.0000       2805.8      -1000.4       0.0000       0.0000       0.0000      -196.08    
  341.3695986       1.0000       0.0000      -1608.5       0.0000       0.0000       2806.4      -1000.2       0.0000       0.0000       0.0000      -195.93    
  341.4029150       1.0000       0.0000      -1609.4       0.0000       0.0000       2806.9      -999.98       0.0000       0.0000       0.0000      -195.77    
  341.4420061       1.0000       0.0000      -1610.4       0.0000       0.0000       2807.6      -999.67       0.0000       0.0000       0.0000      -195.59    
  341.4891999       1.0000       0.0000      -1611.6       0.0000       0.0000       2808.4      -999.27       0.0000       0.0000       0.0000      -195.37    
  341.5478014       1.0000       0.0000      -1613.1       0.0000       0.0000       2809.4      -998.77       0.0000       0.0000       0.0000      -195.12    
  341.6239840       1.0000       0.0000      -1615.1       0.0000       0.0000       2810.6      -998.09       0.0000       0.0000       0.0000      -194.81    
  341.7273979       1.0000       0.0000      -1617.7       0.0000       0.0000       2812.2      -997.13       0.0000       0.0000       0.0000      -194.42    
  341.8824781       1.0000       0.0000      -1621.5       0.0000       0.0000       2814.4      -995.64       0.0000       0.0000      1.81644E-06  -193.90    
  342.0000000       1.0000       0.0000      -1624.4       0.0000       0.0000       2816.1      -994.50       0.0000       0.0000      4.41251E-06  -193.54    
  342.0000000       1.0000       0.0000      -1624.4       0.0000       0.0000       2816.1      -994.50       0.0000       0.0000      4.40890E-06  -193.54    
  342.0253099       1.0000       0.0000      -1625.0       0.0000       0.0000       2816.4      -994.26       0.0000       0.0000      6.08273E-06  -193.47    
  342.0506198       1.0000       0.0000      -1625.6       0.0000       0.0000       2816.8      -994.01       0.0000       0.0000      7.75656E-06  -193.39    
  342.1012396       1.0000       0.0000      -1626.9       0.0000       0.0000       2817.3      -993.44       0.0000       0.0000      1.11042E-05  -192.94    
  342.2024792       1.0000       0.0000      -1629.3       0.0000       0.0000       2818.2      -992.05       0.0000       0.0000      1.79088E-05  -191.75    
  342.4049584       1.0000       0.0000      -1634.0       0.0000       0.0000       2818.8      -988.35       0.0000       0.0000      4.04449E-05  -189.75    
  342.8099168       1.0000       0.0000      -1643.0       0.0000       0.0000       2818.4      -979.60       0.0000       0.0000      1.12625E-04  -186.56    
  343.0000000       1.0000       0.0000      -1647.1       0.0000       0.0000       2817.9      -975.31       0.0000       0.0000      1.58716E-04  -186.40    
  343.0000000       1.0000       0.0000      -1647.1       0.0000       0.0000       2817.9      -975.31       0.0000       0.0000      1.58716E-04  -186.40    
  343.0343945       1.0000       0.0000      -3958.3       0.0000       0.0000       7741.5      -1138.9       0.0000       0.0000      1.67029E-04  -267.27    
  343.0687890       1.0000       0.0000      -4320.1       0.0000       0.0000       7503.2      -1154.1       0.0000       0.0000      1.75358E-04  -325.22    
  343.1011679       1.0000       0.0000      -3887.7       0.0000       0.0000       5871.1      -1111.3       0.0000       0.0000      1.83247E-04  -342.15    
  343.1334259       1.0000       0.0000      -3428.5       0.0000       0.0000       4680.6      -1069.6       0.0000       0.0000      1.91069E-04  -337.17    
  343.1754230       1.0000       0.0000      -3204.4       0.0000       0.0000       4323.0      -1047.1       0.0000       0.0000      2.01253E-04  -326.51    
  343.2405886       1.0000       0.0000      -3215.7       0.0000       0.0000       4518.6      -1042.0       0.0000       0.0000      2.15264E-04  -322.44    
  343.3211551       1.0000       0.0000      -3227.2       0.0000       0.0000       4604.5      -1037.8       0.0000       0.0000      2.31248E-04  -323.60    
  343.4506229       1.0000       0.0000      -3172.3       0.0000       0.0000       4536.6      -1029.0       0.0000       0.0000      2.54701E-04  -324.75    
  343.6546876       1.0000       0.0000      -3086.0       0.0000       0.0000       4435.4      -1019.3       0.0000       0.0000      2.83777E-04  -325.38    
  344.0000000       1.0000       0.0000      -2969.3       0.0000       0.0000       4306.9      -1008.2       0.0000       0.0000      3.13018E-04  -325.97    
  344.0000000       1.0000       0.0000      -2969.3       0.0000       0.0000       4306.9      -1008.2       0.0000       0.0000      3.13018E-04  -325.97    
  344.0275156       1.0000       0.0000      -2960.2       0.0000       0.0000       4296.9      -1007.4       0.0000       0.0000      3.13625E-04  -326.01    
  344.0550312       1.0000       0.0000      -2951.3       0.0000       0.0000       4287.1      -1006.6       0.0000       0.0000      3.14231E-04  -326.05    
  344.1100624       1.0000       0.0000      -2934.1       0.0000       0.0000       4268.3      -1005.0       0.0000       0.0000      3.15444E-04  -326.14    
  344.2201247       1.0000       0.0000      -2901.6       0.0000       0.0000       4232.7      -1002.1       0.0000       0.0000      3.17426E-04  -326.28    
  344.4402494       1.0000       0.0000      -2844.0       0.0000       0.0000       4169.6      -996.94       0.0000       0.0000      3.17426E-04  -326.43    
  344.8804989       1.0000       0.0000      -2750.2       0.0000       0.0000       4065.3      -987.17       0.0000       0.0000      3.17425E-04  -326.40    
  345.0000000       1.0000       0.0000      -2726.2       0.0000       0.0000       4038.5      -984.55       0.0000       0.0000      3.17425E-04  -326.37    
  345.0000000       1.0000       0.0000      -2726.2       0.0000       0.0000       4038.5      -984.55       0.0000       0.0000      3.17425E-04  -326.37    
  345.3521996       1.0000       0.0000      -2665.6       0.0000       0.0000       3970.2      -977.31       0.0000       0.0000      3.17425E-04  -326.21    
  345.7043991       1.0000       0.0000      -2613.1       0.0000       0.0000       3910.1      -970.35       0.0000       0.0000      3.17424E-04  -325.96    
  346.0000000       1.0000       0.0000      -2573.7       0.0000       0.0000       3864.6      -964.59       0.0000       0.0000      3.17424E-04  -325.70    
  346.0000000       1.0000       0.0000      -2573.7       0.0000       0.0000       3864.6      -964.59       0.0000       0.0000      3.17424E-04  -325.70    
  346.2817596       1.0000       0.0000      -2539.4       0.0000       0.0000       3825.2      -959.84       0.0000       0.0000      3.17424E-04  -325.51    
  346.5635193       1.0000       0.0000      -2506.5       0.0000       0.0000       3787.8      -955.65       0.0000       0.0000      3.17424E-04  -325.34    
  347.0000000       1.0000       0.0000      -2462.4       0.0000       0.0000       3737.4      -949.73       0.0000       0.0000      3.17424E-04  -325.01    
  347.0000000       1.0000       0.0000      -2462.4       0.0000       0.0000       3737.4      -949.73       0.0000       0.0000      3.17424E-04  -325.01    
  347.2254077       1.0000       0.0000      -2441.4       0.0000       0.0000       3713.4      -946.95       0.0000       0.0000      3.17424E-04  -324.86    
  347.4508154       1.0000       0.0000      -2421.8       0.0000       0.0000       3691.0      -944.39       0.0000       0.0000      3.17424E-04  -324.72    
  347.9016308       1.0000       0.0000      -2387.1       0.0000       0.0000       3651.2      -939.61       0.0000       0.0000      3.17424E-04  -324.41    
  348.0000000       1.0000       0.0000      -2379.7       0.0000       0.0000       3642.7      -938.58       0.0000       0.0000      3.17424E-04  -324.34    
  348.0000000       1.0000       0.0000      -2379.7       0.0000       0.0000       3642.7      -938.58       0.0000       0.0000      3.17424E-04  -324.34    
  348.3606523       1.0000       0.0000      -2355.0       0.0000       0.0000       3614.8      -935.51       0.0000       0.0000      3.17424E-04  -324.17    
  348.7213047       1.0000       0.0000      -2332.3       0.0000       0.0000       3589.3      -932.92       0.0000       0.0000      3.17424E-04  -324.01    
  349.0000000       1.0000       0.0000      -2315.7       0.0000       0.0000       3570.7      -931.06       0.0000       0.0000      3.17424E-04  -323.88    
  349.0000000       1.0000       0.0000      -2315.7       0.0000       0.0000       3570.7      -931.06       0.0000       0.0000      3.17424E-04  -323.88    
  349.2885219       1.0000       0.0000      -2299.5       0.0000       0.0000       3553.4      -929.96       0.0000       0.0000      3.17424E-04  -323.85    
  349.5770437       1.0000       0.0000      -2284.2       0.0000       0.0000       3537.6      -929.49       0.0000       0.0000      3.17424E-04  -323.86    
  350.0000000       1.0000       0.0000      -2263.3       0.0000       0.0000       3516.5      -929.37       0.0000       0.0000      3.17424E-04  -323.86    
  350.0000000       1.0000       0.0000      -2263.3       0.0000       0.0000       3516.5      -929.37       0.0000       0.0000      3.17424E-04  -323.86    
  350.2308175       1.0000       0.0000      -2252.3       0.0000       0.0000       3506.2      -929.98       0.0000       0.0000      3.17424E-04  -323.96    
  350.4616350       1.0000       0.0000      -2241.7       0.0000       0.0000       3497.0      -931.22       0.0000       0.0000      3.17424E-04  -324.10    
  350.9232700       1.0000       0.0000      -2221.8       0.0000       0.0000       3480.9      -934.65       0.0000       0.0000      3.17424E-04  -324.37    
  351.0000000       1.0000       0.0000      -2218.6       0.0000       0.0000       3478.2      -935.24       0.0000       0.0000      3.17424E-04  -324.42    
  351.0000000       1.0000       0.0000      -2218.6       0.0000       0.0000       3478.2      -935.24       0.0000       0.0000      3.17424E-04  -324.42    
  351.3693080       1.0000       0.0000      -2203.7       0.0000       0.0000       3467.2      -938.74       0.0000       0.0000      3.17424E-04  -324.70    
  351.7386160       1.0000       0.0000      -2189.6       0.0000       0.0000       3457.3      -942.62       0.0000       0.0000      3.17424E-04  -324.99    
  352.0000000       1.0000       0.0000      -2180.1       0.0000       0.0000       3450.7      -945.46       0.0000       0.0000      3.17424E-04  -325.19    
  352.0000000       1.0000       0.0000      -2180.1       0.0000       0.0000       3450.7      -945.46       0.0000       0.0000      3.17424E-04  -325.19    
  352.2954464       1.0000       0.0000      -2169.7       0.0000       0.0000       3444.2      -949.03       0.0000       0.0000      3.17424E-04  -325.47    
  352.5908928       1.0000       0.0000      -2159.7       0.0000       0.0000       3438.3      -952.88       0.0000       0.0000      3.17424E-04  -325.76    
  353.0000000       1.0000       0.0000      -2146.7       0.0000       0.0000       3431.3      -958.42       0.0000       0.0000      3.13015E-04  -326.17    
  353.0000000       1.0000       0.0000      -2146.7       0.0000       0.0000       3431.3      -958.42       0.0000       0.0000      3.13015E-04  -326.17    
  353.2363571       1.0000       0.0000      -2139.4       0.0000       0.0000       3428.1      -962.17       0.0000       0.0000      2.95782E-04  -326.48    
  353.4727142       1.0000       0.0000      -2132.4       0.0000       0.0000       3425.7      -966.43       0.0000       0.0000      2.66526E-04  -326.83    
  353.9454285       1.0000       0.0000      -2119.4       0.0000       0.0000       3422.6      -975.72       0.0000       0.0000      1.71944E-04  -327.53    
  354.0000000       1.0000       0.0000      -2117.9       0.0000       0.0000       3422.4      -976.82       0.0000       0.0000      1.58712E-04  -327.61    
  354.0000000       1.0000       0.0000      -2117.9       0.0000       0.0000       3422.4      -976.82       0.0000       0.0000      1.58712E-04  -327.61    
  354.0046237       1.0000       0.0000      -1542.8       0.0000       0.0000       1843.7      -933.59       0.0000       0.0000      1.57591E-04  -323.24    
  354.0092474       1.0000       0.0000      -971.54       0.0000       0.0000       364.75      -890.98       0.0000       0.0000      1.56469E-04  -314.95    
  354.0134995       1.0000       0.0000      -782.33       0.0000       0.0000       0.0000      -877.49       0.0000       0.0000      1.55438E-04  -306.68    
  354.0183217       1.0000       0.0000      -713.58       0.0000       0.0000       0.0000      -873.30       0.0000       0.0000      1.54269E-04  -297.70    
  354.0235101       1.0000       0.0000      -644.13       0.0000       0.0000       0.0000      -869.17       0.0000       0.0000      1.53011E-04  -288.45    
  354.0295713       1.0000       0.0000      -567.90       0.0000       0.0000       0.0000      -864.79       0.0000       0.0000      1.51541E-04  -278.20    
  354.0367419       1.0000       0.0000      -484.55       0.0000       0.0000       0.0000      -860.18       0.0000       0.0000      1.49803E-04  -266.77    
  354.0460348       1.0000       0.0000      -387.28       0.0000       0.0000       0.0000      -855.05       0.0000       0.0000      1.47549E-04  -253.03    
  354.0614277       1.0000       0.0000      -249.91       0.0000       0.0000       0.0000      -848.39       0.0000       0.0000      1.43817E-04  -232.78    
  354.0775703       1.0000       0.0000      -127.12       0.0000       0.0000       0.0000      -843.03       0.0000       0.0000      1.39903E-04  -213.88    
  354.0952626       1.0000       0.0000      -11.917       0.0000       0.0000       0.0000      -838.69       0.0000       0.0000      1.35613E-04  -195.58    
  354.1127914       1.0000       0.0000       78.048       0.0000       0.0000       0.0000      -835.62       0.0000       0.0000      1.31363E-04  -179.35    
  354.1321188       1.0000       0.0000      -18.699       0.0000       0.0000       445.40      -846.89       0.0000       0.0000      1.26676E-04  -168.12    
  354.1528605       1.0000       0.0000      -448.57       0.0000       0.0000       1614.6      -882.99       0.0000       0.0000      1.21647E-04  -170.45    
  354.1761060       1.0000       0.0000      -751.13       0.0000       0.0000       2294.9      -909.67       0.0000       0.0000      1.16010E-04  -180.91    
  354.2020696       1.0000       0.0000      -833.18       0.0000       0.0000       2350.2      -919.52       0.0000       0.0000      1.09806E-04  -191.37    
  354.2320001       1.0000       0.0000      -752.47       0.0000       0.0000       2031.5      -916.76       0.0000       0.0000      1.03868E-04  -196.32    
  354.2670234       1.0000       0.0000      -646.78       0.0000       0.0000       1731.1      -911.79       0.0000       0.0000      9.69198E-05  -195.56    
  354.3090898       1.0000       0.0000      -611.07       0.0000       0.0000       1653.8      -911.93       0.0000       0.0000      8.85742E-05  -193.01    
  354.3608224       1.0000       0.0000      -635.92       0.0000       0.0000       1720.8      -916.55       0.0000       0.0000      7.83110E-05  -191.86    
  354.4274251       1.0000       0.0000      -669.84       0.0000       0.0000       1785.5      -921.66       0.0000       0.0000      6.63068E-05  -192.06    
  354.5171731       1.0000       0.0000      -697.31       0.0000       0.0000       1818.2      -925.86       0.0000       0.0000      5.24584E-05  -192.39    
  354.6460647       1.0000       0.0000      -735.16       0.0000       0.0000       1857.9      -930.00       0.0000       0.0000      3.46008E-05  -192.55    
  354.8494440       1.0000       0.0000      -794.52       0.0000       0.0000       1921.9      -934.65       0.0000       0.0000      1.43649E-05  -192.77    
  355.0000000       1.0000       0.0000      -831.92       0.0000       0.0000       1962.3      -937.35       0.0000       0.0000      4.40866E-06  -192.95    
  355.0000000       1.0000       0.0000      -831.92       0.0000       0.0000       1962.3      -937.35       0.0000       0.0000      4.40866E-06  -192.95    
  355.0034017       1.0000       0.0000      -832.76       0.0000       0.0000       1963.3      -937.41       0.0000       0.0000      4.33368E-06  -192.95    
  355.0068033       1.0000       0.0000      -833.61       0.0000       0.0000       1964.2      -937.48       0.0000       0.0000      4.25869E-06  -192.96    
  355.0136067       1.0000       0.0000      -835.29       0.0000       0.0000       1966.0      -937.59       0.0000       0.0000      4.10872E-06  -192.97    
  355.0272133       1.0000       0.0000      -838.62       0.0000       0.0000       1969.5      -937.83       0.0000       0.0000      3.80879E-06  -192.98    
  355.0544266       1.0000       0.0000      -845.22       0.0000       0.0000       1976.6      -938.28       0.0000       0.0000      3.20892E-06  -193.01    
  355.1088533       1.0000       0.0000      -858.18       0.0000       0.0000       1990.4      -939.13       0.0000       0.0000      2.00917E-06  -193.07    
  355.2177066       1.0000       0.0000      -883.02       0.0000       0.0000       2016.9      -940.62       0.0000       0.0000       0.0000      -193.17    
  355.4354132       1.0000       0.0000      -929.07       0.0000       0.0000       2065.7      -943.25       0.0000       0.0000       0.0000      -193.37    
  355.8708263       1.0000       0.0000      -1008.3       0.0000       0.0000       2150.1      -948.02       0.0000       0.0000       0.0000      -193.77    
  356.0000000       1.0000       0.0000      -1031.0       0.0000       0.0000       2174.3      -949.42       0.0000       0.0000       0.0000      -193.88    
  356.0000000       1.0000       0.0000      -1031.0       0.0000       0.0000       2174.3      -949.42       0.0000       0.0000       0.0000      -193.88    
  356.3483305       1.0000       0.0000      -1085.2       0.0000       0.0000       2232.6      -953.17       0.0000       0.0000       0.0000      -194.20    
  356.6966611       1.0000       0.0000      -1133.7       0.0000       0.0000       2285.2      -956.94       0.0000       0.0000       0.0000      -194.51    
  357.0000000       1.0000       0.0000      -1172.0       0.0000       0.0000       2327.1      -960.26       0.0000       0.0000       0.0000      -194.79    
  357.0000000       1.0000       0.0000      -1172.0       0.0000       0.0000       2327.1      -960.26       0.0000       0.0000       0.0000      -194.79    
  357.2786644       1.0000       0.0000      -1204.0       0.0000       0.0000       2362.0      -963.05       0.0000       0.0000       0.0000      -195.00    
  357.5573289       1.0000       0.0000      -1233.2       0.0000       0.0000       2394.0      -965.63       0.0000       0.0000       0.0000      -195.20    
  358.0000000       1.0000       0.0000      -1274.1       0.0000       0.0000       2439.1      -969.53       0.0000       0.0000       0.0000      -195.51    
  358.0000000       1.0000       0.0000      -1274.1       0.0000       0.0000       2439.1      -969.53       0.0000       0.0000       0.0000      -195.51    
  358.2229315       1.0000       0.0000      -1293.4       0.0000       0.0000       2460.6      -971.48       0.0000       0.0000       0.0000      -195.66    
  358.4458631       1.0000       0.0000      -1311.6       0.0000       0.0000       2480.9      -973.44       0.0000       0.0000       0.0000      -196.59    
  358.4664372       1.0000       0.0000      -1313.3       0.0000       0.0000       2482.7      -973.62       0.0000       0.0000       0.0000      -196.72    
  358.5075854       1.0000       0.0000      -1316.6       0.0000       0.0000       2486.5      -973.98       0.0000       0.0000       0.0000      -196.98    
  358.5075855       1.0000       0.0000      -1316.6       0.0000       0.0000       2486.5      -973.98       0.0000       0.0000       0.0000      -196.98    
  358.6859307       1.0000       0.0000      -1330.2       0.0000       0.0000       2501.8      -975.56       0.0000       0.0000       0.0000      -197.91    
  358.8642759       1.0000       0.0000      -1343.2       0.0000       0.0000       2516.5      -977.16       0.0000       0.0000       0.0000      -198.71    
  359.0000000       1.0000       0.0000      -1352.8       0.0000       0.0000       2527.4      -978.38       0.0000       0.0000       0.0000      -199.25    
  359.0000000       1.0000       0.0000      -1352.8       0.0000       0.0000       2527.4      -978.38       0.0000       0.0000       0.0000      -199.25    
  359.1426762       1.0000       0.0000      -1362.4       0.0000       0.0000       2538.4      -979.63       0.0000       0.0000       0.0000      -199.69    
  359.2853524       1.0000       0.0000      -1371.8       0.0000       0.0000       2549.0      -980.83       0.0000       0.0000       0.0000      -200.02    
  359.5707047       1.0000       0.0000      -1389.2       0.0000       0.0000       2569.0      -983.14       0.0000       0.0000       0.0000      -200.57    
  360.0000000       1.0000       0.0000      -1413.2       0.0000       0.0000       2596.6      -986.50       0.0000       0.0000       0.0000      -201.17    
