#      time         order        air_age      relhum       xco2vol   
  336.0000000       1.0000      0.96922      8.68102E-02   400.00    
  336.0277111       1.0000      0.96922      8.67555E-02   400.00    
  336.0554222       1.0000      0.96922      8.67005E-02   400.00    
  336.0682198       1.0000      0.96922      8.66750E-02   400.00    
  336.0682198       1.0000      0.96922      8.66750E-02   400.00    
  336.0903887       1.0000      0.96921      8.66311E-02   400.00    
  336.1125575       1.0000      0.96921      8.65874E-02   400.00    
  336.1568953       1.0000      0.96921      8.65009E-02   400.00    
  336.2455708       1.0000      0.96921      8.63294E-02   400.00    
  336.4229219       1.0000      0.96920      8.59999E-02   400.00    
  336.7776240       1.0000      0.96919      8.53712E-02   400.00    
  337.0000000       1.0000      0.96918      8.49875E-02   400.00    
  337.0000000       1.0000      0.96918      8.49875E-02   400.00    
  337.2837617       1.0000      0.96917      8.45295E-02   400.00    
  337.5675234       1.0000      0.96916      8.41022E-02   400.00    
  338.0000000       1.0000      0.96915      8.35008E-02   400.00    
  338.0000000       1.0000      0.96915      8.35008E-02   400.00    
  338.2270094       1.0000      0.96914      8.31965E-02   400.00    
  338.4540187       1.0000      0.96914      8.29015E-02   400.00    
  338.9080375       1.0000      0.96913      8.23377E-02   400.00    
  339.0000000       1.0000      0.96912      8.22245E-02   400.00    
  339.0000000       1.0000      0.96912      8.22245E-02   400.00    
  339.3632150       1.0000      0.96912      8.18189E-02   400.00    
  339.7264300       1.0000      0.96911      8.14507E-02   400.00    
  340.0000000       1.0000      0.96910      8.11900E-02   400.00    
  340.0000000       1.0000      0.96910      8.11900E-02   400.00    
  340.2001218       1.0000      0.96910      8.10399E-02   400.00    
  340.4002436       1.0000      0.96910      8.09407E-02   400.00    
  340.4264857       1.0000      0.96910      8.09285E-02   400.00    
  340.4789699       1.0000      0.96910      8.09059E-02   400.00    
  340.4789699       1.0000      0.96910      8.09059E-02   400.00    
  340.6390673       1.0000      0.96910      8.08678E-02   400.00    
  340.7991647       1.0000      0.96910      8.08518E-02   400.00    
  341.0000000       1.0000      0.96910      8.08608E-02   400.00    
  341.0000000       1.0000      0.96910      8.08608E-02   400.00    
  341.0334978       1.0000      0.96910      8.08631E-02   400.00    
  341.0669955       1.0000      0.96910      8.08662E-02   400.00    
  341.0986329       1.0000      0.96910      8.08714E-02   400.00    
  341.1209903       1.0000      0.96910      8.08764E-02   400.00    
  341.1405617       1.0000      0.96910      8.08816E-02   400.00    
  341.1612116       1.0000      0.96910      8.08882E-02   400.00    
  341.1798055       1.0000      0.96910      8.08949E-02   400.00    
  341.1984890       1.0000      0.96910      8.09025E-02   400.00    
  341.2164927       1.0000      0.96910      8.09105E-02   400.00    
  341.2347019       1.0000      0.96910      8.09193E-02   400.00    
  341.2529417       1.0000      0.96910      8.09288E-02   400.00    
  341.2719537       1.0000      0.96910      8.09395E-02   400.00    
  341.2926427       1.0000      0.96910      8.09520E-02   400.00    
  341.3153501       1.0000      0.96910      8.09668E-02   400.00    
  341.3408346       1.0000      0.96910      8.09847E-02   400.00    
  341.3695986       1.0000      0.96910      8.10065E-02   400.00    
  341.4029150       1.0000      0.96910      8.10338E-02   400.00    
  341.4420061       1.0000      0.96910      8.10686E-02   400.00    
  341.4891999       1.0000      0.96910      8.11144E-02   400.00    
  341.5478014       1.0000      0.96910      8.11767E-02   400.00    
  341.6239840       1.0000      0.96910      8.12666E-02   400.00    
  341.7273979       1.0000      0.96911      8.14023E-02   400.00    
  341.8824781       1.0000      0.96911      8.16359E-02   400.00    
  342.0000000       1.0000      0.96911      8.18277E-02   400.00    
  342.0000000       1.0000      0.96911      8.18277E-02   400.00    
  342.0253099       1.0000      0.96912      8.18696E-02   400.00    
  342.0506198       1.0000      0.96912      8.19122E-02   400.00    
  342.1012396       1.0000      0.96912      8.20062E-02   400.00    
  342.2024792       1.0000      0.96912      8.22287E-02   400.00    
  342.4049584       1.0000      0.96914      8.28467E-02   400.00    
  342.8099168       1.0000      0.96917      8.44929E-02   400.00    
  343.0000000       1.0000      0.96919      8.52731E-02   400.00    
  343.0000000       1.0000      0.96919      8.52731E-02   400.00    
  343.0343945       1.0000      0.96919      7.93286E-02   400.00    
  343.0687890       1.0000      0.96919      7.53915E-02   400.00    
  343.1011679       1.0000      0.96919      7.43644E-02   400.00    
  343.1334259       1.0000      0.96920      7.48158E-02   400.00    
  343.1754230       1.0000      0.96920      7.56858E-02   400.00    
  343.2405886       1.0000      0.96920      7.61755E-02   400.00    
  343.3211551       1.0000      0.96921      7.63353E-02   400.00    
  343.4506229       1.0000      0.96921      7.65935E-02   400.00    
  343.6546876       1.0000      0.96922      7.69846E-02   400.00    
  344.0000000       1.0000      0.96924      7.74759E-02   400.00    
  344.0000000       1.0000      0.96924      7.74759E-02   400.00    
  344.0275156       1.0000      0.96924      7.75139E-02   400.00    
  344.0550312       1.0000      0.96924      7.75508E-02   400.00    
  344.1100624       1.0000      0.96924      7.76205E-02   400.00    
  344.2201247       1.0000      0.96924      7.77473E-02   400.00    
  344.4402494       1.0000      0.96925      7.79512E-02   400.00    
  344.8804989       1.0000      0.96925      7.82323E-02   400.00    
  345.0000000       1.0000      0.96925      7.83001E-02   400.00    
  345.0000000       1.0000      0.96925      7.83001E-02   400.00    
  345.3521996       1.0000      0.96926      7.84465E-02   400.00    
  345.7043991       1.0000      0.96926      7.85541E-02   400.00    
  346.0000000       1.0000      0.96926      7.86232E-02   400.00    
  346.0000000       1.0000      0.96926      7.86232E-02   400.00    
  346.2817596       1.0000      0.96926      7.86742E-02   400.00    
  346.5635193       1.0000      0.96926      7.87139E-02   400.00    
  347.0000000       1.0000      0.96927      7.87564E-02   400.00    
  347.0000000       1.0000      0.96927      7.87564E-02   400.00    
  347.2254077       1.0000      0.96927      7.87742E-02   400.00    
  347.4508154       1.0000      0.96927      7.87887E-02   400.00    
  347.9016308       1.0000      0.96927      7.88085E-02   400.00    
  348.0000000       1.0000      0.96927      7.88124E-02   400.00    
  348.0000000       1.0000      0.96927      7.88124E-02   400.00    
  348.3606523       1.0000      0.96927      7.88230E-02   400.00    
  348.7213047       1.0000      0.96927      7.88307E-02   400.00    
  349.0000000       1.0000      0.96927      7.88353E-02   400.00    
  349.0000000       1.0000      0.96927      7.88353E-02   400.00    
  349.2885219       1.0000      0.96927      7.88391E-02   400.00    
  349.5770437       1.0000      0.96927      7.88420E-02   400.00    
  350.0000000       1.0000      0.96927      7.88449E-02   400.00    
  350.0000000       1.0000      0.96927      7.88449E-02   400.00    
  350.2308175       1.0000      0.96927      7.88463E-02   400.00    
  350.4616350       1.0000      0.96927      7.88474E-02   400.00    
  350.9232700       1.0000      0.96927      7.88489E-02   400.00    
  351.0000000       1.0000      0.96927      7.88491E-02   400.00    
  351.0000000       1.0000      0.96927      7.88491E-02   400.00    
  351.3693080       1.0000      0.96927      7.88500E-02   400.00    
  351.7386160       1.0000      0.96927      7.88506E-02   400.00    
  352.0000000       1.0000      0.96927      7.88509E-02   400.00    
  352.0000000       1.0000      0.96927      7.88509E-02   400.00    
  352.2954464       1.0000      0.96927      7.88512E-02   400.00    
  352.5908928       1.0000      0.96927      7.88515E-02   400.00    
  353.0000000       1.0000      0.96927      7.88517E-02   400.00    
  353.0000000       1.0000      0.96927      7.88517E-02   400.00    
  353.2363571       1.0000      0.96927      7.88519E-02   400.00    
  353.4727142       1.0000      0.96927      7.88521E-02   400.00    
  353.9454285       1.0000      0.96927      7.88522E-02   400.00    
  354.0000000       1.0000      0.96927      7.88522E-02   400.00    
  354.0000000       1.0000      0.96927      7.88522E-02   400.00    
  354.0046237       1.0000      0.96927      7.91655E-02   400.00    
  354.0092474       1.0000      0.96927      7.97635E-02   400.00    
  354.0134995       1.0000      0.96927      8.03323E-02   400.00    
  354.0183217       1.0000      0.96927      8.09558E-02   400.00    
  354.0235101       1.0000      0.96927      8.16029E-02   400.00    
  354.0295713       1.0000      0.96927      8.23277E-02   400.00    
  354.0367419       1.0000      0.96927      8.31439E-02   400.00    
  354.0460348       1.0000      0.96927      8.41375E-02   400.00    
  354.0614277       1.0000      0.96927      8.56267E-02   400.00    
  354.0775703       1.0000      0.96927      8.70433E-02   400.00    
  354.0952626       1.0000      0.96927      8.84365E-02   400.00    
  354.1127914       1.0000      0.96927      8.96936E-02   400.00    
  354.1321188       1.0000      0.96927      9.09437E-02   400.00    
  354.1528605       1.0000      0.96927      9.11036E-02   400.00    
  354.1761060       1.0000      0.96927      9.04043E-02   400.00    
  354.2020696       1.0000      0.96927      8.95181E-02   400.00    
  354.2320001       1.0000      0.96927      8.89974E-02   400.00    
  354.2670234       1.0000      0.96927      8.89705E-02   400.00    
  354.3090898       1.0000      0.96927      8.91635E-02   400.00    
  354.3608224       1.0000      0.96927      8.92813E-02   400.00    
  354.4274251       1.0000      0.96927      8.92836E-02   400.00    
  354.5171731       1.0000      0.96927      8.92645E-02   400.00    
  354.6460647       1.0000      0.96927      8.92614E-02   400.00    
  354.8494440       1.0000      0.96927      8.92620E-02   400.00    
  355.0000000       1.0000      0.96927      8.92613E-02   400.00    
  355.0000000       1.0000      0.96927      8.92613E-02   400.00    
  355.0034017       1.0000      0.96927      8.92613E-02   400.00    
  355.0068033       1.0000      0.96927      8.92613E-02   400.00    
  355.0136067       1.0000      0.96927      8.92612E-02   400.00    
  355.0272133       1.0000      0.96927      8.92609E-02   400.00    
  355.0544266       1.0000      0.96927      8.92605E-02   400.00    
  355.1088533       1.0000      0.96927      8.92602E-02   400.00    
  355.2177066       1.0000      0.96927      8.92599E-02   400.00    
  355.4354132       1.0000      0.96927      8.92594E-02   400.00    
  355.8708263       1.0000      0.96927      8.92584E-02   400.00    
  356.0000000       1.0000      0.96927      8.92582E-02   400.00    
  356.0000000       1.0000      0.96927      8.92582E-02   400.00    
  356.3483305       1.0000      0.96927      8.92576E-02   400.00    
  356.6966611       1.0000      0.96927      8.92570E-02   400.00    
  357.0000000       1.0000      0.96927      8.92566E-02   400.00    
  357.0000000       1.0000      0.96927      8.92566E-02   400.00    
  357.2786644       1.0000      0.96927      8.92563E-02   400.00    
  357.5573289       1.0000      0.96927      8.92559E-02   400.00    
  358.0000000       1.0000      0.96927      8.92555E-02   400.00    
  358.0000000       1.0000      0.96927      8.92555E-02   400.00    
  358.2229315       1.0000      0.96927      8.92553E-02   400.00    
  358.4458631       1.0000      0.96927      8.91783E-02   400.00    
  358.4664372       1.0000      0.96927      8.91702E-02   400.00    
  358.5075854       1.0000      0.96927      8.91518E-02   400.00    
  358.5075855       1.0000      0.96927      8.91518E-02   400.00    
  358.6859307       1.0000      0.96926      8.89988E-02   400.00    
  358.8642759       1.0000      0.96926      8.87919E-02   400.00    
  359.0000000       1.0000      0.96925      8.86072E-02   400.00    
  359.0000000       1.0000      0.96925      8.86072E-02   400.00    
  359.1426762       1.0000      0.96925      8.83910E-02   400.00    
  359.2853524       1.0000      0.96925      8.81590E-02   400.00    
  359.5707047       1.0000      0.96924      8.76474E-02   400.00    
  360.0000000       1.0000      0.96922      8.68102E-02   400.00    
