#      time         order        q_cool       q_equip      q_heat       q_light      q_loss       q_occ        qintw        ql_a         qventil      qwcb         qwind     
  336.0000000       1.0000       0.0000       0.0000       2076.1       0.0000       0.0000       0.0000       215.53      -64.509      -132.35      -1681.1      -413.63    
  336.0277111       1.0000       0.0000       0.0000       2077.8       0.0000       0.0000       0.0000       214.43      -64.526      -132.35      -1681.6      -413.72    
  336.0554222       1.0000       0.0000       0.0000       2079.5       0.0000       0.0000       0.0000       213.33      -64.543      -132.35      -1682.1      -413.81    
  336.0682198       1.0000       0.0000       0.0000       2080.2       0.0000       0.0000       0.0000       212.83      -64.550      -132.35      -1682.3      -413.85    
  336.0682198       1.0000       0.0000       0.0000       2080.2       0.0000       0.0000       0.0000       212.83      -64.550      -132.35      -1682.3      -413.85    
  336.0903887       1.0000       0.0000       0.0000       2081.6       0.0000       0.0000       0.0000       211.96      -64.559      -132.35      -1682.7      -413.92    
  336.1125575       1.0000       0.0000       0.0000       2082.9       0.0000       0.0000       0.0000       211.10      -64.567      -132.35      -1683.1      -413.99    
  336.1568953       1.0000       0.0000       0.0000       2085.5       0.0000       0.0000       0.0000       209.41      -64.584      -132.35      -1683.8      -414.12    
  336.2455708       1.0000       0.0000       0.0000       2090.6       0.0000       0.0000       0.0000       206.07      -64.618      -132.35      -1685.3      -414.38    
  336.4229219       1.0000       0.0000       0.0000       2100.4       0.0000       0.0000       0.0000       199.81      -64.685      -132.35      -1688.3      -414.83    
  336.7776240       1.0000       0.0000       0.0000       2118.7       0.0000       0.0000       0.0000       188.42      -64.822      -132.36      -1694.3      -415.63    
  337.0000000       1.0000       0.0000       0.0000       2129.7       0.0000       0.0000       0.0000       181.71      -64.908      -132.36      -1698.0      -416.12    
  337.0000000       1.0000       0.0000       0.0000       2129.7       0.0000       0.0000       0.0000       181.71      -64.908      -132.36      -1698.0      -416.12    
  337.2837617       1.0000       0.0000       0.0000       2142.9       0.0000       0.0000       0.0000       173.78      -64.994      -132.36      -1702.7      -416.67    
  337.5675234       1.0000       0.0000       0.0000       2155.6       0.0000       0.0000       0.0000       166.40      -65.075      -132.36      -1707.4      -417.16    
  338.0000000       1.0000       0.0000       0.0000       2173.7       0.0000       0.0000       0.0000       156.26      -65.198      -132.36      -1714.5      -417.87    
  338.0000000       1.0000       0.0000       0.0000       2173.7       0.0000       0.0000       0.0000       156.26      -65.198      -132.36      -1714.5      -417.87    
  338.2270094       1.0000       0.0000       0.0000       2182.8       0.0000       0.0000       0.0000       151.22      -65.264      -132.36      -1718.2      -418.23    
  338.4540187       1.0000       0.0000       0.0000       2191.7       0.0000       0.0000       0.0000       146.44      -65.329      -132.36      -1721.9      -418.59    
  338.9080375       1.0000       0.0000       0.0000       2208.5       0.0000       0.0000       0.0000       137.80      -65.461      -132.36      -1729.2      -419.30    
  339.0000000       1.0000       0.0000       0.0000       2211.9       0.0000       0.0000       0.0000       136.08      -65.488      -132.36      -1730.6      -419.45    
  339.0000000       1.0000       0.0000       0.0000       2211.9       0.0000       0.0000       0.0000       136.08      -65.488      -132.36      -1730.6      -419.45    
  339.3632150       1.0000       0.0000       0.0000       2224.4       0.0000       0.0000       0.0000       129.81      -65.562      -132.36      -1736.4      -419.93    
  339.7264300       1.0000       0.0000       0.0000       2236.4       0.0000       0.0000       0.0000       123.99      -65.630      -132.36      -1742.1      -420.34    
  340.0000000       1.0000       0.0000       0.0000       2245.2       0.0000       0.0000       0.0000       119.84      -65.682      -132.36      -1746.4      -420.64    
  340.0000000       1.0000       0.0000       0.0000       2245.2       0.0000       0.0000       0.0000       119.84      -65.682      -132.36      -1746.4      -420.64    
  340.2001218       1.0000       0.0000       0.0000       2251.3       0.0000       0.0000       0.0000       116.93      -65.663      -132.36      -1749.4      -420.72    
  340.4002436       1.0000       0.0000       0.0000       2257.0       0.0000       0.0000       0.0000       114.13      -65.616      -132.36      -1752.5      -420.66    
  340.4264857       1.0000       0.0000       0.0000       2257.8       0.0000       0.0000       0.0000       113.77      -65.610      -132.36      -1752.9      -420.65    
  340.4789699       1.0000       0.0000       0.0000       2259.3       0.0000       0.0000       0.0000       113.04      -65.598      -132.36      -1753.7      -420.63    
  340.4789699       1.0000       0.0000       0.0000       2259.3       0.0000       0.0000       0.0000       113.04      -65.598      -132.36      -1753.7      -420.63    
  340.6390673       1.0000       0.0000       0.0000       2263.7       0.0000       0.0000       0.0000       110.90      -65.562      -132.36      -1756.1      -420.50    
  340.7991647       1.0000       0.0000       0.0000       2267.9       0.0000       0.0000       0.0000       108.82      -65.526      -132.36      -1758.5      -420.34    
  341.0000000       1.0000       0.0000       0.0000       2273.2       0.0000       0.0000       0.0000       106.29      -65.482      -132.36      -1761.5      -420.11    
  341.0000000       1.0000       0.0000       0.0000       2273.2       0.0000       0.0000       0.0000       106.29      -65.482      -132.36      -1761.5      -420.11    
  341.0334978       1.0000       0.0000       0.0000       2274.1       0.0000       0.0000       0.0000       105.88      -65.475      -132.36      -1762.0      -420.07    
  341.0669955       1.0000       0.0000       0.0000       2274.9       0.0000       0.0000       0.0000       105.46      -65.468      -132.36      -1762.5      -420.03    
  341.0986329       1.0000       0.0000       0.0000       2275.7       0.0000       0.0000       0.0000       105.07      -65.444      -132.37      -1763.0      -419.98    
  341.1209903       1.0000       0.0000       0.0000       2276.3       0.0000       0.0000       0.0000       104.80      -65.427      -132.37      -1763.3      -419.94    
  341.1405617       1.0000       0.0000       0.0000       2276.7       0.0000       0.0000       0.0000       104.56      -65.413      -132.37      -1763.6      -419.91    
  341.1612116       1.0000       0.0000       0.0000       2277.2       0.0000       0.0000       0.0000       104.31      -65.397      -132.37      -1763.9      -419.87    
  341.1798055       1.0000       0.0000       0.0000       2277.7       0.0000       0.0000       0.0000       104.09      -65.383      -132.37      -1764.2      -419.83    
  341.1984890       1.0000       0.0000       0.0000       2278.1       0.0000       0.0000       0.0000       103.87      -65.369      -132.37      -1764.4      -419.79    
  341.2164927       1.0000       0.0000       0.0000       2278.5       0.0000       0.0000       0.0000       103.65      -65.355      -132.37      -1764.7      -419.75    
  341.2347019       1.0000       0.0000       0.0000       2279.0       0.0000       0.0000       0.0000       103.43      -65.341      -132.37      -1765.0      -419.70    
  341.2529417       1.0000       0.0000       0.0000       2279.4       0.0000       0.0000       0.0000       103.22      -65.328      -132.37      -1765.2      -419.66    
  341.2719537       1.0000       0.0000       0.0000       2279.8       0.0000       0.0000       0.0000       102.99      -65.314      -132.37      -1765.5      -419.61    
  341.2926427       1.0000       0.0000       0.0000       2280.3       0.0000       0.0000       0.0000       102.75      -65.298      -132.37      -1765.8      -419.56    
  341.3153501       1.0000       0.0000       0.0000       2280.8       0.0000       0.0000       0.0000       102.48      -65.281      -132.37      -1766.1      -419.49    
  341.3408346       1.0000       0.0000       0.0000       2281.4       0.0000       0.0000       0.0000       102.18      -65.262      -132.37      -1766.5      -419.42    
  341.3695986       1.0000       0.0000       0.0000       2282.0       0.0000       0.0000       0.0000       101.84      -65.241      -132.37      -1766.9      -419.33    
  341.4029150       1.0000       0.0000       0.0000       2282.8       0.0000       0.0000       0.0000       101.46      -65.216      -132.37      -1767.4      -419.22    
  341.4420061       1.0000       0.0000       0.0000       2283.6       0.0000       0.0000       0.0000       101.00      -65.187      -132.37      -1768.0      -419.09    
  341.4891999       1.0000       0.0000       0.0000       2284.6       0.0000       0.0000       0.0000       100.46      -65.152      -132.37      -1768.7      -418.93    
  341.5478014       1.0000       0.0000       0.0000       2285.9       0.0000       0.0000       0.0000       99.793      -65.109      -132.37      -1769.5      -418.72    
  341.6239840       1.0000       0.0000       0.0000       2287.5       0.0000       0.0000       0.0000       98.936      -65.053      -132.37      -1770.6      -418.43    
  341.7273979       1.0000       0.0000       0.0000       2289.6       0.0000       0.0000       0.0000       97.787      -64.978      -132.37      -1772.0      -418.03    
  341.8824781       1.0000       0.0000       0.0000       2292.7       0.0000       0.0000      1.18757E-06   96.105      -64.866      -132.37      -1774.2      -417.41    
  342.0000000       1.0000       0.0000       0.0000       2295.0       0.0000       0.0000      2.88719E-06   94.852      -64.782      -132.37      -1775.8      -416.93    
  342.0000000       1.0000       0.0000       0.0000       2295.0       0.0000       0.0000      2.88375E-06   94.852      -64.782      -132.37      -1775.8      -416.93    
  342.0253099       1.0000       0.0000       0.0000       2295.5       0.0000       0.0000      3.97859E-06   94.583      -64.763      -132.37      -1776.2      -416.83    
  342.0506198       1.0000       0.0000       0.0000       2296.0       0.0000       0.0000      5.07346E-06   94.314      -64.745      -132.37      -1776.5      -416.72    
  342.1012396       1.0000       0.0000       0.0000       2297.0       0.0000       0.0000      7.26326E-06   93.786      -64.673      -132.37      -1777.2      -416.48    
  342.2024792       1.0000       0.0000       0.0000       2298.6       0.0000       0.0000      1.17147E-05   92.758      -64.491      -132.37      -1778.6      -415.90    
  342.4049584       1.0000       0.0000       0.0000       2301.3       0.0000       0.0000      2.64599E-05   90.750      -64.131      -132.37      -1781.2      -414.35    
  342.8099168       1.0000       0.0000       0.0000       2305.8       0.0000       0.0000      7.37079E-05   86.839      -63.422      -132.37      -1786.1      -410.69    
  343.0000000       1.0000       0.0000       0.0000       2307.7       0.0000       0.0000      1.03890E-04   85.040      -63.107      -132.37      -1788.4      -408.89    
  343.0000000       1.0000       0.0000       0.0000       2307.7       0.0000       0.0000      1.03890E-04   85.040      -63.107      -132.37      -1788.4      -408.89    
  343.0343945       1.0000       0.0000       0.0000       7229.2       0.0000       0.0000      1.09329E-04  -1401.4      -65.391      -210.67      -2705.8      -476.83    
  343.0687890       1.0000       0.0000       0.0000       6990.2       0.0000       0.0000      1.14783E-04  -1634.7      -67.010      -266.69      -2843.9      -483.01    
  343.1011679       1.0000       0.0000       0.0000       5360.7       0.0000       0.0000      1.19958E-04  -1358.9      -67.437      -282.89      -2665.8      -465.18    
  343.1334259       1.0000       0.0000       0.0000       4174.5       0.0000       0.0000      1.25081E-04  -1064.1      -67.229      -277.82      -2480.8      -447.87    
  343.1754230       1.0000       0.0000       0.0000       3821.5       0.0000       0.0000      1.31752E-04  -918.81      -66.839      -267.23      -2392.5      -438.56    
  343.2405886       1.0000       0.0000       0.0000       4020.4       0.0000       0.0000      1.40931E-04  -924.00      -66.597      -262.95      -2398.7      -436.53    
  343.3211551       1.0000       0.0000       0.0000       4107.9       0.0000       0.0000      1.51403E-04  -929.01      -66.476      -263.69      -2404.4      -434.78    
  343.4506229       1.0000       0.0000       0.0000       4041.2       0.0000       0.0000      1.66771E-04  -889.55      -66.263      -264.29      -2385.1      -431.15    
  343.6546876       1.0000       0.0000       0.0000       3940.3       0.0000       0.0000      1.85827E-04  -826.21      -65.896      -264.28      -2356.8      -427.15    
  344.0000000       1.0000       0.0000       0.0000       3811.5       0.0000       0.0000      2.05000E-04  -736.62      -65.266      -264.24      -2323.0      -422.57    
  344.0000000       1.0000       0.0000       0.0000       3811.5       0.0000       0.0000      2.05000E-04  -736.62      -65.266      -264.24      -2323.0      -422.57    
  344.0275156       1.0000       0.0000       0.0000       3801.5       0.0000       0.0000      2.05399E-04  -729.63      -65.216      -264.23      -2320.4      -422.22    
  344.0550312       1.0000       0.0000       0.0000       3791.8       0.0000       0.0000      2.05798E-04  -722.75      -65.166      -264.23      -2317.9      -421.87    
  344.1100624       1.0000       0.0000       0.0000       3772.9       0.0000       0.0000      2.06596E-04  -709.34      -65.074      -264.22      -2313.1      -421.23    
  344.2201247       1.0000       0.0000       0.0000       3737.3       0.0000       0.0000      2.07900E-04  -683.69      -64.894      -264.22      -2304.5      -420.04    
  344.4402494       1.0000       0.0000       0.0000       3674.3       0.0000       0.0000      2.07910E-04  -637.55      -64.532      -264.20      -2290.2      -417.88    
  344.8804989       1.0000       0.0000       0.0000       3571.3       0.0000       0.0000      2.07924E-04  -560.75      -63.805      -264.18      -2268.8      -413.81    
  345.0000000       1.0000       0.0000       0.0000       3545.0       0.0000       0.0000      2.07928E-04  -541.10      -63.607      -264.18      -2263.4      -412.72    
  345.0000000       1.0000       0.0000       0.0000       3545.0       0.0000       0.0000      2.07928E-04  -541.10      -63.607      -264.18      -2263.4      -412.72    
  345.3521996       1.0000       0.0000       0.0000       3478.3       0.0000       0.0000      2.07935E-04  -490.99      -63.078      -264.17      -2250.4      -409.69    
  345.7043991       1.0000       0.0000       0.0000       3420.2       0.0000       0.0000      2.07940E-04  -447.56      -62.561      -264.16      -2239.2      -406.79    
  346.0000000       1.0000       0.0000       0.0000       3373.8       0.0000       0.0000      2.07943E-04  -413.01      -62.126      -264.15      -2230.2      -404.36    
  346.0000000       1.0000       0.0000       0.0000       3373.8       0.0000       0.0000      2.07943E-04  -413.01      -62.126      -264.15      -2230.2      -404.36    
  346.2817596       1.0000       0.0000       0.0000       3334.2       0.0000       0.0000      2.07946E-04  -383.65      -61.816      -264.15      -2222.3      -402.36    
  346.5635193       1.0000       0.0000       0.0000       3298.8       0.0000       0.0000      2.07948E-04  -357.61      -61.540      -264.14      -2214.9      -400.62    
  347.0000000       1.0000       0.0000       0.0000       3251.2       0.0000       0.0000      2.07950E-04  -323.59      -61.111      -264.14      -2204.2      -398.15    
  347.0000000       1.0000       0.0000       0.0000       3251.2       0.0000       0.0000      2.07950E-04  -323.59      -61.111      -264.14      -2204.2      -398.15    
  347.2254077       1.0000       0.0000       0.0000       3228.5       0.0000       0.0000      2.07951E-04  -307.55      -60.920      -264.13      -2198.9      -396.99    
  347.4508154       1.0000       0.0000       0.0000       3207.4       0.0000       0.0000      2.07952E-04  -292.84      -60.743      -264.13      -2193.8      -395.92    
  347.9016308       1.0000       0.0000       0.0000       3169.9       0.0000       0.0000      2.07953E-04  -267.71      -60.388      -264.13      -2183.7      -393.92    
  348.0000000       1.0000       0.0000       0.0000       3161.9       0.0000       0.0000      2.07953E-04  -262.42      -60.310      -264.13      -2181.6      -393.49    
  348.0000000       1.0000       0.0000       0.0000       3161.9       0.0000       0.0000      2.07953E-04  -262.42      -60.310      -264.13      -2181.6      -393.49    
  348.3606523       1.0000       0.0000       0.0000       3135.4       0.0000       0.0000      2.07953E-04  -245.26      -60.113      -264.12      -2173.7      -392.22    
  348.7213047       1.0000       0.0000       0.0000       3111.2       0.0000       0.0000      2.07954E-04  -229.97      -59.935      -264.12      -2166.0      -391.13    
  349.0000000       1.0000       0.0000       0.0000       3093.5       0.0000       0.0000      2.07954E-04  -219.14      -59.798      -264.12      -2160.1      -390.36    
  349.0000000       1.0000       0.0000       0.0000       3093.5       0.0000       0.0000      2.07954E-04  -219.14      -59.798      -264.12      -2160.1      -390.36    
  349.2885219       1.0000       0.0000       0.0000       3076.7       0.0000       0.0000      2.07954E-04  -208.87      -59.764      -264.12      -2154.1      -389.90    
  349.5770437       1.0000       0.0000       0.0000       3061.1       0.0000       0.0000      2.07954E-04  -199.41      -59.764      -264.12      -2148.1      -389.70    
  350.0000000       1.0000       0.0000       0.0000       3040.0       0.0000       0.0000      2.07954E-04  -187.02      -59.764      -264.11      -2139.4      -389.66    
  350.0000000       1.0000       0.0000       0.0000       3040.0       0.0000       0.0000      2.07954E-04  -187.02      -59.764      -264.11      -2139.4      -389.66    
  350.2308175       1.0000       0.0000       0.0000       3029.3       0.0000       0.0000      2.07954E-04  -180.66      -59.861      -264.11      -2134.8      -389.91    
  350.4616350       1.0000       0.0000       0.0000       3019.3       0.0000       0.0000      2.07954E-04  -174.67      -59.997      -264.11      -2130.1      -390.43    
  350.9232700       1.0000       0.0000       0.0000       3001.3       0.0000       0.0000      2.07954E-04  -163.86      -60.270      -264.11      -2121.1      -391.87    
  351.0000000       1.0000       0.0000       0.0000       2998.3       0.0000       0.0000      2.07954E-04  -162.10      -60.316      -264.11      -2119.7      -392.12    
  351.0000000       1.0000       0.0000       0.0000       2998.3       0.0000       0.0000      2.07954E-04  -162.10      -60.316      -264.11      -2119.7      -392.12    
  351.3693080       1.0000       0.0000       0.0000       2985.2       0.0000       0.0000      2.07955E-04  -154.25      -60.594      -264.11      -2112.7      -393.59    
  351.7386160       1.0000       0.0000       0.0000       2973.1       0.0000       0.0000      2.07955E-04  -146.95      -60.885      -264.11      -2106.0      -395.21    
  352.0000000       1.0000       0.0000       0.0000       2964.9       0.0000       0.0000      2.07955E-04  -142.04      -61.091      -264.11      -2101.3      -396.40    
  352.0000000       1.0000       0.0000       0.0000       2964.9       0.0000       0.0000      2.07955E-04  -142.04      -61.091      -264.11      -2101.3      -396.40    
  352.2954464       1.0000       0.0000       0.0000       2956.4       0.0000       0.0000      2.07955E-04  -136.79      -61.369      -264.11      -2096.2      -397.90    
  352.5908928       1.0000       0.0000       0.0000       2948.4       0.0000       0.0000      2.07955E-04  -131.79      -61.660      -264.11      -2091.3      -399.51    
  353.0000000       1.0000       0.0000       0.0000       2938.1       0.0000       0.0000      2.05066E-04  -125.31      -62.064      -264.11      -2084.8      -401.84    
  353.0000000       1.0000       0.0000       0.0000       2938.1       0.0000       0.0000      2.05066E-04  -125.31      -62.064      -264.11      -2084.8      -401.84    
  353.2363571       1.0000       0.0000       0.0000       2932.8       0.0000       0.0000      1.93776E-04  -121.71      -62.380      -264.10      -2081.2      -403.41    
  353.4727142       1.0000       0.0000       0.0000       2928.0       0.0000       0.0000      1.74610E-04  -118.23      -62.730      -264.10      -2077.8      -405.19    
  353.9454285       1.0000       0.0000       0.0000       2919.7       0.0000       0.0000      1.12646E-04  -111.68      -63.429      -264.10      -2071.4      -409.08    
  354.0000000       1.0000       0.0000       0.0000       2918.8       0.0000       0.0000      1.03977E-04  -110.99      -63.510      -264.10      -2070.7      -409.54    
  354.0000000       1.0000       0.0000       0.0000       2918.8       0.0000       0.0000      1.03977E-04  -110.99      -63.510      -264.10      -2070.7      -409.54    
  354.0046237       1.0000       0.0000       0.0000       1340.1       0.0000       0.0000      1.03243E-04   256.82      -63.389      -259.85      -1838.4      -391.55    
  354.0092474       1.0000       0.0000       0.0000     -3.95278E-03   0.0000       0.0000      1.02508E-04   590.25      -63.166      -252.17      -1629.1      -375.42    
  354.0134995       1.0000       0.0000       0.0000       0.0000       0.0000       0.0000      1.01832E-04   625.71      -62.968      -245.36      -1609.1      -374.04    
  354.0183217       1.0000       0.0000       0.0000       0.0000       0.0000       0.0000      1.01067E-04   663.52      -62.754      -237.96      -1587.5      -372.60    
  354.0235101       1.0000       0.0000       0.0000       0.0000       0.0000       0.0000      1.00243E-04   701.59      -62.533      -230.35      -1565.5      -371.17    
  354.0295713       1.0000       0.0000       0.0000       0.0000       0.0000       0.0000      9.92798E-05   742.86      -62.289      -221.89      -1540.1      -369.66    
  354.0367419       1.0000       0.0000       0.0000       0.0000       0.0000       0.0000      9.81407E-05   787.60      -62.018      -212.48      -1511.9      -368.07    
  354.0460348       1.0000       0.0000       0.0000       0.0000       0.0000       0.0000      9.66645E-05   839.63      -61.692      -201.15      -1478.7      -366.29    
  354.0614277       1.0000       0.0000       0.0000       0.0000       0.0000       0.0000      9.42193E-05   912.66      -61.215      -184.46      -1431.3      -364.00    
  354.0775703       1.0000       0.0000       0.0000       0.0000       0.0000       0.0000      9.16549E-05   976.93      -60.769      -168.90      -1388.5      -362.17    
  354.0952626       1.0000       0.0000       0.0000       0.0000       0.0000       0.0000      8.88444E-05   1040.8      -60.339      -153.90      -1348.2      -360.69    
  354.1127914       1.0000       0.0000       0.0000       0.0000       0.0000       0.0000      8.60599E-05   1086.9      -59.961      -140.63      -1314.3      -359.67    
  354.1321188       1.0000       0.0000       0.0000       0.0000       0.0000       0.0000      8.29897E-05   1129.1      -59.593      -127.65      -1282.3      -358.93    
  354.1528605       1.0000       0.0000       0.0000      3.81521E-02   0.0000       0.0000      7.96948E-05   1168.6      -59.247      -115.35      -1252.8      -358.46    
  354.1761060       1.0000       0.0000       0.0000       1010.2       0.0000       0.0000      7.60021E-05   934.74      -59.274      -115.40      -1396.5      -371.35    
  354.2020696       1.0000       0.0000       0.0000       1630.5       0.0000       0.0000      7.19375E-05   762.70      -59.544      -123.46      -1505.7      -381.40    
  354.2320001       1.0000       0.0000       0.0000       1681.1       0.0000       0.0000      6.80474E-05   720.08      -59.824      -131.74      -1536.4      -385.12    
  354.2670234       1.0000       0.0000       0.0000       1427.4       0.0000       0.0000      6.34953E-05   763.58      -59.962      -135.08      -1512.4      -384.45    
  354.3090898       1.0000       0.0000       0.0000       1231.8       0.0000       0.0000      5.80279E-05   807.65      -59.979      -134.11      -1485.8      -383.56    
  354.3608224       1.0000       0.0000       0.0000       1215.9       0.0000       0.0000      5.13041E-05   811.68      -59.986      -132.49      -1483.2      -384.52    
  354.4274251       1.0000       0.0000       0.0000       1273.3       0.0000       0.0000      4.34398E-05   793.21      -60.045      -132.06      -1494.7      -386.51    
  354.5171731       1.0000       0.0000       0.0000       1315.3       0.0000       0.0000      3.43672E-05   773.73      -60.147      -132.20      -1506.6      -388.38    
  354.6460647       1.0000       0.0000       0.0000       1349.8       0.0000       0.0000      2.26682E-05   751.92      -60.289      -132.28      -1518.5      -390.09    
  354.8494440       1.0000       0.0000       0.0000       1407.0       0.0000       0.0000      9.41093E-06   712.96      -60.510      -132.27      -1535.2      -391.99    
  355.0000000       1.0000       0.0000       0.0000       1450.9       0.0000       0.0000      2.88826E-06   682.10      -60.673      -132.27      -1546.9      -393.16    
  355.0000000       1.0000       0.0000       0.0000       1450.9       0.0000       0.0000      2.88826E-06   682.10      -60.673      -132.27      -1546.9      -393.16    
  355.0034017       1.0000       0.0000       0.0000       1451.9       0.0000       0.0000      2.83913E-06   681.39      -60.677      -132.27      -1547.2      -393.19    
  355.0068033       1.0000       0.0000       0.0000       1452.9       0.0000       0.0000      2.79001E-06   680.68      -60.680      -132.27      -1547.4      -393.22    
  355.0136067       1.0000       0.0000       0.0000       1454.9       0.0000       0.0000      2.69176E-06   679.25      -60.688      -132.27      -1548.0      -393.27    
  355.0272133       1.0000       0.0000       0.0000       1458.9       0.0000       0.0000      2.49526E-06   676.40      -60.702      -132.27      -1549.0      -393.37    
  355.0544266       1.0000       0.0000       0.0000       1467.0       0.0000       0.0000      2.10227E-06   670.67      -60.732      -132.27      -1551.1      -393.58    
  355.1088533       1.0000       0.0000       0.0000       1482.4       0.0000       0.0000      1.31628E-06   659.78      -60.783      -132.27      -1555.1      -393.94    
  355.2177066       1.0000       0.0000       0.0000       1508.8       0.0000       0.0000       0.0000       640.86      -60.880      -132.29      -1561.8      -394.56    
  355.4354132       1.0000       0.0000       0.0000       1557.3       0.0000       0.0000       0.0000       605.04      -61.074      -132.29      -1573.3      -395.64    
  355.8708263       1.0000       0.0000       0.0000       1641.1       0.0000       0.0000       0.0000       541.46      -61.460      -132.31      -1591.2      -397.61    
  356.0000000       1.0000       0.0000       0.0000       1665.2       0.0000       0.0000       0.0000       523.09      -61.575      -132.31      -1596.2      -398.19    
  356.0000000       1.0000       0.0000       0.0000       1665.2       0.0000       0.0000       0.0000       523.09      -61.575      -132.31      -1596.2      -398.19    
  356.3483305       1.0000       0.0000       0.0000       1723.0       0.0000       0.0000       0.0000       478.52      -61.885      -132.32      -1607.6      -399.74    
  356.6966611       1.0000       0.0000       0.0000       1774.9       0.0000       0.0000       0.0000       438.42      -62.194      -132.32      -1617.4      -401.31    
  357.0000000       1.0000       0.0000       0.0000       1816.0       0.0000       0.0000       0.0000       406.65      -62.463      -132.33      -1625.2      -402.69    
  357.0000000       1.0000       0.0000       0.0000       1816.0       0.0000       0.0000       0.0000       406.65      -62.463      -132.33      -1625.2      -402.69    
  357.2786644       1.0000       0.0000       0.0000       1850.6       0.0000       0.0000       0.0000       379.99      -62.669      -132.33      -1631.7      -403.85    
  357.5573289       1.0000       0.0000       0.0000       1882.3       0.0000       0.0000       0.0000       355.64      -62.862      -132.33      -1637.8      -404.92    
  358.0000000       1.0000       0.0000       0.0000       1926.7       0.0000       0.0000       0.0000       322.12      -63.167      -132.34      -1646.7      -406.55    
  358.0000000       1.0000       0.0000       0.0000       1926.7       0.0000       0.0000       0.0000       322.12      -63.167      -132.34      -1646.7      -406.55    
  358.2229315       1.0000       0.0000       0.0000       1947.4       0.0000       0.0000       0.0000       306.49      -63.321      -132.34      -1650.8      -407.36    
  358.4458631       1.0000       0.0000       0.0000       1966.9       0.0000       0.0000       0.0000       291.96      -63.485      -132.34      -1654.9      -408.17    
  358.4664372       1.0000       0.0000       0.0000       1968.7       0.0000       0.0000       0.0000       290.62      -63.501      -132.34      -1655.2      -408.25    
  358.5075854       1.0000       0.0000       0.0000       1972.3       0.0000       0.0000       0.0000       287.97      -63.532      -132.34      -1656.0      -408.40    
  358.5075855       1.0000       0.0000       0.0000       1972.3       0.0000       0.0000       0.0000       287.97      -63.532      -132.34      -1656.0      -408.40    
  358.6859307       1.0000       0.0000       0.0000       1987.0       0.0000       0.0000       0.0000       277.24      -63.666      -132.35      -1659.2      -409.06    
  358.8642759       1.0000       0.0000       0.0000       2001.1       0.0000       0.0000       0.0000       267.10      -63.797      -132.35      -1662.3      -409.72    
  359.0000000       1.0000       0.0000       0.0000       2011.5       0.0000       0.0000       0.0000       259.73      -63.896      -132.35      -1664.7      -410.23    
  359.0000000       1.0000       0.0000       0.0000       2011.5       0.0000       0.0000       0.0000       259.73      -63.896      -132.35      -1664.7      -410.23    
  359.1426762       1.0000       0.0000       0.0000       2022.0       0.0000       0.0000       0.0000       252.32      -63.992      -132.35      -1667.2      -410.75    
  359.2853524       1.0000       0.0000       0.0000       2032.1       0.0000       0.0000       0.0000       245.25      -64.079      -132.35      -1669.7      -411.25    
  359.5707047       1.0000       0.0000       0.0000       2051.1       0.0000       0.0000       0.0000       232.30      -64.252      -132.35      -1674.6      -412.22    
  360.0000000       1.0000       0.0000       0.0000       2077.2       0.0000       0.0000       0.0000       215.08      -64.506      -132.35      -1681.8      -413.62    
