#      time         order        qbridges     qcdwalls2z   qdaylite     qequip2zon   qhc2zone     qlcwinds2z   qlite        qloss        qocc2zone    qterm2zone
  336.0000000       1.0000       0.0000      -1317.0       0.0000       0.0000       1513.9       0.0000       0.0000       0.0000       0.0000      -201.18    
  336.0277111       1.0000       0.0000      -1318.7       0.0000       0.0000       1515.6       0.0000       0.0000       0.0000       0.0000      -201.25    
  336.0554222       1.0000       0.0000      -1320.3       0.0000       0.0000       1517.2       0.0000       0.0000       0.0000       0.0000      -201.29    
  336.0682198       1.0000       0.0000      -1321.1       0.0000       0.0000       1518.0       0.0000       0.0000       0.0000       0.0000      -201.30    
  336.0682198       1.0000       0.0000      -1321.1       0.0000       0.0000       1518.0       0.0000       0.0000       0.0000       0.0000      -201.30    
  336.0903887       1.0000       0.0000      -1322.4       0.0000       0.0000       1519.3       0.0000       0.0000       0.0000       0.0000      -201.29    
  336.1125575       1.0000       0.0000      -1323.7       0.0000       0.0000       1520.6       0.0000       0.0000       0.0000       0.0000      -201.28    
  336.1568953       1.0000       0.0000      -1326.3       0.0000       0.0000       1523.2       0.0000       0.0000       0.0000       0.0000      -201.25    
  336.2455708       1.0000       0.0000      -1331.4       0.0000       0.0000       1528.4       0.0000       0.0000       0.0000       0.0000      -201.21    
  336.4229219       1.0000       0.0000      -1341.2       0.0000       0.0000       1538.2       0.0000       0.0000       0.0000       0.0000      -201.15    
  336.7776240       1.0000       0.0000      -1359.4       0.0000       0.0000       1556.6       0.0000       0.0000       0.0000       0.0000      -201.10    
  337.0000000       1.0000       0.0000      -1370.4       0.0000       0.0000       1567.6       0.0000       0.0000       0.0000       0.0000      -201.08    
  337.0000000       1.0000       0.0000      -1370.4       0.0000       0.0000       1567.6       0.0000       0.0000       0.0000       0.0000      -201.08    
  337.2837617       1.0000       0.0000      -1383.6       0.0000       0.0000       1581.0       0.0000       0.0000       0.0000       0.0000      -200.92    
  337.5675234       1.0000       0.0000      -1396.2       0.0000       0.0000       1593.7       0.0000       0.0000       0.0000       0.0000      -200.76    
  338.0000000       1.0000       0.0000      -1414.2       0.0000       0.0000       1611.7       0.0000       0.0000       0.0000       0.0000      -200.63    
  338.0000000       1.0000       0.0000      -1414.2       0.0000       0.0000       1611.7       0.0000       0.0000       0.0000       0.0000      -200.63    
  338.2270094       1.0000       0.0000      -1423.3       0.0000       0.0000       1620.9       0.0000       0.0000       0.0000       0.0000      -200.59    
  338.4540187       1.0000       0.0000      -1432.0       0.0000       0.0000       1629.7       0.0000       0.0000       0.0000       0.0000      -200.56    
  338.9080375       1.0000       0.0000      -1448.5       0.0000       0.0000       1646.3       0.0000       0.0000       0.0000       0.0000      -200.57    
  339.0000000       1.0000       0.0000      -1451.8       0.0000       0.0000       1649.6       0.0000       0.0000       0.0000       0.0000      -200.57    
  339.0000000       1.0000       0.0000      -1451.8       0.0000       0.0000       1649.6       0.0000       0.0000       0.0000       0.0000      -200.57    
  339.3632150       1.0000       0.0000      -1464.1       0.0000       0.0000       1662.1       0.0000       0.0000       0.0000       0.0000      -200.39    
  339.7264300       1.0000       0.0000      -1475.9       0.0000       0.0000       1673.9       0.0000       0.0000       0.0000       0.0000      -200.23    
  340.0000000       1.0000       0.0000      -1484.5       0.0000       0.0000       1682.6       0.0000       0.0000       0.0000       0.0000      -200.15    
  340.0000000       1.0000       0.0000      -1484.5       0.0000       0.0000       1682.6       0.0000       0.0000       0.0000       0.0000      -200.15    
  340.2001218       1.0000       0.0000      -1490.6       0.0000       0.0000       1688.6       0.0000       0.0000       0.0000       0.0000      -199.68    
  340.4002436       1.0000       0.0000      -1496.5       0.0000       0.0000       1694.5       0.0000       0.0000       0.0000       0.0000      -199.08    
  340.4264857       1.0000       0.0000      -1497.3       0.0000       0.0000       1695.3       0.0000       0.0000       0.0000       0.0000      -199.00    
  340.4789699       1.0000       0.0000      -1498.9       0.0000       0.0000       1696.8       0.0000       0.0000       0.0000       0.0000      -198.85    
  340.4789699       1.0000       0.0000      -1498.9       0.0000       0.0000       1696.8       0.0000       0.0000       0.0000       0.0000      -198.85    
  340.6390673       1.0000       0.0000      -1503.5       0.0000       0.0000       1701.4       0.0000       0.0000       0.0000       0.0000      -198.45    
  340.7991647       1.0000       0.0000      -1508.0       0.0000       0.0000       1705.9       0.0000       0.0000       0.0000       0.0000      -198.11    
  341.0000000       1.0000       0.0000      -1513.6       0.0000       0.0000       1711.4       0.0000       0.0000       0.0000       0.0000      -197.75    
  341.0000000       1.0000       0.0000      -1513.6       0.0000       0.0000       1711.4       0.0000       0.0000       0.0000       0.0000      -197.75    
  341.0334978       1.0000       0.0000      -1514.5       0.0000       0.0000       1712.3       0.0000       0.0000       0.0000       0.0000      -197.69    
  341.0669955       1.0000       0.0000      -1515.4       0.0000       0.0000       1713.3       0.0000       0.0000       0.0000       0.0000      -197.63    
  341.0986329       1.0000       0.0000      -1516.3       0.0000       0.0000       1714.1       0.0000       0.0000       0.0000       0.0000      -197.44    
  341.1209903       1.0000       0.0000      -1516.9       0.0000       0.0000       1714.7       0.0000       0.0000       0.0000       0.0000      -197.30    
  341.1405617       1.0000       0.0000      -1517.4       0.0000       0.0000       1715.2       0.0000       0.0000       0.0000       0.0000      -197.18    
  341.1612116       1.0000       0.0000      -1518.0       0.0000       0.0000       1715.7       0.0000       0.0000       0.0000       0.0000      -197.06    
  341.1798055       1.0000       0.0000      -1518.5       0.0000       0.0000       1716.2       0.0000       0.0000       0.0000       0.0000      -196.95    
  341.1984890       1.0000       0.0000      -1519.0       0.0000       0.0000       1716.7       0.0000       0.0000       0.0000       0.0000      -196.84    
  341.2164927       1.0000       0.0000      -1519.4       0.0000       0.0000       1717.2       0.0000       0.0000       0.0000       0.0000      -196.74    
  341.2347019       1.0000       0.0000      -1519.9       0.0000       0.0000       1717.6       0.0000       0.0000       0.0000       0.0000      -196.64    
  341.2529417       1.0000       0.0000      -1520.4       0.0000       0.0000       1718.1       0.0000       0.0000       0.0000       0.0000      -196.54    
  341.2719537       1.0000       0.0000      -1520.9       0.0000       0.0000       1718.6       0.0000       0.0000       0.0000       0.0000      -196.43    
  341.2926427       1.0000       0.0000      -1521.5       0.0000       0.0000       1719.1       0.0000       0.0000       0.0000       0.0000      -196.32    
  341.3153501       1.0000       0.0000      -1522.1       0.0000       0.0000       1719.7       0.0000       0.0000       0.0000       0.0000      -196.20    
  341.3408346       1.0000       0.0000      -1522.7       0.0000       0.0000       1720.4       0.0000       0.0000       0.0000       0.0000      -196.07    
  341.3695986       1.0000       0.0000      -1523.5       0.0000       0.0000       1721.1       0.0000       0.0000       0.0000       0.0000      -195.93    
  341.4029150       1.0000       0.0000      -1524.4       0.0000       0.0000       1721.9       0.0000       0.0000       0.0000       0.0000      -195.77    
  341.4420061       1.0000       0.0000      -1525.4       0.0000       0.0000       1722.9       0.0000       0.0000       0.0000       0.0000      -195.58    
  341.4891999       1.0000       0.0000      -1526.6       0.0000       0.0000       1724.1       0.0000       0.0000       0.0000       0.0000      -195.37    
  341.5478014       1.0000       0.0000      -1528.1       0.0000       0.0000       1725.6       0.0000       0.0000       0.0000       0.0000      -195.12    
  341.6239840       1.0000       0.0000      -1530.0       0.0000       0.0000       1727.5       0.0000       0.0000       0.0000       0.0000      -194.81    
  341.7273979       1.0000       0.0000      -1532.6       0.0000       0.0000       1730.0       0.0000       0.0000       0.0000       0.0000      -194.42    
  341.8824781       1.0000       0.0000      -1536.5       0.0000       0.0000       1733.7       0.0000       0.0000       0.0000      1.81676E-06  -193.90    
  342.0000000       1.0000       0.0000      -1539.3       0.0000       0.0000       1736.5       0.0000       0.0000       0.0000      4.41204E-06  -193.54    
  342.0000000       1.0000       0.0000      -1539.3       0.0000       0.0000       1736.5       0.0000       0.0000       0.0000      4.40890E-06  -193.54    
  342.0253099       1.0000       0.0000      -1539.9       0.0000       0.0000       1737.1       0.0000       0.0000       0.0000      6.08273E-06  -193.46    
  342.0506198       1.0000       0.0000      -1540.6       0.0000       0.0000       1737.7       0.0000       0.0000       0.0000      7.75656E-06  -193.39    
  342.1012396       1.0000       0.0000      -1541.8       0.0000       0.0000       1738.8       0.0000       0.0000       0.0000      1.11042E-05  -192.93    
  342.2024792       1.0000       0.0000      -1544.1       0.0000       0.0000       1741.0       0.0000       0.0000       0.0000      1.79088E-05  -191.75    
  342.4049584       1.0000       0.0000      -1548.7       0.0000       0.0000       1745.2       0.0000       0.0000       0.0000      4.04449E-05  -189.75    
  342.8099168       1.0000       0.0000      -1557.4       0.0000       0.0000       1753.2       0.0000       0.0000       0.0000      1.12625E-04  -186.56    
  343.0000000       1.0000       0.0000      -1561.3       0.0000       0.0000       1756.8       0.0000       0.0000       0.0000      1.58716E-04  -186.39    
  343.0000000       1.0000       0.0000      -1561.3       0.0000       0.0000       1756.8       0.0000       0.0000       0.0000      1.58716E-04  -186.39    
  343.0343945       1.0000       0.0000      -3986.4       0.0000       0.0000       6643.4       0.0000       0.0000       0.0000      1.67037E-04  -267.68    
  343.0687890       1.0000       0.0000      -4336.2       0.0000       0.0000       6366.3       0.0000       0.0000       0.0000      1.75371E-04  -325.65    
  343.1011679       1.0000       0.0000      -3864.3       0.0000       0.0000       4725.9       0.0000       0.0000       0.0000      1.83247E-04  -342.25    
  343.1334259       1.0000       0.0000      -3381.0       0.0000       0.0000       3553.5       0.0000       0.0000       0.0000      1.91069E-04  -336.96    
  343.1754230       1.0000       0.0000      -3156.0       0.0000       0.0000       3225.8       0.0000       0.0000       0.0000      2.01253E-04  -326.24    
  343.2405886       1.0000       0.0000      -3177.3       0.0000       0.0000       3440.5       0.0000       0.0000       0.0000      2.15264E-04  -322.33    
  343.3211551       1.0000       0.0000      -3192.5       0.0000       0.0000       3533.0       0.0000       0.0000       0.0000      2.31248E-04  -323.56    
  343.4506229       1.0000       0.0000      -3138.5       0.0000       0.0000       3473.9       0.0000       0.0000       0.0000      2.54701E-04  -324.73    
  343.6546876       1.0000       0.0000      -3053.0       0.0000       0.0000       3383.1       0.0000       0.0000       0.0000      2.83777E-04  -325.36    
  344.0000000       1.0000       0.0000      -2935.4       0.0000       0.0000       3264.8       0.0000       0.0000       0.0000      3.13018E-04  -325.96    
  344.0000000       1.0000       0.0000      -2935.4       0.0000       0.0000       3264.8       0.0000       0.0000       0.0000      3.13018E-04  -325.96    
  344.0275156       1.0000       0.0000      -2926.3       0.0000       0.0000       3255.6       0.0000       0.0000       0.0000      3.13625E-04  -326.00    
  344.0550312       1.0000       0.0000      -2917.3       0.0000       0.0000       3246.6       0.0000       0.0000       0.0000      3.14231E-04  -326.04    
  344.1100624       1.0000       0.0000      -2899.9       0.0000       0.0000       3229.1       0.0000       0.0000       0.0000      3.15444E-04  -326.13    
  344.2201247       1.0000       0.0000      -2866.8       0.0000       0.0000       3195.8       0.0000       0.0000       0.0000      3.17426E-04  -326.27    
  344.4402494       1.0000       0.0000      -2807.6       0.0000       0.0000       3136.3       0.0000       0.0000       0.0000      3.17426E-04  -326.42    
  344.8804989       1.0000       0.0000      -2709.6       0.0000       0.0000       3037.6       0.0000       0.0000       0.0000      3.17425E-04  -326.40    
  345.0000000       1.0000       0.0000      -2684.6       0.0000       0.0000       3012.3       0.0000       0.0000       0.0000      3.17425E-04  -326.37    
  345.0000000       1.0000       0.0000      -2684.6       0.0000       0.0000       3012.3       0.0000       0.0000       0.0000      3.17425E-04  -326.37    
  345.3521996       1.0000       0.0000      -2616.6       0.0000       0.0000       2943.9       0.0000       0.0000       0.0000      3.17425E-04  -326.21    
  345.7043991       1.0000       0.0000      -2556.0       0.0000       0.0000       2882.7       0.0000       0.0000       0.0000      3.17424E-04  -325.96    
  346.0000000       1.0000       0.0000      -2511.0       0.0000       0.0000       2837.3       0.0000       0.0000       0.0000      3.17424E-04  -325.70    
  346.0000000       1.0000       0.0000      -2511.0       0.0000       0.0000       2837.3       0.0000       0.0000       0.0000      3.17424E-04  -325.70    
  346.2817596       1.0000       0.0000      -2472.8       0.0000       0.0000       2798.8       0.0000       0.0000       0.0000      3.17424E-04  -325.51    
  346.5635193       1.0000       0.0000      -2438.5       0.0000       0.0000       2764.1       0.0000       0.0000       0.0000      3.17424E-04  -325.33    
  347.0000000       1.0000       0.0000      -2392.4       0.0000       0.0000       2717.7       0.0000       0.0000       0.0000      3.17424E-04  -325.01    
  347.0000000       1.0000       0.0000      -2392.4       0.0000       0.0000       2717.7       0.0000       0.0000       0.0000      3.17424E-04  -325.01    
  347.2254077       1.0000       0.0000      -2370.4       0.0000       0.0000       2695.4       0.0000       0.0000       0.0000      3.17424E-04  -324.86    
  347.4508154       1.0000       0.0000      -2349.9       0.0000       0.0000       2674.7       0.0000       0.0000       0.0000      3.17424E-04  -324.71    
  347.9016308       1.0000       0.0000      -2313.6       0.0000       0.0000       2638.1       0.0000       0.0000       0.0000      3.17424E-04  -324.41    
  348.0000000       1.0000       0.0000      -2305.9       0.0000       0.0000       2630.4       0.0000       0.0000       0.0000      3.17424E-04  -324.34    
  348.0000000       1.0000       0.0000      -2305.9       0.0000       0.0000       2630.4       0.0000       0.0000       0.0000      3.17424E-04  -324.34    
  348.3606523       1.0000       0.0000      -2280.2       0.0000       0.0000       2604.4       0.0000       0.0000       0.0000      3.17424E-04  -324.16    
  348.7213047       1.0000       0.0000      -2256.6       0.0000       0.0000       2580.7       0.0000       0.0000       0.0000      3.17424E-04  -324.00    
  349.0000000       1.0000       0.0000      -2239.5       0.0000       0.0000       2563.4       0.0000       0.0000       0.0000      3.17424E-04  -323.88    
  349.0000000       1.0000       0.0000      -2239.5       0.0000       0.0000       2563.4       0.0000       0.0000       0.0000      3.17424E-04  -323.88    
  349.2885219       1.0000       0.0000      -2222.8       0.0000       0.0000       2546.7       0.0000       0.0000       0.0000      3.17424E-04  -323.85    
  349.5770437       1.0000       0.0000      -2207.1       0.0000       0.0000       2530.9       0.0000       0.0000       0.0000      3.17424E-04  -323.86    
  350.0000000       1.0000       0.0000      -2185.7       0.0000       0.0000       2509.6       0.0000       0.0000       0.0000      3.17424E-04  -323.86    
  350.0000000       1.0000       0.0000      -2185.7       0.0000       0.0000       2509.6       0.0000       0.0000       0.0000      3.17424E-04  -323.86    
  350.2308175       1.0000       0.0000      -2174.6       0.0000       0.0000       2498.6       0.0000       0.0000       0.0000      3.17424E-04  -323.96    
  350.4616350       1.0000       0.0000      -2163.9       0.0000       0.0000       2488.0       0.0000       0.0000       0.0000      3.17424E-04  -324.10    
  350.9232700       1.0000       0.0000      -2144.1       0.0000       0.0000       2468.4       0.0000       0.0000       0.0000      3.17424E-04  -324.37    
  351.0000000       1.0000       0.0000      -2140.8       0.0000       0.0000       2465.2       0.0000       0.0000       0.0000      3.17424E-04  -324.42    
  351.0000000       1.0000       0.0000      -2140.8       0.0000       0.0000       2465.2       0.0000       0.0000       0.0000      3.17424E-04  -324.42    
  351.3693080       1.0000       0.0000      -2126.0       0.0000       0.0000       2450.7       0.0000       0.0000       0.0000      3.17424E-04  -324.70    
  351.7386160       1.0000       0.0000      -2112.1       0.0000       0.0000       2437.1       0.0000       0.0000       0.0000      3.17424E-04  -324.99    
  352.0000000       1.0000       0.0000      -2102.6       0.0000       0.0000       2427.8       0.0000       0.0000       0.0000      3.17424E-04  -325.20    
  352.0000000       1.0000       0.0000      -2102.6       0.0000       0.0000       2427.8       0.0000       0.0000       0.0000      3.17424E-04  -325.20    
  352.2954464       1.0000       0.0000      -2092.3       0.0000       0.0000       2417.8       0.0000       0.0000       0.0000      3.17424E-04  -325.48    
  352.5908928       1.0000       0.0000      -2082.5       0.0000       0.0000       2408.3       0.0000       0.0000       0.0000      3.17424E-04  -325.77    
  353.0000000       1.0000       0.0000      -2069.8       0.0000       0.0000       2395.9       0.0000       0.0000       0.0000      3.13015E-04  -326.17    
  353.0000000       1.0000       0.0000      -2069.8       0.0000       0.0000       2395.9       0.0000       0.0000       0.0000      3.13015E-04  -326.17    
  353.2363571       1.0000       0.0000      -2062.7       0.0000       0.0000       2389.2       0.0000       0.0000       0.0000      2.95782E-04  -326.49    
  353.4727142       1.0000       0.0000      -2055.9       0.0000       0.0000       2382.7       0.0000       0.0000       0.0000      2.66526E-04  -326.84    
  353.9454285       1.0000       0.0000      -2043.2       0.0000       0.0000       2370.8       0.0000       0.0000       0.0000      1.71944E-04  -327.53    
  354.0000000       1.0000       0.0000      -2041.9       0.0000       0.0000       2369.5       0.0000       0.0000       0.0000      1.58712E-04  -327.61    
  354.0000000       1.0000       0.0000      -2041.8       0.0000       0.0000       2369.5       0.0000       0.0000       0.0000      1.58712E-04  -327.61    
  354.0046237       1.0000       0.0000      -1431.3       0.0000       0.0000       791.11       0.0000       0.0000       0.0000      1.57591E-04  -323.21    
  354.0092474       1.0000       0.0000      -1091.9       0.0000       0.0000      1.55081E-02   0.0000       0.0000       0.0000      1.56469E-04  -316.77    
  354.0134995       1.0000       0.0000      -1047.2       0.0000       0.0000       0.0000       0.0000       0.0000       0.0000      1.55438E-04  -311.06    
  354.0183217       1.0000       0.0000      -999.22       0.0000       0.0000       0.0000       0.0000       0.0000       0.0000      1.54269E-04  -304.85    
  354.0235101       1.0000       0.0000      -950.59       0.0000       0.0000       0.0000       0.0000       0.0000       0.0000      1.53011E-04  -298.44    
  354.0295713       1.0000       0.0000      -897.48       0.0000       0.0000       0.0000       0.0000       0.0000       0.0000      1.51541E-04  -291.32    
  354.0367419       1.0000       0.0000      -839.37       0.0000       0.0000       0.0000       0.0000       0.0000       0.0000      1.49803E-04  -283.36    
  354.0460348       1.0000       0.0000      -771.01       0.0000       0.0000       0.0000       0.0000       0.0000       0.0000      1.47549E-04  -273.77    
  354.0614277       1.0000       0.0000      -673.51       0.0000       0.0000       0.0000       0.0000       0.0000       0.0000      1.43817E-04  -259.58    
  354.0775703       1.0000       0.0000      -586.14       0.0000       0.0000       0.0000       0.0000       0.0000       0.0000      1.39903E-04  -246.30    
  354.0952626       1.0000       0.0000      -501.29       0.0000       0.0000       0.0000       0.0000       0.0000       0.0000      1.35613E-04  -233.45    
  354.1127914       1.0000       0.0000      -428.85       0.0000       0.0000       0.0000       0.0000       0.0000       0.0000      1.31363E-04  -222.18    
  354.1321188       1.0000       0.0000      -370.01       0.0000       0.0000       0.0000       0.0000       0.0000       0.0000      1.26676E-04  -211.08    
  354.1528605       1.0000       0.0000      -314.59       0.0000       0.0000       0.0000       0.0000       0.0000       0.0000      1.21647E-04  -200.53    
  354.1761060       1.0000       0.0000      -260.88       0.0000       0.0000       0.0000       0.0000       0.0000       0.0000      1.16010E-04  -190.18    
  354.2020696       1.0000       0.0000      -209.82       0.0000       0.0000     -6.15326E-04   0.0000       0.0000       0.0000      1.09806E-04  -180.19    
  354.2320001       1.0000       0.0000      -513.65       0.0000       0.0000       761.62       0.0000       0.0000       0.0000      1.03868E-04  -182.17    
  354.2670234       1.0000       0.0000      -667.62       0.0000       0.0000       1054.0       0.0000       0.0000       0.0000      9.69198E-05  -189.05    
  354.3090898       1.0000       0.0000      -658.00       0.0000       0.0000       950.99       0.0000       0.0000       0.0000      8.85742E-05  -193.25    
  354.3608224       1.0000       0.0000      -612.26       0.0000       0.0000       808.05       0.0000       0.0000       0.0000      7.83110E-05  -193.42    
  354.4274251       1.0000       0.0000      -608.70       0.0000       0.0000       786.99       0.0000       0.0000       0.0000      6.63068E-05  -192.55    
  354.5171731       1.0000       0.0000      -632.97       0.0000       0.0000       822.28       0.0000       0.0000       0.0000      5.24584E-05  -192.38    
  354.6460647       1.0000       0.0000      -662.79       0.0000       0.0000       855.76       0.0000       0.0000       0.0000      3.46008E-05  -192.57    
  354.8494440       1.0000       0.0000      -702.46       0.0000       0.0000       895.40       0.0000       0.0000       0.0000      1.43649E-05  -192.82    
  355.0000000       1.0000       0.0000      -730.16       0.0000       0.0000       923.17       0.0000       0.0000       0.0000      4.40866E-06  -192.98    
  355.0000000       1.0000       0.0000      -730.16       0.0000       0.0000       923.17       0.0000       0.0000       0.0000      4.40866E-06  -192.98    
  355.0034017       1.0000       0.0000      -730.78       0.0000       0.0000       923.80       0.0000       0.0000       0.0000      4.33368E-06  -192.99    
  355.0068033       1.0000       0.0000      -731.41       0.0000       0.0000       924.42       0.0000       0.0000       0.0000      4.25869E-06  -192.99    
  355.0136067       1.0000       0.0000      -732.65       0.0000       0.0000       925.67       0.0000       0.0000       0.0000      4.10872E-06  -193.00    
  355.0272133       1.0000       0.0000      -735.11       0.0000       0.0000       928.10       0.0000       0.0000       0.0000      3.80879E-06  -193.01    
  355.0544266       1.0000       0.0000      -740.04       0.0000       0.0000       933.09       0.0000       0.0000       0.0000      3.20892E-06  -193.04    
  355.1088533       1.0000       0.0000      -751.70       0.0000       0.0000       944.59       0.0000       0.0000       0.0000      2.00917E-06  -193.08    
  355.2177066       1.0000       0.0000      -776.22       0.0000       0.0000       969.34       0.0000       0.0000       0.0000       0.0000      -193.17    
  355.4354132       1.0000       0.0000      -824.49       0.0000       0.0000       1017.9       0.0000       0.0000       0.0000       0.0000      -193.37    
  355.8708263       1.0000       0.0000      -902.54       0.0000       0.0000       1096.3       0.0000       0.0000       0.0000       0.0000      -193.77    
  356.0000000       1.0000       0.0000      -923.90       0.0000       0.0000       1117.8       0.0000       0.0000       0.0000       0.0000      -193.89    
  356.0000000       1.0000       0.0000      -923.90       0.0000       0.0000       1117.8       0.0000       0.0000       0.0000       0.0000      -193.89    
  356.3483305       1.0000       0.0000      -976.13       0.0000       0.0000       1170.4       0.0000       0.0000       0.0000       0.0000      -194.21    
  356.6966611       1.0000       0.0000      -1023.9       0.0000       0.0000       1218.5       0.0000       0.0000       0.0000       0.0000      -194.52    
  357.0000000       1.0000       0.0000      -1062.4       0.0000       0.0000       1257.2       0.0000       0.0000       0.0000       0.0000      -194.79    
  357.0000000       1.0000       0.0000      -1062.4       0.0000       0.0000       1257.2       0.0000       0.0000       0.0000       0.0000      -194.79    
  357.2786644       1.0000       0.0000      -1095.3       0.0000       0.0000       1290.3       0.0000       0.0000       0.0000       0.0000      -195.00    
  357.5573289       1.0000       0.0000      -1125.8       0.0000       0.0000       1321.0       0.0000       0.0000       0.0000       0.0000      -195.20    
  358.0000000       1.0000       0.0000      -1169.0       0.0000       0.0000       1364.5       0.0000       0.0000       0.0000       0.0000      -195.51    
  358.0000000       1.0000       0.0000      -1169.0       0.0000       0.0000       1364.5       0.0000       0.0000       0.0000       0.0000      -195.51    
  358.2229315       1.0000       0.0000      -1189.5       0.0000       0.0000       1385.2       0.0000       0.0000       0.0000       0.0000      -195.66    
  358.4458631       1.0000       0.0000      -1209.0       0.0000       0.0000       1404.8       0.0000       0.0000       0.0000       0.0000      -196.59    
  358.4664372       1.0000       0.0000      -1210.8       0.0000       0.0000       1406.6       0.0000       0.0000       0.0000       0.0000      -196.72    
  358.5075854       1.0000       0.0000      -1214.3       0.0000       0.0000       1410.2       0.0000       0.0000       0.0000       0.0000      -196.98    
  358.5075855       1.0000       0.0000      -1214.3       0.0000       0.0000       1410.2       0.0000       0.0000       0.0000       0.0000      -196.98    
  358.6859307       1.0000       0.0000      -1228.9       0.0000       0.0000       1424.9       0.0000       0.0000       0.0000       0.0000      -197.91    
  358.8642759       1.0000       0.0000      -1242.9       0.0000       0.0000       1439.1       0.0000       0.0000       0.0000       0.0000      -198.71    
  359.0000000       1.0000       0.0000      -1253.2       0.0000       0.0000       1449.4       0.0000       0.0000       0.0000       0.0000      -199.25    
  359.0000000       1.0000       0.0000      -1253.2       0.0000       0.0000       1449.4       0.0000       0.0000       0.0000       0.0000      -199.25    
  359.1426762       1.0000       0.0000      -1263.6       0.0000       0.0000       1460.0       0.0000       0.0000       0.0000       0.0000      -199.69    
  359.2853524       1.0000       0.0000      -1273.7       0.0000       0.0000       1470.1       0.0000       0.0000       0.0000       0.0000      -200.03    
  359.5707047       1.0000       0.0000      -1292.5       0.0000       0.0000       1489.2       0.0000       0.0000       0.0000       0.0000      -200.57    
  360.0000000       1.0000       0.0000      -1318.4       0.0000       0.0000       1515.3       0.0000       0.0000       0.0000       0.0000      -201.18    
