#      time         order        tairma       togactive    togpassiv    toper        tug       
  336.0000000       1.0000      -11.982       24.500       25.000       18.143       20.500    
  336.0277111       1.0000      -11.981       24.500       25.000       18.142       20.500    
  336.0554222       1.0000      -11.981       24.500       25.000       18.142       20.500    
  336.0682198       1.0000      -11.981       24.500       25.000       18.141       20.500    
  336.0682198       1.0000      -11.981       24.500       25.000       18.141       20.500    
  336.0903887       1.0000      -11.981       24.500       25.000       18.141       20.500    
  336.1125575       1.0000      -11.981       24.500       25.000       18.141       20.500    
  336.1568953       1.0000      -11.981       24.500       25.000       18.140       20.500    
  336.2455708       1.0000      -11.980       24.500       25.000       18.138       20.500    
  336.4229219       1.0000      -11.979       24.500       25.000       18.135       20.500    
  336.7776240       1.0000      -11.977       24.500       25.000       18.129       20.500    
  337.0000000       1.0000      -11.977       24.500       25.000       18.126       20.500    
  337.0000000       1.0000      -11.977       24.500       25.000       18.126       20.500    
  337.2837617       1.0000      -11.976       24.500       25.000       18.121       20.500    
  337.5675234       1.0000      -11.975       24.500       25.000       18.117       20.500    
  338.0000000       1.0000      -11.975       24.500       25.000       18.112       20.500    
  338.0000000       1.0000      -11.975       24.500       25.000       18.112       20.500    
  338.2270094       1.0000      -11.975       24.500       25.000       18.109       20.500    
  338.4540187       1.0000      -11.976       24.500       25.000       18.106       20.500    
  338.9080375       1.0000      -11.977       24.500       25.000       18.100       20.500    
  339.0000000       1.0000      -11.977       24.500       25.000       18.099       20.500    
  339.0000000       1.0000      -11.977       24.500       25.000       18.099       20.500    
  339.3632150       1.0000      -11.978       24.500       25.000       18.095       20.500    
  339.7264300       1.0000      -11.980       24.500       25.000       18.091       20.500    
  340.0000000       1.0000      -11.982       24.500       25.000       18.088       20.500    
  340.0000000       1.0000      -11.982       24.500       25.000       18.088       20.500    
  340.2001218       1.0000      -11.985       24.500       25.000       18.086       20.500    
  340.4002436       1.0000      -11.987       24.500       25.000       18.084       20.500    
  340.4264857       1.0000      -11.988       24.500       25.000       18.084       20.500    
  340.4789699       1.0000      -11.988       24.500       25.000       18.083       20.500    
  340.4789699       1.0000      -11.988       24.500       25.000       18.083       20.500    
  340.6390673       1.0000      -11.991       24.500       25.000       18.082       20.500    
  340.7991647       1.0000      -11.993       24.500       25.000       18.080       20.500    
  341.0000000       1.0000      -11.995       24.500       25.000       18.078       20.500    
  341.0000000       1.0000      -11.995       24.500       25.000       18.078       20.500    
  341.0334978       1.0000      -11.996       24.500       25.000       18.078       20.500    
  341.0669955       1.0000      -11.996       24.500       25.000       18.077       20.500    
  341.0986329       1.0000      -11.997       24.500       25.000       18.077       20.500    
  341.1209903       1.0000      -11.997       24.500       25.000       18.077       20.500    
  341.1405617       1.0000      -11.997       24.500       25.000       18.077       20.500    
  341.1612116       1.0000      -11.997       24.500       25.000       18.077       20.500    
  341.1798055       1.0000      -11.998       24.500       25.000       18.076       20.500    
  341.1984890       1.0000      -11.998       24.500       25.000       18.076       20.500    
  341.2164927       1.0000      -11.998       24.500       25.000       18.076       20.500    
  341.2347019       1.0000      -11.998       24.500       25.000       18.076       20.500    
  341.2529417       1.0000      -11.998       24.500       25.000       18.076       20.500    
  341.2719537       1.0000      -11.999       24.500       25.000       18.075       20.500    
  341.2926427       1.0000      -11.999       24.500       25.000       18.075       20.500    
  341.3153501       1.0000      -11.999       24.500       25.000       18.075       20.500    
  341.3408346       1.0000      -11.999       24.500       25.000       18.075       20.500    
  341.3695986       1.0000      -12.000       24.500       25.000       18.075       20.500    
  341.4029150       1.0000      -12.000       24.500       25.000       18.074       20.500    
  341.4420061       1.0000      -12.000       24.500       25.000       18.074       20.500    
  341.4891999       1.0000      -12.001       24.500       25.000       18.073       20.500    
  341.5478014       1.0000      -12.001       24.500       25.000       18.073       20.500    
  341.6239840       1.0000      -12.002       24.500       25.000       18.072       20.500    
  341.7273979       1.0000      -12.003       24.500       25.000       18.071       20.500    
  341.8824781       1.0000      -12.004       24.500       25.000       18.070       20.500    
  342.0000000       1.0000      -12.005       24.500       25.000       18.069       20.500    
  342.0000000       1.0000      -12.005       24.500       25.000       18.069       20.500    
  342.0253099       1.0000      -12.005       24.500       25.000       18.068       20.500    
  342.0506198       1.0000      -12.005       24.500       25.000       18.068       20.500    
  342.1012396       1.0000      -12.005       24.500       25.000       18.068       20.500    
  342.2024792       1.0000      -12.006       24.500       25.000       18.067       20.500    
  342.4049584       1.0000      -12.006       24.500       25.000       18.065       20.500    
  342.8099168       1.0000      -12.004       24.500       25.000       18.062       20.500    
  343.0000000       1.0000      -12.003       24.500       25.000       18.060       20.500    
  343.0000000       1.0000      -12.003       24.500       25.000       18.060       20.500    
  343.0343945       1.0000      -12.002       24.500       25.000       19.840       20.500    
  343.0687890       1.0000      -12.002       24.500       25.000       20.260       20.500    
  343.1011679       1.0000      -12.001       24.500       25.000       20.033       20.500    
  343.1334259       1.0000      -12.001       24.500       25.000       19.731       20.500    
  343.1754230       1.0000      -12.000       24.500       25.000       19.576       20.500    
  343.2405886       1.0000      -11.999       24.500       25.000       19.606       20.500    
  343.3211551       1.0000      -11.998       24.500       25.000       19.652       20.500    
  343.4506229       1.0000      -11.996       24.500       25.000       19.672       20.500    
  343.6546876       1.0000      -11.991       24.500       25.000       19.691       20.500    
  344.0000000       1.0000      -11.982       24.500       25.000       19.721       20.500    
  344.0000000       1.0000      -11.982       24.500       25.000       19.721       20.500    
  344.0275156       1.0000      -11.982       24.500       25.000       19.723       20.500    
  344.0550312       1.0000      -11.983       24.500       25.000       19.726       20.500    
  344.1100624       1.0000      -11.985       24.500       25.000       19.730       20.500    
  344.2201247       1.0000      -11.988       24.500       25.000       19.739       20.500    
  344.4402494       1.0000      -11.993       24.500       25.000       19.755       20.500    
  344.8804989       1.0000      -12.002       24.500       25.000       19.783       20.500    
  345.0000000       1.0000      -12.003       24.500       25.000       19.790       20.500    
  345.0000000       1.0000      -12.003       24.500       25.000       19.790       20.500    
  345.3521996       1.0000      -12.007       24.500       25.000       19.807       20.500    
  345.7043991       1.0000      -12.008       24.500       25.000       19.821       20.500    
  346.0000000       1.0000      -12.008       24.500       25.000       19.831       20.500    
  346.0000000       1.0000      -12.008       24.500       25.000       19.831       20.500    
  346.2817596       1.0000      -12.007       24.500       25.000       19.841       20.500    
  346.5635193       1.0000      -12.005       24.500       25.000       19.849       20.500    
  347.0000000       1.0000      -12.000       24.500       25.000       19.861       20.500    
  347.0000000       1.0000      -12.000       24.500       25.000       19.861       20.500    
  347.2254077       1.0000      -11.996       24.500       25.000       19.867       20.500    
  347.4508154       1.0000      -11.993       24.500       25.000       19.872       20.500    
  347.9016308       1.0000      -11.984       24.500       25.000       19.882       20.500    
  348.0000000       1.0000      -11.982       24.500       25.000       19.884       20.500    
  348.0000000       1.0000      -11.982       24.500       25.000       19.884       20.500    
  348.3606523       1.0000      -11.982       24.500       25.000       19.891       20.500    
  348.7213047       1.0000      -11.981       24.500       25.000       19.898       20.500    
  349.0000000       1.0000      -11.981       24.500       25.000       19.903       20.500    
  349.0000000       1.0000      -11.981       24.500       25.000       19.903       20.500    
  349.2885219       1.0000      -11.980       24.500       25.000       19.908       20.500    
  349.5770437       1.0000      -11.978       24.500       25.000       19.913       20.500    
  350.0000000       1.0000      -11.977       24.500       25.000       19.919       20.500    
  350.0000000       1.0000      -11.977       24.500       25.000       19.919       20.500    
  350.2308175       1.0000      -11.976       24.500       25.000       19.923       20.500    
  350.4616350       1.0000      -11.976       24.500       25.000       19.926       20.500    
  350.9232700       1.0000      -11.976       24.500       25.000       19.932       20.500    
  351.0000000       1.0000      -11.976       24.500       25.000       19.933       20.500    
  351.0000000       1.0000      -11.976       24.500       25.000       19.933       20.500    
  351.3693080       1.0000      -11.977       24.500       25.000       19.938       20.500    
  351.7386160       1.0000      -11.979       24.500       25.000       19.943       20.500    
  352.0000000       1.0000      -11.982       24.500       25.000       19.946       20.500    
  352.0000000       1.0000      -11.982       24.500       25.000       19.946       20.500    
  352.2954464       1.0000      -11.975       24.500       25.000       19.949       20.500    
  352.5908928       1.0000      -11.969       24.500       25.000       19.953       20.500    
  353.0000000       1.0000      -11.963       24.500       25.000       19.957       20.500    
  353.0000000       1.0000      -11.963       24.500       25.000       19.957       20.500    
  353.2363571       1.0000      -11.960       24.500       25.000       19.959       20.500    
  353.4727142       1.0000      -11.958       24.500       25.000       19.962       20.500    
  353.9454285       1.0000      -11.956       24.500       25.000       19.966       20.500    
  354.0000000       1.0000      -11.956       24.500       25.000       19.967       20.500    
  354.0000000       1.0000      -11.956       24.500       25.000       19.967       20.500    
  354.0046237       1.0000      -11.956       24.500       25.000       19.576       20.500    
  354.0092474       1.0000      -11.956       24.500       25.000       19.345       20.500    
  354.0134995       1.0000      -11.956       24.500       25.000       19.297       20.500    
  354.0183217       1.0000      -11.956       24.500       25.000       19.246       20.500    
  354.0235101       1.0000      -11.956       24.500       25.000       19.194       20.500    
  354.0295713       1.0000      -11.956       24.500       25.000       19.135       20.500    
  354.0367419       1.0000      -11.956       24.500       25.000       19.070       20.500    
  354.0460348       1.0000      -11.956       24.500       25.000       18.991       20.500    
  354.0614277       1.0000      -11.956       24.500       25.000       18.874       20.500    
  354.0775703       1.0000      -11.956       24.500       25.000       18.764       20.500    
  354.0952626       1.0000      -11.956       24.500       25.000       18.657       20.500    
  354.1127914       1.0000      -11.956       24.500       25.000       18.563       20.500    
  354.1321188       1.0000      -11.957       24.500       25.000       18.471       20.500    
  354.1528605       1.0000      -11.957       24.500       25.000       18.383       20.500    
  354.1761060       1.0000      -11.957       24.500       25.000       18.295       20.500    
  354.2020696       1.0000      -11.957       24.500       25.000       18.209       20.500    
  354.2320001       1.0000      -11.957       24.500       25.000       18.391       20.500    
  354.2670234       1.0000      -11.957       24.500       25.000       18.505       20.500    
  354.3090898       1.0000      -11.957       24.500       25.000       18.506       20.500    
  354.3608224       1.0000      -11.958       24.500       25.000       18.463       20.500    
  354.4274251       1.0000      -11.958       24.500       25.000       18.438       20.500    
  354.5171731       1.0000      -11.959       24.500       25.000       18.426       20.500    
  354.6460647       1.0000      -11.960       24.500       25.000       18.410       20.500    
  354.8494440       1.0000      -11.962       24.500       25.000       18.384       20.500    
  355.0000000       1.0000      -11.964       24.500       25.000       18.366       20.500    
  355.0000000       1.0000      -11.964       24.500       25.000       18.366       20.500    
  355.0034017       1.0000      -11.964       24.500       25.000       18.365       20.500    
  355.0068033       1.0000      -11.964       24.500       25.000       18.365       20.500    
  355.0136067       1.0000      -11.964       24.500       25.000       18.364       20.500    
  355.0272133       1.0000      -11.964       24.500       25.000       18.362       20.500    
  355.0544266       1.0000      -11.964       24.500       25.000       18.359       20.500    
  355.1088533       1.0000      -11.965       24.500       25.000       18.353       20.500    
  355.2177066       1.0000      -11.967       24.500       25.000       18.343       20.500    
  355.4354132       1.0000      -11.970       24.500       25.000       18.325       20.500    
  355.8708263       1.0000      -11.979       24.500       25.000       18.293       20.500    
  356.0000000       1.0000      -11.982       24.500       25.000       18.284       20.500    
  356.0000000       1.0000      -11.982       24.500       25.000       18.284       20.500    
  356.3483305       1.0000      -11.976       24.500       25.000       18.262       20.500    
  356.6966611       1.0000      -11.972       24.500       25.000       18.244       20.500    
  357.0000000       1.0000      -11.970       24.500       25.000       18.229       20.500    
  357.0000000       1.0000      -11.970       24.500       25.000       18.229       20.500    
  357.2786644       1.0000      -11.968       24.500       25.000       18.217       20.500    
  357.5573289       1.0000      -11.967       24.500       25.000       18.206       20.500    
  358.0000000       1.0000      -11.967       24.500       25.000       18.191       20.500    
  358.0000000       1.0000      -11.967       24.500       25.000       18.191       20.500    
  358.2229315       1.0000      -11.967       24.500       25.000       18.184       20.500    
  358.4458631       1.0000      -11.968       24.500       25.000       18.178       20.500    
  358.4664372       1.0000      -11.968       24.500       25.000       18.177       20.500    
  358.5075854       1.0000      -11.968       24.500       25.000       18.176       20.500    
  358.5075855       1.0000      -11.968       24.500       25.000       18.176       20.500    
  358.6859307       1.0000      -11.969       24.500       25.000       18.171       20.500    
  358.8642759       1.0000      -11.970       24.500       25.000       18.166       20.500    
  359.0000000       1.0000      -11.971       24.500       25.000       18.163       20.500    
  359.0000000       1.0000      -11.971       24.500       25.000       18.163       20.500    
  359.1426762       1.0000      -11.972       24.500       25.000       18.160       20.500    
  359.2853524       1.0000      -11.973       24.500       25.000       18.156       20.500    
  359.5707047       1.0000      -11.976       24.500       25.000       18.150       20.500    
  360.0000000       1.0000      -11.982       24.500       25.000       18.142       20.500    
