#      time         order        q_cool       q_equip      q_heat       q_light      q_loss       q_occ        qintw        ql_a         qventil      qwcb         qwind     
  336.0000000       1.0000       0.0000       0.0000       1880.1       0.0000       0.0000       0.0000       216.40      -64.509      -132.35      -1702.7      -196.95    
  336.0277111       1.0000       0.0000       0.0000       1881.7       0.0000       0.0000       0.0000       215.29      -64.526      -132.35      -1703.1      -196.99    
  336.0554222       1.0000       0.0000       0.0000       1883.4       0.0000       0.0000       0.0000       214.19      -64.543      -132.35      -1703.6      -197.03    
  336.0682198       1.0000       0.0000       0.0000       1884.1       0.0000       0.0000       0.0000       213.69      -64.550      -132.35      -1703.8      -197.05    
  336.0682198       1.0000       0.0000       0.0000       1884.1       0.0000       0.0000       0.0000       213.69      -64.550      -132.35      -1703.8      -197.05    
  336.0903887       1.0000       0.0000       0.0000       1885.4       0.0000       0.0000       0.0000       212.82      -64.559      -132.35      -1704.2      -197.09    
  336.1125575       1.0000       0.0000       0.0000       1886.7       0.0000       0.0000       0.0000       211.96      -64.567      -132.35      -1704.6      -197.12    
  336.1568953       1.0000       0.0000       0.0000       1889.2       0.0000       0.0000       0.0000       210.26      -64.584      -132.35      -1705.4      -197.18    
  336.2455708       1.0000       0.0000       0.0000       1894.3       0.0000       0.0000       0.0000       206.90      -64.618      -132.35      -1706.9      -197.30    
  336.4229219       1.0000       0.0000       0.0000       1903.9       0.0000       0.0000       0.0000       200.62      -64.685      -132.36      -1709.9      -197.52    
  336.7776240       1.0000       0.0000       0.0000       1921.8       0.0000       0.0000       0.0000       189.19      -64.822      -132.36      -1716.0      -197.90    
  337.0000000       1.0000       0.0000       0.0000       1932.7       0.0000       0.0000       0.0000       182.45      -64.908      -132.36      -1719.7      -198.13    
  337.0000000       1.0000       0.0000       0.0000       1932.7       0.0000       0.0000       0.0000       182.45      -64.908      -132.36      -1719.7      -198.13    
  337.2837617       1.0000       0.0000       0.0000       1945.8       0.0000       0.0000       0.0000       174.49      -64.995      -132.36      -1724.5      -198.39    
  337.5675234       1.0000       0.0000       0.0000       1958.2       0.0000       0.0000       0.0000       167.07      -65.075      -132.36      -1729.2      -198.62    
  338.0000000       1.0000       0.0000       0.0000       1976.0       0.0000       0.0000       0.0000       156.89      -65.198      -132.36      -1736.4      -198.96    
  338.0000000       1.0000       0.0000       0.0000       1976.0       0.0000       0.0000       0.0000       156.89      -65.198      -132.36      -1736.4      -198.96    
  338.2270094       1.0000       0.0000       0.0000       1985.0       0.0000       0.0000       0.0000       151.83      -65.264      -132.36      -1740.1      -199.13    
  338.4540187       1.0000       0.0000       0.0000       1993.8       0.0000       0.0000       0.0000       147.03      -65.329      -132.36      -1743.8      -199.30    
  338.9080375       1.0000       0.0000       0.0000       2010.3       0.0000       0.0000       0.0000       138.34      -65.461      -132.36      -1751.2      -199.63    
  339.0000000       1.0000       0.0000       0.0000       2013.6       0.0000       0.0000       0.0000       136.62      -65.488      -132.36      -1752.7      -199.70    
  339.0000000       1.0000       0.0000       0.0000       2013.6       0.0000       0.0000       0.0000       136.62      -65.488      -132.36      -1752.7      -199.70    
  339.3632150       1.0000       0.0000       0.0000       2026.0       0.0000       0.0000       0.0000       130.32      -65.562      -132.36      -1758.5      -199.93    
  339.7264300       1.0000       0.0000       0.0000       2037.8       0.0000       0.0000       0.0000       124.47      -65.630      -132.36      -1764.2      -200.13    
  340.0000000       1.0000       0.0000       0.0000       2046.5       0.0000       0.0000       0.0000       120.30      -65.682      -132.36      -1768.5      -200.26    
  340.0000000       1.0000       0.0000       0.0000       2046.5       0.0000       0.0000       0.0000       120.30      -65.682      -132.36      -1768.5      -200.26    
  340.2001218       1.0000       0.0000       0.0000       2052.5       0.0000       0.0000       0.0000       117.38      -65.663      -132.36      -1771.6      -200.31    
  340.4002436       1.0000       0.0000       0.0000       2058.3       0.0000       0.0000       0.0000       114.58      -65.616      -132.36      -1774.6      -200.28    
  340.4264857       1.0000       0.0000       0.0000       2059.1       0.0000       0.0000       0.0000       114.22      -65.610      -132.36      -1775.0      -200.28    
  340.4789699       1.0000       0.0000       0.0000       2060.6       0.0000       0.0000       0.0000       113.49      -65.598      -132.36      -1775.8      -200.26    
  340.4789699       1.0000       0.0000       0.0000       2060.6       0.0000       0.0000       0.0000       113.49      -65.598      -132.36      -1775.8      -200.26    
  340.6390673       1.0000       0.0000       0.0000       2065.1       0.0000       0.0000       0.0000       111.35      -65.562      -132.36      -1778.3      -200.20    
  340.7991647       1.0000       0.0000       0.0000       2069.5       0.0000       0.0000       0.0000       109.26      -65.526      -132.36      -1780.7      -200.13    
  341.0000000       1.0000       0.0000       0.0000       2074.8       0.0000       0.0000       0.0000       106.74      -65.482      -132.36      -1783.7      -200.02    
  341.0000000       1.0000       0.0000       0.0000       2074.8       0.0000       0.0000       0.0000       106.74      -65.482      -132.36      -1783.7      -200.02    
  341.0334978       1.0000       0.0000       0.0000       2075.7       0.0000       0.0000       0.0000       106.32      -65.475      -132.36      -1784.2      -200.00    
  341.0669955       1.0000       0.0000       0.0000       2076.6       0.0000       0.0000       0.0000       105.90      -65.468      -132.36      -1784.7      -199.98    
  341.0986329       1.0000       0.0000       0.0000       2077.4       0.0000       0.0000       0.0000       105.51      -65.444      -132.37      -1785.2      -199.96    
  341.1209903       1.0000       0.0000       0.0000       2078.0       0.0000       0.0000       0.0000       105.24      -65.427      -132.37      -1785.5      -199.94    
  341.1405617       1.0000       0.0000       0.0000       2078.5       0.0000       0.0000       0.0000       105.00      -65.413      -132.37      -1785.8      -199.92    
  341.1612116       1.0000       0.0000       0.0000       2079.0       0.0000       0.0000       0.0000       104.76      -65.397      -132.37      -1786.1      -199.90    
  341.1798055       1.0000       0.0000       0.0000       2079.5       0.0000       0.0000       0.0000       104.53      -65.383      -132.37      -1786.4      -199.89    
  341.1984890       1.0000       0.0000       0.0000       2079.9       0.0000       0.0000       0.0000       104.31      -65.369      -132.37      -1786.6      -199.87    
  341.2164927       1.0000       0.0000       0.0000       2080.4       0.0000       0.0000       0.0000       104.10      -65.355      -132.37      -1786.9      -199.85    
  341.2347019       1.0000       0.0000       0.0000       2080.8       0.0000       0.0000       0.0000       103.88      -65.341      -132.37      -1787.2      -199.83    
  341.2529417       1.0000       0.0000       0.0000       2081.3       0.0000       0.0000       0.0000       103.66      -65.328      -132.37      -1787.4      -199.81    
  341.2719537       1.0000       0.0000       0.0000       2081.7       0.0000       0.0000       0.0000       103.44      -65.313      -132.37      -1787.7      -199.79    
  341.2926427       1.0000       0.0000       0.0000       2082.2       0.0000       0.0000       0.0000       103.19      -65.298      -132.37      -1788.0      -199.76    
  341.3153501       1.0000       0.0000       0.0000       2082.8       0.0000       0.0000       0.0000       102.92      -65.281      -132.37      -1788.3      -199.73    
  341.3408346       1.0000       0.0000       0.0000       2083.4       0.0000       0.0000       0.0000       102.63      -65.262      -132.37      -1788.7      -199.69    
  341.3695986       1.0000       0.0000       0.0000       2084.1       0.0000       0.0000       0.0000       102.29      -65.241      -132.37      -1789.1      -199.65    
  341.4029150       1.0000       0.0000       0.0000       2084.9       0.0000       0.0000       0.0000       101.90      -65.216      -132.37      -1789.6      -199.60    
  341.4420061       1.0000       0.0000       0.0000       2085.8       0.0000       0.0000       0.0000       101.45      -65.187      -132.37      -1790.2      -199.54    
  341.4891999       1.0000       0.0000       0.0000       2086.9       0.0000       0.0000       0.0000       100.91      -65.152      -132.37      -1790.8      -199.46    
  341.5478014       1.0000       0.0000       0.0000       2088.3       0.0000       0.0000       0.0000       100.25      -65.109      -132.37      -1791.7      -199.36    
  341.6239840       1.0000       0.0000       0.0000       2090.0       0.0000       0.0000       0.0000       99.392      -65.053      -132.37      -1792.8      -199.23    
  341.7273979       1.0000       0.0000       0.0000       2092.4       0.0000       0.0000       0.0000       98.248      -64.978      -132.37      -1794.2      -199.04    
  341.8824781       1.0000       0.0000       0.0000       2095.8       0.0000       0.0000      1.18762E-06   96.572      -64.866      -132.37      -1796.4      -198.75    
  342.0000000       1.0000       0.0000       0.0000       2098.4       0.0000       0.0000      2.88712E-06   95.323      -64.782      -132.37      -1798.0      -198.52    
  342.0000000       1.0000       0.0000       0.0000       2098.4       0.0000       0.0000      2.88375E-06   95.323      -64.782      -132.37      -1798.0      -198.52    
  342.0253099       1.0000       0.0000       0.0000       2098.9       0.0000       0.0000      3.97859E-06   95.055      -64.763      -132.37      -1798.4      -198.47    
  342.0506198       1.0000       0.0000       0.0000       2099.5       0.0000       0.0000      5.07346E-06   94.788      -64.745      -132.37      -1798.7      -198.42    
  342.1012396       1.0000       0.0000       0.0000       2100.5       0.0000       0.0000      7.26326E-06   94.263      -64.673      -132.37      -1799.4      -198.31    
  342.2024792       1.0000       0.0000       0.0000       2102.4       0.0000       0.0000      1.17147E-05   93.244      -64.491      -132.37      -1800.7      -198.04    
  342.4049584       1.0000       0.0000       0.0000       2105.9       0.0000       0.0000      2.64599E-05   91.260      -64.131      -132.37      -1803.4      -197.31    
  342.8099168       1.0000       0.0000       0.0000       2112.3       0.0000       0.0000      7.37079E-05   87.401      -63.422      -132.37      -1808.3      -195.58    
  343.0000000       1.0000       0.0000       0.0000       2115.1       0.0000       0.0000      1.03890E-04   85.626      -63.106      -132.37      -1810.6      -194.73    
  343.0000000       1.0000       0.0000       0.0000       2115.2       0.0000       0.0000      1.03890E-04   85.626      -63.106      -132.37      -1810.6      -194.73    
  343.0343945       1.0000       0.0000       0.0000       7035.6       0.0000       0.0000      1.09330E-04  -1396.8      -65.391      -210.68      -2766.1      -227.17    
  343.0687890       1.0000       0.0000       0.0000       6796.0       0.0000       0.0000      1.14786E-04  -1627.8      -67.010      -266.70      -2909.7      -230.09    
  343.1011679       1.0000       0.0000       0.0000       5167.3       0.0000       0.0000      1.19958E-04  -1351.8      -67.436      -282.88      -2723.7      -221.55    
  343.1334259       1.0000       0.0000       0.0000       3982.8       0.0000       0.0000      1.25081E-04  -1057.7      -67.229      -277.81      -2530.3      -213.29    
  343.1754230       1.0000       0.0000       0.0000       3631.6       0.0000       0.0000      1.31752E-04  -913.27      -66.839      -267.22      -2437.8      -208.86    
  343.2405886       1.0000       0.0000       0.0000       3831.8       0.0000       0.0000      1.40931E-04  -919.00      -66.596      -262.95      -2443.6      -207.90    
  343.3211551       1.0000       0.0000       0.0000       3919.9       0.0000       0.0000      1.51403E-04  -924.36      -66.476      -263.69      -2448.7      -207.07    
  343.4506229       1.0000       0.0000       0.0000       3853.7       0.0000       0.0000      1.66771E-04  -885.47      -66.263      -264.29      -2427.5      -205.33    
  343.6546876       1.0000       0.0000       0.0000       3752.9       0.0000       0.0000      1.85827E-04  -822.96      -65.896      -264.28      -2396.4      -203.42    
  344.0000000       1.0000       0.0000       0.0000       3624.2       0.0000       0.0000      2.05000E-04  -734.40      -65.266      -264.24      -2359.2      -201.23    
  344.0000000       1.0000       0.0000       0.0000       3624.2       0.0000       0.0000      2.05000E-04  -734.40      -65.266      -264.24      -2359.2      -201.23    
  344.0275156       1.0000       0.0000       0.0000       3614.2       0.0000       0.0000      2.05399E-04  -727.49      -65.216      -264.23      -2356.4      -201.07    
  344.0550312       1.0000       0.0000       0.0000       3604.5       0.0000       0.0000      2.05798E-04  -720.69      -65.166      -264.23      -2353.6      -200.90    
  344.1100624       1.0000       0.0000       0.0000       3585.6       0.0000       0.0000      2.06596E-04  -707.43      -65.074      -264.22      -2348.4      -200.60    
  344.2201247       1.0000       0.0000       0.0000       3550.0       0.0000       0.0000      2.07900E-04  -682.05      -64.894      -264.22      -2338.9      -200.03    
  344.4402494       1.0000       0.0000       0.0000       3487.1       0.0000       0.0000      2.07910E-04  -636.34      -64.532      -264.20      -2323.1      -199.01    
  344.8804989       1.0000       0.0000       0.0000       3384.7       0.0000       0.0000      2.07924E-04  -560.12      -63.805      -264.18      -2299.5      -197.08    
  345.0000000       1.0000       0.0000       0.0000       3358.6       0.0000       0.0000      2.07928E-04  -540.60      -63.607      -264.18      -2293.7      -196.57    
  345.0000000       1.0000       0.0000       0.0000       3358.6       0.0000       0.0000      2.07928E-04  -540.60      -63.607      -264.18      -2293.7      -196.57    
  345.3521996       1.0000       0.0000       0.0000       3292.5       0.0000       0.0000      2.07935E-04  -490.78      -63.078      -264.17      -2279.4      -195.14    
  345.7043991       1.0000       0.0000       0.0000       3233.8       0.0000       0.0000      2.07940E-04  -446.36      -62.561      -264.16      -2267.0      -193.76    
  346.0000000       1.0000       0.0000       0.0000       3188.0       0.0000       0.0000      2.07943E-04  -411.86      -62.126      -264.15      -2257.2      -192.61    
  346.0000000       1.0000       0.0000       0.0000       3188.0       0.0000       0.0000      2.07943E-04  -411.86      -62.126      -264.15      -2257.2      -192.61    
  346.2817596       1.0000       0.0000       0.0000       3149.2       0.0000       0.0000      2.07946E-04  -382.77      -61.816      -264.15      -2248.8      -191.67    
  346.5635193       1.0000       0.0000       0.0000       3114.5       0.0000       0.0000      2.07948E-04  -356.94      -61.540      -264.14      -2241.0      -190.84    
  347.0000000       1.0000       0.0000       0.0000       3068.0       0.0000       0.0000      2.07950E-04  -323.15      -61.111      -264.14      -2229.9      -189.68    
  347.0000000       1.0000       0.0000       0.0000       3068.0       0.0000       0.0000      2.07950E-04  -323.15      -61.111      -264.14      -2229.9      -189.68    
  347.2254077       1.0000       0.0000       0.0000       3045.7       0.0000       0.0000      2.07951E-04  -307.21      -60.920      -264.13      -2224.4      -189.13    
  347.4508154       1.0000       0.0000       0.0000       3025.1       0.0000       0.0000      2.07952E-04  -292.57      -60.743      -264.13      -2219.0      -188.62    
  347.9016308       1.0000       0.0000       0.0000       2988.4       0.0000       0.0000      2.07953E-04  -267.54      -60.388      -264.13      -2208.7      -187.68    
  348.0000000       1.0000       0.0000       0.0000       2980.6       0.0000       0.0000      2.07953E-04  -262.28      -60.310      -264.13      -2206.5      -187.47    
  348.0000000       1.0000       0.0000       0.0000       2980.6       0.0000       0.0000      2.07953E-04  -262.28      -60.310      -264.13      -2206.5      -187.47    
  348.3606523       1.0000       0.0000       0.0000       2954.7       0.0000       0.0000      2.07953E-04  -245.17      -60.112      -264.12      -2198.5      -186.87    
  348.7213047       1.0000       0.0000       0.0000       2930.9       0.0000       0.0000      2.07954E-04  -229.92      -59.935      -264.12      -2190.6      -186.36    
  349.0000000       1.0000       0.0000       0.0000       2913.6       0.0000       0.0000      2.07954E-04  -219.11      -59.798      -264.12      -2184.6      -185.99    
  349.0000000       1.0000       0.0000       0.0000       2913.6       0.0000       0.0000      2.07954E-04  -219.11      -59.798      -264.12      -2184.6      -185.99    
  349.2885219       1.0000       0.0000       0.0000       2897.0       0.0000       0.0000      2.07954E-04  -208.87      -59.764      -264.12      -2178.5      -185.77    
  349.5770437       1.0000       0.0000       0.0000       2881.4       0.0000       0.0000      2.07954E-04  -199.45      -59.764      -264.12      -2172.4      -185.68    
  350.0000000       1.0000       0.0000       0.0000       2860.3       0.0000       0.0000      2.07954E-04  -187.08      -59.764      -264.11      -2163.7      -185.65    
  350.0000000       1.0000       0.0000       0.0000       2860.3       0.0000       0.0000      2.07954E-04  -187.08      -59.764      -264.11      -2163.7      -185.65    
  350.2308175       1.0000       0.0000       0.0000       2849.5       0.0000       0.0000      2.07954E-04  -180.75      -59.861      -264.11      -2159.0      -185.77    
  350.4616350       1.0000       0.0000       0.0000       2839.3       0.0000       0.0000      2.07954E-04  -174.79      -59.997      -264.11      -2154.3      -186.02    
  350.9232700       1.0000       0.0000       0.0000       2820.4       0.0000       0.0000      2.07954E-04  -164.03      -60.270      -264.11      -2145.3      -186.69    
  351.0000000       1.0000       0.0000       0.0000       2817.3       0.0000       0.0000      2.07954E-04  -162.27      -60.316      -264.11      -2143.8      -186.81    
  351.0000000       1.0000       0.0000       0.0000       2817.3       0.0000       0.0000      2.07954E-04  -162.27      -60.316      -264.11      -2143.8      -186.81    
  351.3693080       1.0000       0.0000       0.0000       2803.5       0.0000       0.0000      2.07955E-04  -154.47      -60.594      -264.11      -2136.8      -187.50    
  351.7386160       1.0000       0.0000       0.0000       2790.6       0.0000       0.0000      2.07955E-04  -147.21      -60.885      -264.11      -2130.1      -188.27    
  352.0000000       1.0000       0.0000       0.0000       2781.8       0.0000       0.0000      2.07955E-04  -142.33      -61.091      -264.11      -2125.4      -188.83    
  352.0000000       1.0000       0.0000       0.0000       2781.8       0.0000       0.0000      2.07955E-04  -142.33      -61.091      -264.11      -2125.4      -188.83    
  352.2954464       1.0000       0.0000       0.0000       2772.4       0.0000       0.0000      2.07955E-04  -137.10      -61.369      -264.11      -2120.3      -189.54    
  352.5908928       1.0000       0.0000       0.0000       2763.6       0.0000       0.0000      2.07955E-04  -132.14      -61.660      -264.11      -2115.4      -190.30    
  353.0000000       1.0000       0.0000       0.0000       2752.2       0.0000       0.0000      2.05066E-04  -125.69      -62.064      -264.11      -2108.9      -191.40    
  353.0000000       1.0000       0.0000       0.0000       2752.2       0.0000       0.0000      2.05066E-04  -125.69      -62.064      -264.11      -2108.9      -191.40    
  353.2363571       1.0000       0.0000       0.0000       2746.1       0.0000       0.0000      1.93776E-04  -122.12      -62.380      -264.11      -2105.3      -192.14    
  353.4727142       1.0000       0.0000       0.0000       2740.4       0.0000       0.0000      1.74610E-04  -118.67      -62.730      -264.11      -2101.9      -192.98    
  353.9454285       1.0000       0.0000       0.0000       2730.1       0.0000       0.0000      1.12646E-04  -112.18      -63.429      -264.10      -2095.5      -194.82    
  354.0000000       1.0000       0.0000       0.0000       2728.9       0.0000       0.0000      1.03977E-04  -111.49      -63.510      -264.10      -2094.8      -195.03    
  354.0000000       1.0000       0.0000       0.0000       2729.0       0.0000       0.0000      1.03977E-04  -111.49      -63.510      -264.10      -2094.8      -195.03    
  354.0046237       1.0000       0.0000       0.0000       1150.2       0.0000       0.0000      1.03243E-04   255.80      -63.389      -259.86      -1852.7      -186.43    
  354.0092474       1.0000       0.0000       0.0000      2.80580E-03   0.0000       0.0000      1.02508E-04   544.44      -63.181      -252.68      -1663.7      -179.75    
  354.0134995       1.0000       0.0000       0.0000       0.0000       0.0000       0.0000      1.01833E-04   577.17      -62.997      -246.33      -1644.3      -179.15    
  354.0183217       1.0000       0.0000       0.0000       0.0000       0.0000       0.0000      1.01067E-04   612.10      -62.797      -239.41      -1623.4      -178.51    
  354.0235101       1.0000       0.0000       0.0000       0.0000       0.0000       0.0000      1.00243E-04   647.31      -62.592      -232.30      -1602.0      -177.88    
  354.0295713       1.0000       0.0000       0.0000       0.0000       0.0000       0.0000      9.92798E-05   685.53      -62.364      -224.40      -1577.2      -177.21    
  354.0367419       1.0000       0.0000       0.0000       0.0000       0.0000       0.0000      9.81407E-05   727.02      -62.111      -215.60      -1549.8      -176.51    
  354.0460348       1.0000       0.0000       0.0000       0.0000       0.0000       0.0000      9.66645E-05   775.32      -61.808      -205.02      -1517.5      -175.72    
  354.0614277       1.0000       0.0000       0.0000       0.0000       0.0000       0.0000      9.42193E-05   843.27      -61.364      -189.44      -1471.3      -174.71    
  354.0775703       1.0000       0.0000       0.0000       0.0000       0.0000       0.0000      9.16549E-05   903.19      -60.949      -174.91      -1429.8      -173.90    
  354.0952626       1.0000       0.0000       0.0000       0.0000       0.0000       0.0000      8.88444E-05   961.87      -60.549      -160.91      -1391.0      -173.26    
  354.1127914       1.0000       0.0000       0.0000       0.0000       0.0000       0.0000      8.60599E-05   1007.7      -60.199      -148.58      -1358.1      -172.81    
  354.1321188       1.0000       0.0000       0.0000       0.0000       0.0000       0.0000      8.29897E-05   1046.5      -59.859      -136.51      -1327.4      -172.50    
  354.1528605       1.0000       0.0000       0.0000       0.0000       0.0000       0.0000      7.96948E-05   1082.9      -59.539      -125.09      -1299.2      -172.30    
  354.1761060       1.0000       0.0000       0.0000       273.21       0.0000       0.0000      7.60021E-05   1044.5      -59.328      -117.19      -1320.9      -173.92    
  354.2020696       1.0000       0.0000       0.0000       1101.8       0.0000       0.0000      7.19375E-05   841.38      -59.454      -120.46      -1452.9      -179.41    
  354.2320001       1.0000       0.0000       0.0000       1429.7       0.0000       0.0000      6.80474E-05   737.10      -59.721      -128.29      -1524.0      -182.64    
  354.2670234       1.0000       0.0000       0.0000       1317.1       0.0000       0.0000      6.34953E-05   741.77      -59.917      -133.58      -1524.9      -183.27    
  354.3090898       1.0000       0.0000       0.0000       1110.0       0.0000       0.0000      5.80279E-05   783.07      -59.982      -134.22      -1500.1      -182.96    
  354.3608224       1.0000       0.0000       0.0000       1041.7       0.0000       0.0000      5.13041E-05   798.30      -59.998      -132.87      -1491.0      -183.18    
  354.4274251       1.0000       0.0000       0.0000       1079.7       0.0000       0.0000      4.34398E-05   785.47      -60.049      -132.16      -1500.0      -184.02    
  354.5171731       1.0000       0.0000       0.0000       1124.4       0.0000       0.0000      3.43672E-05   766.20      -60.147      -132.19      -1513.0      -184.94    
  354.6460647       1.0000       0.0000       0.0000       1161.0       0.0000       0.0000      2.26682E-05   744.52      -60.289      -132.27      -1526.5      -185.79    
  354.8494440       1.0000       0.0000       0.0000       1213.7       0.0000       0.0000      9.41093E-06   710.00      -60.510      -132.28      -1544.2      -186.69    
  355.0000000       1.0000       0.0000       0.0000       1256.3       0.0000       0.0000      2.88826E-06   680.72      -60.673      -132.27      -1556.8      -187.26    
  355.0000000       1.0000       0.0000       0.0000       1256.3       0.0000       0.0000      2.88826E-06   680.72      -60.673      -132.27      -1556.8      -187.26    
  355.0034017       1.0000       0.0000       0.0000       1257.2       0.0000       0.0000      2.83913E-06   680.04      -60.677      -132.27      -1557.1      -187.27    
  355.0068033       1.0000       0.0000       0.0000       1258.2       0.0000       0.0000      2.79001E-06   679.37      -60.680      -132.27      -1557.4      -187.28    
  355.0136067       1.0000       0.0000       0.0000       1260.1       0.0000       0.0000      2.69176E-06   678.01      -60.688      -132.27      -1558.0      -187.31    
  355.0272133       1.0000       0.0000       0.0000       1264.0       0.0000       0.0000      2.49526E-06   675.29      -60.703      -132.27      -1559.1      -187.36    
  355.0544266       1.0000       0.0000       0.0000       1272.0       0.0000       0.0000      2.10227E-06   669.81      -60.732      -132.27      -1561.4      -187.45    
  355.1088533       1.0000       0.0000       0.0000       1287.7       0.0000       0.0000      1.31628E-06   658.86      -60.783      -132.27      -1565.8      -187.63    
  355.2177066       1.0000       0.0000       0.0000       1316.8       0.0000       0.0000       0.0000       638.15      -60.880      -132.28      -1573.8      -187.94    
  355.4354132       1.0000       0.0000       0.0000       1365.4       0.0000       0.0000       0.0000       603.07      -61.074      -132.29      -1586.6      -188.46    
  355.8708263       1.0000       0.0000       0.0000       1448.9       0.0000       0.0000       0.0000       540.68      -61.460      -132.31      -1606.4      -189.39    
  356.0000000       1.0000       0.0000       0.0000       1472.9       0.0000       0.0000       0.0000       522.61      -61.575      -132.31      -1612.0      -189.66    
  356.0000000       1.0000       0.0000       0.0000       1472.9       0.0000       0.0000       0.0000       522.61      -61.575      -132.31      -1612.0      -189.66    
  356.3483305       1.0000       0.0000       0.0000       1530.5       0.0000       0.0000       0.0000       478.63      -61.885      -132.32      -1624.5      -190.39    
  356.6966611       1.0000       0.0000       0.0000       1582.0       0.0000       0.0000       0.0000       438.94      -62.194      -132.32      -1635.3      -191.13    
  357.0000000       1.0000       0.0000       0.0000       1622.9       0.0000       0.0000       0.0000       407.42      -62.463      -132.33      -1643.8      -191.78    
  357.0000000       1.0000       0.0000       0.0000       1622.9       0.0000       0.0000       0.0000       407.42      -62.463      -132.33      -1643.8      -191.78    
  357.2786644       1.0000       0.0000       0.0000       1657.3       0.0000       0.0000       0.0000       380.91      -62.669      -132.33      -1650.8      -192.33    
  357.5573289       1.0000       0.0000       0.0000       1688.8       0.0000       0.0000       0.0000       356.67      -62.862      -132.34      -1657.4      -192.83    
  358.0000000       1.0000       0.0000       0.0000       1732.8       0.0000       0.0000       0.0000       323.20      -63.168      -132.34      -1666.9      -193.60    
  358.0000000       1.0000       0.0000       0.0000       1732.8       0.0000       0.0000       0.0000       323.20      -63.168      -132.34      -1666.9      -193.60    
  358.2229315       1.0000       0.0000       0.0000       1753.6       0.0000       0.0000       0.0000       307.50      -63.321      -132.34      -1671.5      -193.99    
  358.4458631       1.0000       0.0000       0.0000       1773.0       0.0000       0.0000       0.0000       292.93      -63.485      -132.34      -1675.8      -194.37    
  358.4664372       1.0000       0.0000       0.0000       1774.8       0.0000       0.0000       0.0000       291.60      -63.501      -132.34      -1676.2      -194.41    
  358.5075854       1.0000       0.0000       0.0000       1778.3       0.0000       0.0000       0.0000       288.95      -63.532      -132.35      -1676.9      -194.48    
  358.5075855       1.0000       0.0000       0.0000       1778.3       0.0000       0.0000       0.0000       288.95      -63.532      -132.35      -1676.9      -194.48    
  358.6859307       1.0000       0.0000       0.0000       1792.8       0.0000       0.0000       0.0000       278.21      -63.666      -132.35      -1680.2      -194.79    
  358.8642759       1.0000       0.0000       0.0000       1806.6       0.0000       0.0000       0.0000       268.07      -63.797      -132.35      -1683.4      -195.10    
  359.0000000       1.0000       0.0000       0.0000       1816.8       0.0000       0.0000       0.0000       260.69      -63.896      -132.35      -1685.9      -195.34    
  359.0000000       1.0000       0.0000       0.0000       1816.8       0.0000       0.0000       0.0000       260.69      -63.896      -132.35      -1685.9      -195.34    
  359.1426762       1.0000       0.0000       0.0000       1827.1       0.0000       0.0000       0.0000       253.27      -63.992      -132.35      -1688.4      -195.59    
  359.2853524       1.0000       0.0000       0.0000       1837.0       0.0000       0.0000       0.0000       246.19      -64.079      -132.35      -1691.0      -195.83    
  359.5707047       1.0000       0.0000       0.0000       1855.6       0.0000       0.0000       0.0000       233.20      -64.252      -132.35      -1696.0      -196.28    
  360.0000000       1.0000       0.0000       0.0000       1881.3       0.0000       0.0000       0.0000       215.93      -64.506      -132.35      -1703.4      -196.94    
