#      time         order        qbridges     qcdwalls2z   qdaylite     qequip2zon   qhc2zone     qlcwinds2z   qlite        qloss        qocc2zone    qterm2zone
  336.0000000       1.0000       0.0000      -1430.8       0.0000       0.0000       2413.3      -785.64       0.0000       0.0000       0.0000      -201.18    
  336.0277111       1.0000       0.0000      -1432.4       0.0000       0.0000       2415.0      -785.81       0.0000       0.0000       0.0000      -201.25    
  336.0554222       1.0000       0.0000      -1433.9       0.0000       0.0000       2416.8      -785.98       0.0000       0.0000       0.0000      -201.29    
  336.0682198       1.0000       0.0000      -1434.6       0.0000       0.0000       2417.6      -786.06       0.0000       0.0000       0.0000      -201.30    
  336.0682198       1.0000       0.0000      -1434.6       0.0000       0.0000       2417.6      -786.06       0.0000       0.0000       0.0000      -201.30    
  336.0903887       1.0000       0.0000      -1435.8       0.0000       0.0000       2419.0      -786.19       0.0000       0.0000       0.0000      -201.29    
  336.1125575       1.0000       0.0000      -1437.1       0.0000       0.0000       2420.3      -786.32       0.0000       0.0000       0.0000      -201.28    
  336.1568953       1.0000       0.0000      -1439.5       0.0000       0.0000       2423.0      -786.58       0.0000       0.0000       0.0000      -201.25    
  336.2455708       1.0000       0.0000      -1444.2       0.0000       0.0000       2428.3      -787.07       0.0000       0.0000       0.0000      -201.21    
  336.4229219       1.0000       0.0000      -1453.4       0.0000       0.0000       2438.3      -787.92       0.0000       0.0000       0.0000      -201.15    
  336.7776240       1.0000       0.0000      -1470.5       0.0000       0.0000       2457.1      -789.45       0.0000       0.0000       0.0000      -201.10    
  337.0000000       1.0000       0.0000      -1480.8       0.0000       0.0000       2468.4      -790.38       0.0000       0.0000       0.0000      -201.08    
  337.0000000       1.0000       0.0000      -1480.8       0.0000       0.0000       2468.4      -790.38       0.0000       0.0000       0.0000      -201.08    
  337.2837617       1.0000       0.0000      -1493.3       0.0000       0.0000       2482.1      -791.42       0.0000       0.0000       0.0000      -200.92    
  337.5675234       1.0000       0.0000      -1505.2       0.0000       0.0000       2495.0      -792.36       0.0000       0.0000       0.0000      -200.76    
  338.0000000       1.0000       0.0000      -1522.2       0.0000       0.0000       2513.5      -793.70       0.0000       0.0000       0.0000      -200.63    
  338.0000000       1.0000       0.0000      -1522.2       0.0000       0.0000       2513.5      -793.70       0.0000       0.0000       0.0000      -200.63    
  338.2270094       1.0000       0.0000      -1530.9       0.0000       0.0000       2522.9      -794.38       0.0000       0.0000       0.0000      -200.59    
  338.4540187       1.0000       0.0000      -1539.3       0.0000       0.0000       2532.0      -795.06       0.0000       0.0000       0.0000      -200.56    
  338.9080375       1.0000       0.0000      -1555.0       0.0000       0.0000       2549.3      -796.42       0.0000       0.0000       0.0000      -200.57    
  339.0000000       1.0000       0.0000      -1558.2       0.0000       0.0000       2552.7      -796.70       0.0000       0.0000       0.0000      -200.57    
  339.0000000       1.0000       0.0000      -1558.2       0.0000       0.0000       2552.7      -796.70       0.0000       0.0000       0.0000      -200.57    
  339.3632150       1.0000       0.0000      -1570.1       0.0000       0.0000       2565.6      -797.60       0.0000       0.0000       0.0000      -200.39    
  339.7264300       1.0000       0.0000      -1581.5       0.0000       0.0000       2577.9      -798.39       0.0000       0.0000       0.0000      -200.23    
  340.0000000       1.0000       0.0000      -1589.8       0.0000       0.0000       2586.8      -798.95       0.0000       0.0000       0.0000      -200.15    
  340.0000000       1.0000       0.0000      -1589.8       0.0000       0.0000       2586.8      -798.95       0.0000       0.0000       0.0000      -200.15    
  340.2001218       1.0000       0.0000      -1595.8       0.0000       0.0000       2592.9      -799.11       0.0000       0.0000       0.0000      -199.68    
  340.4002436       1.0000       0.0000      -1601.6       0.0000       0.0000       2598.6      -799.01       0.0000       0.0000       0.0000      -199.08    
  340.4264857       1.0000       0.0000      -1602.4       0.0000       0.0000       2599.3      -799.00       0.0000       0.0000       0.0000      -199.00    
  340.4789699       1.0000       0.0000      -1603.9       0.0000       0.0000       2600.8      -798.95       0.0000       0.0000       0.0000      -198.85    
  340.4789699       1.0000       0.0000      -1603.9       0.0000       0.0000       2600.8      -798.95       0.0000       0.0000       0.0000      -198.85    
  340.6390673       1.0000       0.0000      -1608.4       0.0000       0.0000       2605.1      -798.71       0.0000       0.0000       0.0000      -198.45    
  340.7991647       1.0000       0.0000      -1612.9       0.0000       0.0000       2609.2      -798.41       0.0000       0.0000       0.0000      -198.11    
  341.0000000       1.0000       0.0000      -1618.4       0.0000       0.0000       2614.2      -797.98       0.0000       0.0000       0.0000      -197.75    
  341.0000000       1.0000       0.0000      -1618.4       0.0000       0.0000       2614.2      -797.98       0.0000       0.0000       0.0000      -197.75    
  341.0334978       1.0000       0.0000      -1619.3       0.0000       0.0000       2615.0      -797.91       0.0000       0.0000       0.0000      -197.69    
  341.0669955       1.0000       0.0000      -1620.2       0.0000       0.0000       2615.8      -797.83       0.0000       0.0000       0.0000      -197.63    
  341.0986329       1.0000       0.0000      -1621.0       0.0000       0.0000       2616.6      -797.74       0.0000       0.0000       0.0000      -197.44    
  341.1209903       1.0000       0.0000      -1621.6       0.0000       0.0000       2617.1      -797.67       0.0000       0.0000       0.0000      -197.30    
  341.1405617       1.0000       0.0000      -1622.1       0.0000       0.0000       2617.5      -797.60       0.0000       0.0000       0.0000      -197.18    
  341.1612116       1.0000       0.0000      -1622.7       0.0000       0.0000       2618.0      -797.52       0.0000       0.0000       0.0000      -197.06    
  341.1798055       1.0000       0.0000      -1623.2       0.0000       0.0000       2618.4      -797.45       0.0000       0.0000       0.0000      -196.95    
  341.1984890       1.0000       0.0000      -1623.7       0.0000       0.0000       2618.8      -797.38       0.0000       0.0000       0.0000      -196.84    
  341.2164927       1.0000       0.0000      -1624.2       0.0000       0.0000       2619.2      -797.30       0.0000       0.0000       0.0000      -196.74    
  341.2347019       1.0000       0.0000      -1624.6       0.0000       0.0000       2619.6      -797.22       0.0000       0.0000       0.0000      -196.64    
  341.2529417       1.0000       0.0000      -1625.1       0.0000       0.0000       2620.0      -797.14       0.0000       0.0000       0.0000      -196.54    
  341.2719537       1.0000       0.0000      -1625.6       0.0000       0.0000       2620.4      -797.05       0.0000       0.0000       0.0000      -196.43    
  341.2926427       1.0000       0.0000      -1626.2       0.0000       0.0000       2620.8      -796.94       0.0000       0.0000       0.0000      -196.32    
  341.3153501       1.0000       0.0000      -1626.8       0.0000       0.0000       2621.2      -796.82       0.0000       0.0000       0.0000      -196.21    
  341.3408346       1.0000       0.0000      -1627.4       0.0000       0.0000       2621.8      -796.68       0.0000       0.0000       0.0000      -196.07    
  341.3695986       1.0000       0.0000      -1628.2       0.0000       0.0000       2622.3      -796.52       0.0000       0.0000       0.0000      -195.93    
  341.4029150       1.0000       0.0000      -1629.1       0.0000       0.0000       2623.0      -796.32       0.0000       0.0000       0.0000      -195.77    
  341.4420061       1.0000       0.0000      -1630.1       0.0000       0.0000       2623.7      -796.08       0.0000       0.0000       0.0000      -195.59    
  341.4891999       1.0000       0.0000      -1631.3       0.0000       0.0000       2624.6      -795.77       0.0000       0.0000       0.0000      -195.37    
  341.5478014       1.0000       0.0000      -1632.8       0.0000       0.0000       2625.7      -795.37       0.0000       0.0000       0.0000      -195.12    
  341.6239840       1.0000       0.0000      -1634.7       0.0000       0.0000       2627.0      -794.83       0.0000       0.0000       0.0000      -194.81    
  341.7273979       1.0000       0.0000      -1637.4       0.0000       0.0000       2628.8      -794.08       0.0000       0.0000       0.0000      -194.42    
  341.8824781       1.0000       0.0000      -1641.2       0.0000       0.0000       2631.3      -792.91       0.0000       0.0000      1.81649E-06  -193.90    
  342.0000000       1.0000       0.0000      -1644.1       0.0000       0.0000       2633.2      -792.01       0.0000       0.0000      4.41245E-06  -193.54    
  342.0000000       1.0000       0.0000      -1644.1       0.0000       0.0000       2633.2      -792.01       0.0000       0.0000      4.40890E-06  -193.54    
  342.0253099       1.0000       0.0000      -1644.7       0.0000       0.0000       2633.6      -791.81       0.0000       0.0000      6.08273E-06  -193.46    
  342.0506198       1.0000       0.0000      -1645.3       0.0000       0.0000       2634.0      -791.62       0.0000       0.0000      7.75656E-06  -193.39    
  342.1012396       1.0000       0.0000      -1646.5       0.0000       0.0000       2634.7      -791.16       0.0000       0.0000      1.11042E-05  -192.94    
  342.2024792       1.0000       0.0000      -1648.9       0.0000       0.0000       2635.9      -790.07       0.0000       0.0000      1.79088E-05  -191.75    
  342.4049584       1.0000       0.0000      -1653.6       0.0000       0.0000       2637.3      -787.15       0.0000       0.0000      4.04449E-05  -189.75    
  342.8099168       1.0000       0.0000      -1662.6       0.0000       0.0000       2638.6      -780.25       0.0000       0.0000      1.12625E-04  -186.56    
  343.0000000       1.0000       0.0000      -1666.7       0.0000       0.0000       2639.0      -776.86       0.0000       0.0000      1.58716E-04  -186.40    
  343.0000000       1.0000       0.0000      -1666.7       0.0000       0.0000       2639.0      -776.86       0.0000       0.0000      1.58716E-04  -186.40    
  343.0343945       1.0000       0.0000      -4009.8       0.0000       0.0000       7561.9      -907.61       0.0000       0.0000      1.67030E-04  -267.27    
  343.0687890       1.0000       0.0000      -4375.0       0.0000       0.0000       7323.4      -919.61       0.0000       0.0000      1.75360E-04  -325.22    
  343.1011679       1.0000       0.0000      -3935.3       0.0000       0.0000       5692.3      -885.36       0.0000       0.0000      1.83247E-04  -342.14    
  343.1334259       1.0000       0.0000      -3469.0       0.0000       0.0000       4503.3      -852.03       0.0000       0.0000      1.91069E-04  -337.15    
  343.1754230       1.0000       0.0000      -3241.6       0.0000       0.0000       4147.2      -834.06       0.0000       0.0000      2.01253E-04  -326.50    
  343.2405886       1.0000       0.0000      -3253.0       0.0000       0.0000       4344.0      -830.08       0.0000       0.0000      2.15264E-04  -322.44    
  343.3211551       1.0000       0.0000      -3264.1       0.0000       0.0000       4430.4      -826.67       0.0000       0.0000      2.31248E-04  -323.59    
  343.4506229       1.0000       0.0000      -3207.9       0.0000       0.0000       4362.9      -819.62       0.0000       0.0000      2.54701E-04  -324.75    
  343.6546876       1.0000       0.0000      -3119.7       0.0000       0.0000       4261.7      -811.88       0.0000       0.0000      2.83777E-04  -325.38    
  344.0000000       1.0000       0.0000      -3000.6       0.0000       0.0000       4133.0      -803.06       0.0000       0.0000      3.13018E-04  -325.97    
  344.0000000       1.0000       0.0000      -3000.6       0.0000       0.0000       4133.0      -803.06       0.0000       0.0000      3.13018E-04  -325.97    
  344.0275156       1.0000       0.0000      -2991.4       0.0000       0.0000       4123.1      -802.39       0.0000       0.0000      3.13625E-04  -326.01    
  344.0550312       1.0000       0.0000      -2982.3       0.0000       0.0000       4113.3      -801.73       0.0000       0.0000      3.14231E-04  -326.05    
  344.1100624       1.0000       0.0000      -2964.7       0.0000       0.0000       4094.5      -800.50       0.0000       0.0000      3.15444E-04  -326.14    
  344.2201247       1.0000       0.0000      -2931.6       0.0000       0.0000       4058.9      -798.21       0.0000       0.0000      3.17426E-04  -326.28    
  344.4402494       1.0000       0.0000      -2873.1       0.0000       0.0000       3995.8      -794.09       0.0000       0.0000      3.17426E-04  -326.43    
  344.8804989       1.0000       0.0000      -2777.7       0.0000       0.0000       3892.0      -786.36       0.0000       0.0000      3.17425E-04  -326.40    
  345.0000000       1.0000       0.0000      -2753.4       0.0000       0.0000       3865.4      -784.29       0.0000       0.0000      3.17425E-04  -326.37    
  345.0000000       1.0000       0.0000      -2753.4       0.0000       0.0000       3865.4      -784.29       0.0000       0.0000      3.17425E-04  -326.37    
  345.3521996       1.0000       0.0000      -2691.9       0.0000       0.0000       3797.7      -778.57       0.0000       0.0000      3.17425E-04  -326.21    
  345.7043991       1.0000       0.0000      -2638.6       0.0000       0.0000       3738.4      -773.07       0.0000       0.0000      3.17424E-04  -325.96    
  346.0000000       1.0000       0.0000      -2598.7       0.0000       0.0000       3693.5      -768.52       0.0000       0.0000      3.17424E-04  -325.70    
  346.0000000       1.0000       0.0000      -2598.7       0.0000       0.0000       3693.5      -768.52       0.0000       0.0000      3.17424E-04  -325.70    
  346.2817596       1.0000       0.0000      -2562.4       0.0000       0.0000       3653.0      -764.73       0.0000       0.0000      3.17424E-04  -325.51    
  346.5635193       1.0000       0.0000      -2529.3       0.0000       0.0000       3616.3      -761.42       0.0000       0.0000      3.17424E-04  -325.33    
  347.0000000       1.0000       0.0000      -2485.0       0.0000       0.0000       3567.0      -756.74       0.0000       0.0000      3.17424E-04  -325.01    
  347.0000000       1.0000       0.0000      -2485.0       0.0000       0.0000       3567.0      -756.74       0.0000       0.0000      3.17424E-04  -325.01    
  347.2254077       1.0000       0.0000      -2463.9       0.0000       0.0000       3543.5      -754.54       0.0000       0.0000      3.17424E-04  -324.86    
  347.4508154       1.0000       0.0000      -2444.2       0.0000       0.0000       3521.6      -752.52       0.0000       0.0000      3.17424E-04  -324.72    
  347.9016308       1.0000       0.0000      -2409.3       0.0000       0.0000       3482.6      -748.73       0.0000       0.0000      3.17424E-04  -324.41    
  348.0000000       1.0000       0.0000      -2402.0       0.0000       0.0000       3474.3      -747.92       0.0000       0.0000      3.17424E-04  -324.34    
  348.0000000       1.0000       0.0000      -2402.0       0.0000       0.0000       3474.3      -747.92       0.0000       0.0000      3.17424E-04  -324.34    
  348.3606523       1.0000       0.0000      -2377.2       0.0000       0.0000       3446.9      -745.50       0.0000       0.0000      3.17424E-04  -324.17    
  348.7213047       1.0000       0.0000      -2354.4       0.0000       0.0000       3421.9      -743.44       0.0000       0.0000      3.17424E-04  -324.00    
  349.0000000       1.0000       0.0000      -2337.7       0.0000       0.0000       3403.6      -741.97       0.0000       0.0000      3.17424E-04  -323.88    
  349.0000000       1.0000       0.0000      -2337.7       0.0000       0.0000       3403.6      -741.97       0.0000       0.0000      3.17424E-04  -323.88    
  349.2885219       1.0000       0.0000      -2321.5       0.0000       0.0000       3386.5      -741.09       0.0000       0.0000      3.17424E-04  -323.85    
  349.5770437       1.0000       0.0000      -2306.2       0.0000       0.0000       3370.7      -740.72       0.0000       0.0000      3.17424E-04  -323.86    
  350.0000000       1.0000       0.0000      -2285.2       0.0000       0.0000       3349.7      -740.62       0.0000       0.0000      3.17424E-04  -323.86    
  350.0000000       1.0000       0.0000      -2285.2       0.0000       0.0000       3349.7      -740.62       0.0000       0.0000      3.17424E-04  -323.86    
  350.2308175       1.0000       0.0000      -2274.2       0.0000       0.0000       3339.2      -741.10       0.0000       0.0000      3.17424E-04  -323.96    
  350.4616350       1.0000       0.0000      -2263.6       0.0000       0.0000       3329.7      -742.06       0.0000       0.0000      3.17424E-04  -324.10    
  350.9232700       1.0000       0.0000      -2243.8       0.0000       0.0000       3312.9      -744.76       0.0000       0.0000      3.17424E-04  -324.37    
  351.0000000       1.0000       0.0000      -2240.5       0.0000       0.0000       3310.2      -745.23       0.0000       0.0000      3.17424E-04  -324.42    
  351.0000000       1.0000       0.0000      -2240.5       0.0000       0.0000       3310.2      -745.23       0.0000       0.0000      3.17424E-04  -324.42    
  351.3693080       1.0000       0.0000      -2225.7       0.0000       0.0000       3298.4      -747.99       0.0000       0.0000      3.17424E-04  -324.70    
  351.7386160       1.0000       0.0000      -2211.6       0.0000       0.0000       3287.7      -751.05       0.0000       0.0000      3.17424E-04  -324.99    
  352.0000000       1.0000       0.0000      -2202.0       0.0000       0.0000       3280.5      -753.29       0.0000       0.0000      3.17424E-04  -325.19    
  352.0000000       1.0000       0.0000      -2202.0       0.0000       0.0000       3280.5      -753.29       0.0000       0.0000      3.17424E-04  -325.19    
  352.2954464       1.0000       0.0000      -2191.7       0.0000       0.0000       3273.2      -756.11       0.0000       0.0000      3.17424E-04  -325.47    
  352.5908928       1.0000       0.0000      -2181.7       0.0000       0.0000       3266.6      -759.15       0.0000       0.0000      3.17424E-04  -325.76    
  353.0000000       1.0000       0.0000      -2168.7       0.0000       0.0000       3258.4      -763.53       0.0000       0.0000      3.13015E-04  -326.17    
  353.0000000       1.0000       0.0000      -2168.7       0.0000       0.0000       3258.4      -763.53       0.0000       0.0000      3.13015E-04  -326.17    
  353.2363571       1.0000       0.0000      -2161.5       0.0000       0.0000       3254.5      -766.48       0.0000       0.0000      2.95782E-04  -326.48    
  353.4727142       1.0000       0.0000      -2154.5       0.0000       0.0000       3251.2      -769.84       0.0000       0.0000      2.66526E-04  -326.83    
  353.9454285       1.0000       0.0000      -2141.5       0.0000       0.0000       3246.2      -777.18       0.0000       0.0000      1.71944E-04  -327.53    
  354.0000000       1.0000       0.0000      -2140.1       0.0000       0.0000       3245.7      -778.05       0.0000       0.0000      1.58712E-04  -327.61    
  354.0000000       1.0000       0.0000      -2140.1       0.0000       0.0000       3245.7      -778.05       0.0000       0.0000      1.58712E-04  -327.61    
  354.0046237       1.0000       0.0000      -1556.4       0.0000       0.0000       1667.1      -743.46       0.0000       0.0000      1.57591E-04  -323.24    
  354.0092474       1.0000       0.0000      -976.84       0.0000       0.0000       188.12      -709.37       0.0000       0.0000      1.56469E-04  -314.95    
  354.0134995       1.0000       0.0000      -850.23       0.0000       0.0000       0.0000      -702.46       0.0000       0.0000      1.55438E-04  -307.13    
  354.0183217       1.0000       0.0000      -784.77       0.0000       0.0000       0.0000      -699.33       0.0000       0.0000      1.54269E-04  -298.63    
  354.0235101       1.0000       0.0000      -718.59       0.0000       0.0000       0.0000      -696.24       0.0000       0.0000      1.53011E-04  -289.89    
  354.0295713       1.0000       0.0000      -645.73       0.0000       0.0000       0.0000      -692.96       0.0000       0.0000      1.51541E-04  -280.18    
  354.0367419       1.0000       0.0000      -566.02       0.0000       0.0000       0.0000      -689.51       0.0000       0.0000      1.49803E-04  -269.37    
  354.0460348       1.0000       0.0000      -472.94       0.0000       0.0000       0.0000      -685.66       0.0000       0.0000      1.47549E-04  -256.37    
  354.0614277       1.0000       0.0000      -341.43       0.0000       0.0000       0.0000      -680.68       0.0000       0.0000      1.43817E-04  -237.21    
  354.0775703       1.0000       0.0000      -224.77       0.0000       0.0000       0.0000      -676.68       0.0000       0.0000      1.39903E-04  -219.33    
  354.0952626       1.0000       0.0000      -111.94       0.0000       0.0000       0.0000      -673.44       0.0000       0.0000      1.35613E-04  -202.05    
  354.1127914       1.0000       0.0000      -26.422       0.0000       0.0000       0.0000      -671.19       0.0000       0.0000      1.31363E-04  -186.73    
  354.1321188       1.0000       0.0000       56.017       0.0000       0.0000       0.0000      -669.49       0.0000       0.0000      1.26676E-04  -171.74    
  354.1528605       1.0000       0.0000      -333.60       0.0000       0.0000       1106.3      -695.59       0.0000       0.0000      1.21647E-04  -169.85    
  354.1761060       1.0000       0.0000      -686.97       0.0000       0.0000       1948.1      -719.64       0.0000       0.0000      1.16010E-04  -178.23    
  354.2020696       1.0000       0.0000      -830.05       0.0000       0.0000       2166.3      -731.12       0.0000       0.0000      1.09806E-04  -188.96    
  354.2320001       1.0000       0.0000      -784.02       0.0000       0.0000       1924.5      -731.11       0.0000       0.0000      1.03868E-04  -195.33    
  354.2670234       1.0000       0.0000      -678.99       0.0000       0.0000       1611.5      -727.31       0.0000       0.0000      9.69198E-05  -195.69    
  354.3090898       1.0000       0.0000      -629.71       0.0000       0.0000       1493.2      -726.68       0.0000       0.0000      8.85742E-05  -193.38    
  354.3608224       1.0000       0.0000      -646.90       0.0000       0.0000       1540.8      -729.91       0.0000       0.0000      7.83110E-05  -192.01    
  354.4274251       1.0000       0.0000      -681.16       0.0000       0.0000       1606.8      -734.02       0.0000       0.0000      6.63068E-05  -192.05    
  354.5171731       1.0000       0.0000      -709.17       0.0000       0.0000       1641.6      -737.47       0.0000       0.0000      5.24584E-05  -192.38    
  354.6460647       1.0000       0.0000      -745.20       0.0000       0.0000       1678.8      -740.78       0.0000       0.0000      3.46008E-05  -192.56    
  354.8494440       1.0000       0.0000      -803.99       0.0000       0.0000       1741.2      -744.52       0.0000       0.0000      1.43649E-05  -192.77    
  355.0000000       1.0000       0.0000      -844.63       0.0000       0.0000       1784.4      -746.76       0.0000       0.0000      4.40866E-06  -192.94    
  355.0000000       1.0000       0.0000      -844.62       0.0000       0.0000       1784.4      -746.76       0.0000       0.0000      4.40866E-06  -192.94    
  355.0034017       1.0000       0.0000      -845.50       0.0000       0.0000       1785.4      -746.81       0.0000       0.0000      4.33368E-06  -192.95    
  355.0068033       1.0000       0.0000      -846.37       0.0000       0.0000       1786.3      -746.85       0.0000       0.0000      4.25869E-06  -192.95    
  355.0136067       1.0000       0.0000      -848.12       0.0000       0.0000       1788.2      -746.95       0.0000       0.0000      4.10872E-06  -192.96    
  355.0272133       1.0000       0.0000      -851.56       0.0000       0.0000       1791.9      -747.15       0.0000       0.0000      3.80879E-06  -192.98    
  355.0544266       1.0000       0.0000      -858.26       0.0000       0.0000       1799.0      -747.51       0.0000       0.0000      3.20892E-06  -193.01    
  355.1088533       1.0000       0.0000      -871.30       0.0000       0.0000       1812.6      -748.18       0.0000       0.0000      2.00917E-06  -193.07    
  355.2177066       1.0000       0.0000      -896.36       0.0000       0.0000       1838.9      -749.37       0.0000       0.0000       0.0000      -193.17    
  355.4354132       1.0000       0.0000      -942.89       0.0000       0.0000       1887.7      -751.45       0.0000       0.0000       0.0000      -193.37    
  355.8708263       1.0000       0.0000      -1022.9       0.0000       0.0000       1971.9      -755.23       0.0000       0.0000       0.0000      -193.77    
  356.0000000       1.0000       0.0000      -1045.9       0.0000       0.0000       1996.1      -756.34       0.0000       0.0000       0.0000      -193.88    
  356.0000000       1.0000       0.0000      -1045.9       0.0000       0.0000       1996.1      -756.34       0.0000       0.0000       0.0000      -193.88    
  356.3483305       1.0000       0.0000      -1100.7       0.0000       0.0000       2054.2      -759.30       0.0000       0.0000       0.0000      -194.20    
  356.6966611       1.0000       0.0000      -1149.7       0.0000       0.0000       2106.5      -762.28       0.0000       0.0000       0.0000      -194.52    
  357.0000000       1.0000       0.0000      -1188.4       0.0000       0.0000       2148.1      -764.89       0.0000       0.0000       0.0000      -194.79    
  357.0000000       1.0000       0.0000      -1188.4       0.0000       0.0000       2148.1      -764.89       0.0000       0.0000       0.0000      -194.79    
  357.2786644       1.0000       0.0000      -1221.0       0.0000       0.0000       2183.1      -767.10       0.0000       0.0000       0.0000      -195.00    
  357.5573289       1.0000       0.0000      -1250.5       0.0000       0.0000       2214.8      -769.13       0.0000       0.0000       0.0000      -195.20    
  358.0000000       1.0000       0.0000      -1291.7       0.0000       0.0000       2259.4      -772.21       0.0000       0.0000       0.0000      -195.51    
  358.0000000       1.0000       0.0000      -1291.7       0.0000       0.0000       2259.4      -772.21       0.0000       0.0000       0.0000      -195.51    
  358.2229315       1.0000       0.0000      -1311.2       0.0000       0.0000       2280.6      -773.75       0.0000       0.0000       0.0000      -195.66    
  358.4458631       1.0000       0.0000      -1329.5       0.0000       0.0000       2300.6      -775.29       0.0000       0.0000       0.0000      -196.59    
  358.4664372       1.0000       0.0000      -1331.2       0.0000       0.0000       2302.5      -775.44       0.0000       0.0000       0.0000      -196.72    
  358.5075854       1.0000       0.0000      -1334.5       0.0000       0.0000       2306.1      -775.72       0.0000       0.0000       0.0000      -196.98    
  358.5075855       1.0000       0.0000      -1334.5       0.0000       0.0000       2306.1      -775.72       0.0000       0.0000       0.0000      -196.98    
  358.6859307       1.0000       0.0000      -1348.3       0.0000       0.0000       2321.3      -776.97       0.0000       0.0000       0.0000      -197.91    
  358.8642759       1.0000       0.0000      -1361.4       0.0000       0.0000       2335.7      -778.23       0.0000       0.0000       0.0000      -198.71    
  359.0000000       1.0000       0.0000      -1371.0       0.0000       0.0000       2346.4      -779.20       0.0000       0.0000       0.0000      -199.25    
  359.0000000       1.0000       0.0000      -1371.0       0.0000       0.0000       2346.4      -779.20       0.0000       0.0000       0.0000      -199.25    
  359.1426762       1.0000       0.0000      -1380.7       0.0000       0.0000       2357.3      -780.19       0.0000       0.0000       0.0000      -199.69    
  359.2853524       1.0000       0.0000      -1390.1       0.0000       0.0000       2367.7      -781.14       0.0000       0.0000       0.0000      -200.02    
  359.5707047       1.0000       0.0000      -1407.7       0.0000       0.0000       2387.3      -782.97       0.0000       0.0000       0.0000      -200.57    
  360.0000000       1.0000       0.0000      -1431.9       0.0000       0.0000       2414.4      -785.62       0.0000       0.0000       0.0000      -201.17    
