#      time         order        tair      
  4679.000000       1.0000       15.297    
  4679.400000       1.0000       14.951    
  4679.800000       1.0000       14.605    
  4680.000000       1.0000       14.432    
  4680.000000       1.0000       14.434    
  4680.002746       1.0000       14.432    
  4680.005491       1.0000       14.429    
  4680.007168       1.0000       14.428    
  4680.007168       1.0000       14.428    
  4680.009364       1.0000       14.427    
  4680.011560       1.0000       14.425    
  4680.015953       1.0000       14.423    
  4680.024739       1.0000       14.418    
  4680.042311       1.0000       14.408    
  4680.077454       1.0000       14.387    
  4680.147740       1.0000       14.347    
  4680.288312       1.0000       14.266    
  4680.569457       1.0000       14.104    
  4680.676996       1.0000       14.042    
  4680.676996       1.0000       14.042    
  4680.726040       1.0000       14.014    
  4680.775084       1.0000       13.986    
  4680.873172       1.0000       13.929    
  4681.000000       1.0000       13.856    
  4681.000000       1.0000       13.856    
  4681.078470       1.0000       13.821    
  4681.156941       1.0000       13.787    
  4681.313881       1.0000       13.719    
  4681.627763       1.0000       13.584    
  4682.000000       1.0000       13.423    
  4682.000000       1.0000       13.423    
  4682.251105       1.0000       13.315    
  4682.502210       1.0000       13.206    
  4683.000000       1.0000       12.991    
  4683.000000       1.0000       12.991    
  4683.200884       1.0000       12.932    
  4683.401768       1.0000       12.874    
  4683.803536       1.0000       12.759    
  4684.000000       1.0000       12.702    
  4684.000000       1.0000       12.702    
  4684.006428       1.0000       12.700    
  4684.012857       1.0000       12.702    
  4684.023268       1.0000       12.705    
  4684.035190       1.0000       12.708    
  4684.052835       1.0000       12.713    
  4684.076866       1.0000       12.720    
  4684.097768       1.0000       12.726    
  4684.120418       1.0000       12.733    
  4684.139272       1.0000       12.738    
  4684.157925       1.0000       12.743    
  4684.175121       1.0000       12.748    
  4684.192204       1.0000       12.753    
  4684.208820       1.0000       12.758    
  4684.225481       1.0000       12.763    
  4684.242637       1.0000       12.768    
  4684.261190       1.0000       12.773    
  4684.281348       1.0000       12.779    
  4684.303612       1.0000       12.785    
  4684.328532       1.0000       12.793    
  4684.356755       1.0000       12.801    
  4684.389259       1.0000       12.810    
  4684.427362       1.0000       12.821    
  4684.473142       1.0000       12.834    
  4684.529739       1.0000       12.851    
  4684.602619       1.0000       12.872    
  4684.602619       1.0000       12.872    
  4684.610948       1.0000       12.874    
  4684.619277       1.0000       12.876    
  4684.635936       1.0000       12.881    
  4684.669253       1.0000       12.891    
  4684.735888       1.0000       12.910    
  4684.869156       1.0000       12.948    
  4685.000000       1.0000       12.986    
  4685.000000       1.0000       12.986    
  4685.106615       1.0000       13.088    
  4685.213230       1.0000       13.196    
  4685.426460       1.0000       13.411    
  4685.756670       1.0000       13.744    
  4686.000000       1.0000       13.989    
  4686.000000       1.0000       13.989    
  4686.034117       1.0000       14.063    
  4686.068234       1.0000       14.146    
  4686.077918       1.0000       14.170    
  4686.097287       1.0000       14.217    
  4686.136024       1.0000       14.312    
  4686.181668       1.0000       14.424    
  4686.195836       1.0000       14.458    
  4686.224172       1.0000       14.528    
  4686.280845       1.0000       14.667    
  4686.388561       1.0000       14.930    
  4686.420903       1.0000       15.009    
  4686.485587       1.0000       15.168    
  4686.511461       1.0000       15.231    
  4686.563209       1.0000       15.358    
  4686.666703       1.0000       15.611    
  4686.708101       1.0000       15.712    
  4686.790897       1.0000       15.915    
  4686.956489       1.0000       16.321    
  4686.956723       1.0000       16.321    
  4686.956723       1.0000       16.321    
  4686.964715       1.0000       16.341    
  4686.972707       1.0000       16.360    
  4686.988690       1.0000       16.399    
  4687.000000       1.0000       16.427    
  4687.000000       1.0000       16.427    
  4687.012787       1.0000       16.460    
  4687.025574       1.0000       16.495    
  4687.051147       1.0000       16.565    
  4687.102294       1.0000       16.705    
  4687.105939       1.0000       16.715    
  4687.113229       1.0000       16.735    
  4687.127808       1.0000       16.775    
  4687.133640       1.0000       16.791    
  4687.145304       1.0000       16.823    
  4687.168631       1.0000       16.886    
  4687.214715       1.0000       17.012    
  4687.262542       1.0000       17.143    
  4687.321423       1.0000       17.304    
  4687.385193       1.0000       17.479    
  4687.463568       1.0000       17.693    
  4687.567531       1.0000       17.978    
  4687.691333       1.0000       18.317    
  4687.848171       1.0000       18.746    
  4687.980100       1.0000       19.107    
  4688.000000       1.0000       19.161    
  4688.000000       1.0000       19.161    
  4688.040918       1.0000       19.263    
  4688.081835       1.0000       19.363    
  4688.163671       1.0000       19.564    
  4688.163671       1.0000       19.564    
  4688.196405       1.0000       19.644    
  4688.229139       1.0000       19.724    
  4688.294607       1.0000       19.884    
  4688.381898       1.0000       20.098    
  4688.381898       1.0000       20.098    
  4688.434272       1.0000       20.226    
  4688.486647       1.0000       20.354    
  4688.591396       1.0000       20.611    
  4688.800894       1.0000       21.124    
  4689.000000       1.0000       21.611    
  4689.000000       1.0000       21.611    
  4689.108008       1.0000       21.846    
  4689.216015       1.0000       22.080    
  4689.234810       1.0000       22.120    
  4689.272400       1.0000       22.201    
  4689.272400       1.0000       22.201    
  4689.358806       1.0000       22.388    
  4689.445212       1.0000       22.575    
  4689.618024       1.0000       22.948    
  4689.914416       1.0000       23.588    
  4690.000000       1.0000       23.773    
  4690.000000       1.0000       23.773    
  4690.138250       1.0000       23.977    
  4690.276499       1.0000       24.176    
  4690.552998       1.0000       24.574    
  4690.888597       1.0000       25.058    
  4690.888597       1.0000       25.058    
  4690.944298       1.0000       25.138    
  4691.000000       1.0000       25.218    
  4691.000000       1.0000       25.218    
  4691.044561       1.0000       25.271    
  4691.089123       1.0000       25.323    
  4691.178245       1.0000       25.425    
  4691.356490       1.0000       25.631    
  4691.712980       1.0000       26.041    
  4692.000000       1.0000       26.372    
  4692.000000       1.0000       26.372    
  4692.285192       1.0000       26.580    
  4692.570384       1.0000       26.786    
  4693.000000       1.0000       27.095    
  4693.000000       1.0000       27.095    
  4693.228154       1.0000       27.100    
  4693.456307       1.0000       27.100    
  4693.912615       1.0000       27.100    
  4694.000000       1.0000       27.100    
  4694.000000       1.0000       27.100    
  4694.365046       1.0000       26.791    
  4694.730092       1.0000       26.475    
  4695.000000       1.0000       26.242    
  4695.000000       1.0000       26.242    
  4695.292037       1.0000       25.908    
  4695.584073       1.0000       25.571    
  4696.000000       1.0000       25.092    
  4696.000000       1.0000       25.092    
  4696.026105       1.0000       25.056    
  4696.052211       1.0000       25.019    
  4696.104422       1.0000       24.944    
  4696.104422       1.0000       24.944    
  4696.125306       1.0000       24.914    
  4696.146190       1.0000       24.883    
  4696.187959       1.0000       24.823    
  4696.271496       1.0000       24.703    
  4696.438571       1.0000       24.462    
  4696.772720       1.0000       23.981    
  4697.000000       1.0000       23.654    
  4697.000000       1.0000       23.654    
  4697.005541       1.0000       23.646    
  4697.011082       1.0000       23.635    
  4697.015515       1.0000       23.625    
  4697.020776       1.0000       23.614    
  4697.026265       1.0000       23.602    
  4697.032897       1.0000       23.588    
  4697.040929       1.0000       23.571    
  4697.052241       1.0000       23.546    
  4697.066492       1.0000       23.515    
  4697.083985       1.0000       23.478    
  4697.099706       1.0000       23.444    
  4697.117629       1.0000       23.405    
  4697.135957       1.0000       23.365    
  4697.156831       1.0000       23.320    
  4697.179759       1.0000       23.271    
  4697.185046       1.0000       23.259    
  4697.195621       1.0000       23.236    
  4697.216771       1.0000       23.191    
  4697.246176       1.0000       23.127    
  4697.283119       1.0000       23.047    
  4697.329024       1.0000       22.948    
  4697.386985       1.0000       22.823    
  4697.462944       1.0000       22.659    
  4697.567792       1.0000       22.433    
  4697.567792       1.0000       22.433    
  4697.571338       1.0000       22.425    
  4697.574885       1.0000       22.417    
  4697.581978       1.0000       22.402    
  4697.596165       1.0000       22.371    
  4697.624538       1.0000       22.310    
  4697.681285       1.0000       22.187    
  4697.794779       1.0000       21.942    
  4698.000000       1.0000       21.499    
  4698.000000       1.0000       21.499    
  4698.090795       1.0000       21.351    
  4698.181590       1.0000       21.207    
  4698.363179       1.0000       20.920    
  4698.636106       1.0000       20.487    
  4698.982042       1.0000       19.939    
  4698.982042       1.0000       19.939    
  4698.991021       1.0000       19.925    
  4699.000000       1.0000       19.911    
  4699.000000       1.0000       19.911    
  4699.007183       1.0000       19.900    
  4699.014366       1.0000       19.890    
  4699.028732       1.0000       19.872    
  4699.057465       1.0000       19.835    
  4699.114930       1.0000       19.760    
  4699.229859       1.0000       19.611    
  4699.459719       1.0000       19.313    
  4699.919438       1.0000       18.717    
  4700.000000       1.0000       18.613    
  4700.000000       1.0000       18.613    
  4700.367775       1.0000       18.136    
  4700.735550       1.0000       17.660    
  4701.000000       1.0000       17.317    
  4701.000000       1.0000       17.317    
  4701.294220       1.0000       17.018    
  4701.588440       1.0000       16.722    
  4701.848517       1.0000       16.460    
  4701.848517       1.0000       16.460    
  4701.924259       1.0000       16.383    
  4702.000000       1.0000       16.307    
  4702.000000       1.0000       16.307    
  4702.060593       1.0000       16.246    
  4702.121186       1.0000       16.185    
  4702.242372       1.0000       16.063    
  4702.319484       1.0000       15.985    
  4702.319484       1.0000       15.985    
  4702.416433       1.0000       15.887    
  4702.513382       1.0000       15.789    
  4702.637131       1.0000       15.665    
  4702.791387       1.0000       15.509    
  4703.000000       1.0000       15.299    
