#      time         order        tairmean     top       
  4679.000000       1.0000       21.643       21.936    
  4679.400000       1.0000       21.589       21.877    
  4679.800000       1.0000       21.536       21.819    
  4680.000000       1.0000       21.509       21.791    
  4680.000000       1.0000       21.509       21.791    
  4680.002746       1.0000       21.509       21.790    
  4680.005491       1.0000       21.509       21.790    
  4680.007168       1.0000       21.509       21.789    
  4680.007168       1.0000       21.509       21.789    
  4680.009364       1.0000       21.508       21.789    
  4680.011560       1.0000       21.508       21.789    
  4680.015953       1.0000       21.507       21.788    
  4680.024739       1.0000       21.506       21.787    
  4680.042311       1.0000       21.504       21.784    
  4680.077454       1.0000       21.499       21.779    
  4680.147740       1.0000       21.490       21.769    
  4680.288312       1.0000       21.472       21.749    
  4680.569457       1.0000       21.435       21.709    
  4680.676996       1.0000       21.421       21.694    
  4680.676996       1.0000       21.421       21.694    
  4680.726040       1.0000       21.415       21.687    
  4680.775084       1.0000       21.409       21.680    
  4680.873172       1.0000       21.396       21.666    
  4681.000000       1.0000       21.380       21.648    
  4681.000000       1.0000       21.380       21.648    
  4681.078470       1.0000       21.370       21.637    
  4681.156941       1.0000       21.360       21.626    
  4681.313881       1.0000       21.340       21.604    
  4681.627763       1.0000       21.300       21.560    
  4682.000000       1.0000       21.253       21.509    
  4682.000000       1.0000       21.253       21.509    
  4682.251105       1.0000       21.221       21.474    
  4682.502210       1.0000       21.190       21.439    
  4683.000000       1.0000       21.127       21.369    
  4683.000000       1.0000       21.127       21.369    
  4683.200884       1.0000       21.101       21.341    
  4683.401768       1.0000       21.076       21.313    
  4683.803536       1.0000       21.031       21.264    
  4684.000000       1.0000       21.010       21.240    
  4684.000000       1.0000       21.010       21.240    
  4684.006428       1.0000       21.009       21.240    
  4684.012857       1.0000       21.009       21.239    
  4684.023268       1.0000       21.008       21.238    
  4684.035190       1.0000       21.006       21.236    
  4684.052835       1.0000       21.005       21.234    
  4684.076866       1.0000       21.002       21.231    
  4684.097768       1.0000       21.000       21.229    
  4684.120418       1.0000       20.998       21.226    
  4684.139272       1.0000       20.996       21.224    
  4684.157925       1.0000       20.994       21.222    
  4684.175121       1.0000       20.992       21.220    
  4684.192204       1.0000       20.991       21.219    
  4684.208820       1.0000       20.989       21.217    
  4684.225481       1.0000       20.987       21.215    
  4684.242637       1.0000       20.986       21.213    
  4684.261190       1.0000       20.984       21.211    
  4684.281348       1.0000       20.982       21.209    
  4684.303612       1.0000       20.980       21.207    
  4684.328532       1.0000       20.978       21.204    
  4684.356755       1.0000       20.975       21.201    
  4684.389259       1.0000       20.972       21.198    
  4684.427362       1.0000       20.969       21.194    
  4684.473142       1.0000       20.964       21.189    
  4684.529739       1.0000       20.960       21.184    
  4684.602619       1.0000       20.953       21.177    
  4684.602619       1.0000       20.953       21.177    
  4684.610948       1.0000       20.953       21.176    
  4684.619277       1.0000       20.952       21.175    
  4684.635936       1.0000       20.950       21.173    
  4684.669253       1.0000       20.948       21.170    
  4684.735888       1.0000       20.942       21.164    
  4684.869156       1.0000       20.933       21.153    
  4685.000000       1.0000       20.928       21.146    
  4685.000000       1.0000       20.928       21.146    
  4685.106615       1.0000       20.930       21.145    
  4685.213230       1.0000       20.937       21.148    
  4685.426460       1.0000       20.971       21.170    
  4685.756670       1.0000       21.082       21.252    
  4686.000000       1.0000       21.205       21.344    
  4686.000000       1.0000       21.205       21.344    
  4686.034117       1.0000       21.224       21.358    
  4686.068234       1.0000       21.243       21.372    
  4686.077918       1.0000       21.249       21.377    
  4686.097287       1.0000       21.260       21.385    
  4686.136024       1.0000       21.284       21.402    
  4686.181668       1.0000       21.313       21.424    
  4686.195836       1.0000       21.323       21.430    
  4686.224172       1.0000       21.341       21.443    
  4686.280845       1.0000       21.376       21.469    
  4686.388561       1.0000       21.442       21.518    
  4686.420903       1.0000       21.461       21.532    
  4686.485587       1.0000       21.498       21.558    
  4686.511461       1.0000       21.513       21.569    
  4686.563209       1.0000       21.541       21.590    
  4686.666703       1.0000       21.592       21.629    
  4686.708101       1.0000       21.612       21.644    
  4686.790897       1.0000       21.650       21.672    
  4686.956489       1.0000       21.712       21.721    
  4686.956723       1.0000       21.712       21.721    
  4686.956723       1.0000       21.712       21.721    
  4686.964715       1.0000       21.715       21.723    
  4686.972707       1.0000       21.718       21.725    
  4686.988690       1.0000       21.724       21.730    
  4687.000000       1.0000       21.728       21.733    
  4687.000000       1.0000       21.728       21.733    
  4687.012787       1.0000       21.732       21.736    
  4687.025574       1.0000       21.736       21.740    
  4687.051147       1.0000       21.744       21.746    
  4687.102294       1.0000       21.758       21.757    
  4687.105939       1.0000       21.759       21.758    
  4687.113229       1.0000       21.761       21.759    
  4687.127808       1.0000       21.765       21.763    
  4687.133640       1.0000       21.766       21.764    
  4687.145304       1.0000       21.769       21.766    
  4687.168631       1.0000       21.775       21.771    
  4687.214715       1.0000       21.785       21.780    
  4687.262542       1.0000       21.795       21.788    
  4687.321423       1.0000       21.805       21.797    
  4687.385193       1.0000       21.815       21.807    
  4687.463568       1.0000       21.827       21.818    
  4687.567531       1.0000       21.841       21.833    
  4687.691333       1.0000       21.857       21.850    
  4687.848171       1.0000       21.877       21.871    
  4687.980100       1.0000       21.893       21.888    
  4688.000000       1.0000       21.896       21.891    
  4688.000000       1.0000       21.896       21.891    
  4688.040918       1.0000       21.901       21.896    
  4688.081835       1.0000       21.905       21.902    
  4688.163671       1.0000       21.915       21.912    
  4688.163671       1.0000       21.915       21.912    
  4688.196405       1.0000       21.919       21.917    
  4688.229139       1.0000       21.923       21.921    
  4688.294607       1.0000       21.931       21.929    
  4688.381898       1.0000       21.941       21.941    
  4688.381898       1.0000       21.941       21.941    
  4688.434272       1.0000       21.948       21.949    
  4688.486647       1.0000       21.955       21.957    
  4688.591396       1.0000       21.968       21.971    
  4688.800894       1.0000       21.993       22.000    
  4689.000000       1.0000       22.017       22.027    
  4689.000000       1.0000       22.017       22.027    
  4689.108008       1.0000       22.030       22.042    
  4689.216015       1.0000       22.043       22.057    
  4689.234810       1.0000       22.045       22.059    
  4689.272400       1.0000       22.050       22.065    
  4689.272400       1.0000       22.050       22.065    
  4689.358806       1.0000       22.061       22.077    
  4689.445212       1.0000       22.072       22.089    
  4689.618024       1.0000       22.094       22.113    
  4689.914416       1.0000       22.133       22.156    
  4690.000000       1.0000       22.144       22.168    
  4690.000000       1.0000       22.144       22.168    
  4690.138250       1.0000       22.162       22.188    
  4690.276499       1.0000       22.180       22.208    
  4690.552998       1.0000       22.216       22.248    
  4690.888597       1.0000       22.260       22.296    
  4690.888597       1.0000       22.260       22.296    
  4690.944298       1.0000       22.268       22.304    
  4691.000000       1.0000       22.275       22.312    
  4691.000000       1.0000       22.275       22.312    
  4691.044561       1.0000       22.281       22.319    
  4691.089123       1.0000       22.287       22.325    
  4691.178245       1.0000       22.298       22.338    
  4691.356490       1.0000       22.322       22.364    
  4691.712980       1.0000       22.369       22.415    
  4692.000000       1.0000       22.406       22.457    
  4692.000000       1.0000       22.406       22.457    
  4692.285192       1.0000       22.425       22.465    
  4692.570384       1.0000       22.461       22.506    
  4693.000000       1.0000       22.532       22.581    
  4693.000000       1.0000       22.532       22.581    
  4693.228154       1.0000       22.571       22.623    
  4693.456307       1.0000       22.612       22.666    
  4693.912615       1.0000       22.697       22.754    
  4694.000000       1.0000       22.713       22.771    
  4694.000000       1.0000       22.713       22.771    
  4694.365046       1.0000       22.779       22.841    
  4694.730092       1.0000       22.843       22.910    
  4695.000000       1.0000       22.890       22.961    
  4695.000000       1.0000       22.890       22.961    
  4695.292037       1.0000       22.938       23.013    
  4695.584073       1.0000       22.983       23.064    
  4696.000000       1.0000       23.039       23.131    
  4696.000000       1.0000       23.039       23.131    
  4696.026105       1.0000       23.042       23.134    
  4696.052211       1.0000       23.044       23.136    
  4696.104422       1.0000       23.047       23.141    
  4696.104422       1.0000       23.047       23.141    
  4696.125306       1.0000       23.048       23.143    
  4696.146190       1.0000       23.049       23.144    
  4696.187959       1.0000       23.049       23.147    
  4696.271496       1.0000       23.045       23.148    
  4696.438571       1.0000       23.021       23.139    
  4696.772720       1.0000       22.915       23.079    
  4697.000000       1.0000       22.816       23.016    
  4697.000000       1.0000       22.816       23.016    
  4697.005541       1.0000       22.814       23.014    
  4697.011082       1.0000       22.811       23.013    
  4697.015515       1.0000       22.809       23.012    
  4697.020776       1.0000       22.807       23.010    
  4697.026265       1.0000       22.805       23.008    
  4697.032897       1.0000       22.802       23.006    
  4697.040929       1.0000       22.798       23.004    
  4697.052241       1.0000       22.793       23.001    
  4697.066492       1.0000       22.786       22.996    
  4697.083985       1.0000       22.778       22.991    
  4697.099706       1.0000       22.771       22.986    
  4697.117629       1.0000       22.762       22.980    
  4697.135957       1.0000       22.753       22.975    
  4697.156831       1.0000       22.743       22.968    
  4697.179759       1.0000       22.732       22.960    
  4697.185046       1.0000       22.730       22.959    
  4697.195621       1.0000       22.724       22.955    
  4697.216771       1.0000       22.714       22.948    
  4697.246176       1.0000       22.700       22.939    
  4697.283119       1.0000       22.683       22.928    
  4697.329024       1.0000       22.661       22.914    
  4697.386985       1.0000       22.634       22.895    
  4697.462944       1.0000       22.600       22.873    
  4697.567792       1.0000       22.557       22.844    
  4697.567792       1.0000       22.557       22.844    
  4697.571338       1.0000       22.556       22.843    
  4697.574885       1.0000       22.554       22.842    
  4697.581978       1.0000       22.551       22.840    
  4697.596165       1.0000       22.546       22.836    
  4697.624538       1.0000       22.535       22.829    
  4697.681285       1.0000       22.515       22.816    
  4697.794779       1.0000       22.478       22.791    
  4698.000000       1.0000       22.428       22.755    
  4698.000000       1.0000       22.428       22.755    
  4698.090795       1.0000       22.411       22.744    
  4698.181590       1.0000       22.397       22.734    
  4698.363179       1.0000       22.380       22.721    
  4698.636106       1.0000       22.362       22.707    
  4698.982042       1.0000       22.338       22.685    
  4698.982042       1.0000       22.338       22.685    
  4698.991021       1.0000       22.337       22.685    
  4699.000000       1.0000       22.336       22.684    
  4699.000000       1.0000       22.336       22.684    
  4699.007183       1.0000       22.336       22.684    
  4699.014366       1.0000       22.335       22.683    
  4699.028732       1.0000       22.334       22.682    
  4699.057465       1.0000       22.332       22.680    
  4699.114930       1.0000       22.328       22.676    
  4699.229859       1.0000       22.318       22.666    
  4699.459719       1.0000       22.294       22.641    
  4699.919438       1.0000       22.194       22.530    
  4700.000000       1.0000       22.175       22.509    
  4700.000000       1.0000       22.175       22.509    
  4700.367775       1.0000       22.085       22.409    
  4700.735550       1.0000       21.995       22.308    
  4701.000000       1.0000       21.940       22.251    
  4701.000000       1.0000       21.940       22.251    
  4701.294220       1.0000       21.886       22.196    
  4701.588440       1.0000       21.838       22.145    
  4701.848517       1.0000       21.799       22.103    
  4701.848517       1.0000       21.799       22.103    
  4701.924259       1.0000       21.788       22.091    
  4702.000000       1.0000       21.776       22.079    
  4702.000000       1.0000       21.776       22.079    
  4702.060593       1.0000       21.768       22.070    
  4702.121186       1.0000       21.759       22.060    
  4702.242372       1.0000       21.742       22.042    
  4702.319484       1.0000       21.731       22.030    
  4702.319484       1.0000       21.731       22.030    
  4702.416433       1.0000       21.717       22.015    
  4702.513382       1.0000       21.703       22.000    
  4702.637131       1.0000       21.686       21.982    
  4702.791387       1.0000       21.664       21.959    
  4703.000000       1.0000       21.635       21.928    
