#      time         order        qbridges     qcdwalls2z   qdaylite     qequip2zon   qhc2zone     qlcwinds2z   qlite        qloss        qocc2zone    qterm2zone
  4679.000000       1.0000       0.0000       422.84       0.0000       0.0000       0.0000      -113.88       0.0000       0.0000       0.0000      -288.50    
  4679.400000       1.0000       0.0000       423.89       0.0000       0.0000       0.0000      -117.60       0.0000       0.0000       0.0000      -294.34    
  4679.800000       1.0000       0.0000       424.73       0.0000       0.0000       0.0000      -121.13       0.0000       0.0000       0.0000      -297.69    
  4680.000000       1.0000       0.0000       425.10       0.0000       0.0000       0.0000      -122.87       0.0000       0.0000       0.0000      -298.84    
  4680.000000       1.0000       0.0000       425.10       0.0000       0.0000       0.0000      -122.87       0.0000       0.0000       0.0000      -298.84    
  4680.002746       1.0000       0.0000       425.11       0.0000       0.0000       0.0000      -122.89       0.0000       0.0000       0.0000      -298.85    
  4680.005491       1.0000       0.0000       425.11       0.0000       0.0000       0.0000      -122.91       0.0000       0.0000       0.0000      -298.87    
  4680.007168       1.0000       0.0000       425.11       0.0000       0.0000       0.0000      -122.93       0.0000       0.0000       0.0000      -298.88    
  4680.007168       1.0000       0.0000       425.11       0.0000       0.0000       0.0000      -122.93       0.0000       0.0000       0.0000      -298.88    
  4680.009364       1.0000       0.0000       425.12       0.0000       0.0000       0.0000      -122.95       0.0000       0.0000       0.0000      -298.89    
  4680.011560       1.0000       0.0000       425.12       0.0000       0.0000       0.0000      -122.97       0.0000       0.0000       0.0000      -298.90    
  4680.015953       1.0000       0.0000       425.13       0.0000       0.0000       0.0000      -123.00       0.0000       0.0000       0.0000      -298.92    
  4680.024739       1.0000       0.0000       425.14       0.0000       0.0000       0.0000      -123.07       0.0000       0.0000       0.0000      -298.97    
  4680.042311       1.0000       0.0000       425.17       0.0000       0.0000       0.0000      -123.22       0.0000       0.0000       0.0000      -299.05    
  4680.077454       1.0000       0.0000       425.21       0.0000       0.0000       0.0000      -123.50       0.0000       0.0000       0.0000      -299.20    
  4680.147740       1.0000       0.0000       425.25       0.0000       0.0000       0.0000      -124.03       0.0000       0.0000       0.0000      -299.45    
  4680.288312       1.0000       0.0000       425.22       0.0000       0.0000       0.0000      -124.98       0.0000       0.0000       0.0000      -299.79    
  4680.569457       1.0000       0.0000       424.97       0.0000       0.0000       0.0000      -126.63       0.0000       0.0000       0.0000      -313.05    
  4680.676996       1.0000       0.0000       424.93       0.0000       0.0000       0.0000      -127.24       0.0000       0.0000       0.0000      -317.87    
  4680.676996       1.0000       0.0000       424.93       0.0000       0.0000       0.0000      -127.24       0.0000       0.0000       0.0000      -317.87    
  4680.726040       1.0000       0.0000       424.85       0.0000       0.0000       0.0000      -127.52       0.0000       0.0000       0.0000      -319.94    
  4680.775084       1.0000       0.0000       424.78       0.0000       0.0000       0.0000      -127.79       0.0000       0.0000       0.0000      -321.90    
  4680.873172       1.0000       0.0000       424.68       0.0000       0.0000       0.0000      -128.33       0.0000       0.0000       0.0000      -325.36    
  4681.000000       1.0000       0.0000       424.52       0.0000       0.0000       0.0000      -129.02       0.0000       0.0000       0.0000      -329.32    
  4681.000000       1.0000       0.0000       424.52       0.0000       0.0000       0.0000      -129.02       0.0000       0.0000       0.0000      -329.32    
  4681.078470       1.0000       0.0000       424.33       0.0000       0.0000       0.0000      -129.42       0.0000       0.0000       0.0000      -330.40    
  4681.156941       1.0000       0.0000       424.11       0.0000       0.0000       0.0000      -129.79       0.0000       0.0000       0.0000      -331.23    
  4681.313881       1.0000       0.0000       423.63       0.0000       0.0000       0.0000      -130.47       0.0000       0.0000       0.0000      -332.49    
  4681.627763       1.0000       0.0000       422.59       0.0000       0.0000       0.0000      -131.71       0.0000       0.0000       0.0000      -333.95    
  4682.000000       1.0000       0.0000       421.07       0.0000       0.0000       0.0000      -133.06       0.0000       0.0000       0.0000      -334.07    
  4682.000000       1.0000       0.0000       421.07       0.0000       0.0000       0.0000      -133.06       0.0000       0.0000       0.0000      -334.07    
  4682.251105       1.0000       0.0000       420.04       0.0000       0.0000       0.0000      -133.96       0.0000       0.0000       0.0000      -333.67    
  4682.502210       1.0000       0.0000       419.00       0.0000       0.0000       0.0000      -134.85       0.0000       0.0000       0.0000      -332.89    
  4683.000000       1.0000       0.0000       416.87       0.0000       0.0000       0.0000      -136.60       0.0000       0.0000       0.0000      -330.41    
  4683.000000       1.0000       0.0000       416.87       0.0000       0.0000       0.0000      -136.60       0.0000       0.0000       0.0000      -330.41    
  4683.200884       1.0000       0.0000       415.85       0.0000       0.0000       0.0000      -137.16       0.0000       0.0000       0.0000      -326.78    
  4683.401768       1.0000       0.0000       414.72       0.0000       0.0000       0.0000      -137.64       0.0000       0.0000       0.0000      -323.40    
  4683.803536       1.0000       0.0000       392.65       18.293       0.0000       0.0000      -135.76       0.0000       0.0000       0.0000      -318.00    
  4684.000000       1.0000       0.0000       381.84       26.927       0.0000       0.0000      -134.58       0.0000       0.0000       0.0000      -315.61    
  4684.000000       1.0000       0.0000       381.84       26.927       0.0000       0.0000      -134.58       0.0000       0.0000       0.0000      -315.61    
  4684.006428       1.0000       0.0000       381.47       27.227       0.0000       0.0000      -134.54       0.0000       0.0000       0.0000      -315.53    
  4684.012857       1.0000       0.0000       381.09       27.528       0.0000       0.0000      -134.50       0.0000       0.0000       0.0000      -315.11    
  4684.023268       1.0000       0.0000       380.48       28.018       0.0000       0.0000      -134.43       0.0000       0.0000       0.0000      -314.37    
  4684.035190       1.0000       0.0000       379.77       28.582       0.0000       0.0000      -134.34       0.0000       0.0000       0.0000      -313.53    
  4684.052835       1.0000       0.0000       378.71       29.422       0.0000       0.0000      -134.21       0.0000       0.0000       0.0000      -312.30    
  4684.076866       1.0000       0.0000       377.24       30.576       0.0000       0.0000      -134.01       0.0000       0.0000       0.0000      -310.67    
  4684.097768       1.0000       0.0000       375.94       31.589       0.0000       0.0000      -133.84       0.0000       0.0000       0.0000      -309.28    
  4684.120418       1.0000       0.0000       374.51       32.696       0.0000       0.0000      -133.63       0.0000       0.0000       0.0000      -307.80    
  4684.139272       1.0000       0.0000       373.31       33.624       0.0000       0.0000      -133.46       0.0000       0.0000       0.0000      -306.59    
  4684.157925       1.0000       0.0000       372.10       34.548       0.0000       0.0000      -133.27       0.0000       0.0000       0.0000      -305.41    
  4684.175121       1.0000       0.0000       370.98       35.405       0.0000       0.0000      -133.10       0.0000       0.0000       0.0000      -304.35    
  4684.192204       1.0000       0.0000       369.86       36.261       0.0000       0.0000      -132.92       0.0000       0.0000       0.0000      -303.30    
  4684.208820       1.0000       0.0000       368.76       37.097       0.0000       0.0000      -132.74       0.0000       0.0000       0.0000      -302.30    
  4684.225481       1.0000       0.0000       367.64       37.940       0.0000       0.0000      -132.56       0.0000       0.0000       0.0000      -301.32    
  4684.242637       1.0000       0.0000       366.48       38.811       0.0000       0.0000      -132.36       0.0000       0.0000       0.0000      -300.32    
  4684.261190       1.0000       0.0000       365.22       39.758       0.0000       0.0000      -132.14       0.0000       0.0000       0.0000      -299.26    
  4684.281348       1.0000       0.0000       363.84       40.791       0.0000       0.0000      -131.90       0.0000       0.0000       0.0000      -298.12    
  4684.303612       1.0000       0.0000       362.30       41.937       0.0000       0.0000      -131.62       0.0000       0.0000       0.0000      -296.90    
  4684.328532       1.0000       0.0000       360.56       43.227       0.0000       0.0000      -131.30       0.0000       0.0000       0.0000      -295.55    
  4684.356755       1.0000       0.0000       358.57       44.696       0.0000       0.0000      -130.93       0.0000       0.0000       0.0000      -294.07    
  4684.389259       1.0000       0.0000       356.26       46.396       0.0000       0.0000      -130.49       0.0000       0.0000       0.0000      -292.41    
  4684.427362       1.0000       0.0000       353.52       48.402       0.0000       0.0000      -129.95       0.0000       0.0000       0.0000      -290.54    
  4684.473142       1.0000       0.0000       350.20       50.825       0.0000       0.0000      -129.29       0.0000       0.0000       0.0000      -288.37    
  4684.529739       1.0000       0.0000       346.05       53.842       0.0000       0.0000      -128.45       0.0000       0.0000       0.0000      -285.83    
  4684.602619       1.0000       0.0000       340.64       57.752       0.0000       0.0000      -127.33       0.0000       0.0000       0.0000      -282.75    
  4684.602619       1.0000       0.0000       340.64       57.752       0.0000       0.0000      -127.33       0.0000       0.0000       0.0000      -282.75    
  4684.610948       1.0000       0.0000       340.02       58.201       0.0000       0.0000      -127.21       0.0000       0.0000       0.0000      -282.40    
  4684.619277       1.0000       0.0000       339.40       58.650       0.0000       0.0000      -127.08       0.0000       0.0000       0.0000      -282.05    
  4684.635936       1.0000       0.0000       338.16       59.548       0.0000       0.0000      -126.82       0.0000       0.0000       0.0000      -281.37    
  4684.669253       1.0000       0.0000       335.67       61.348       0.0000       0.0000      -126.30       0.0000       0.0000       0.0000      -280.04    
  4684.735888       1.0000       0.0000       330.66       64.960       0.0000       0.0000      -125.24       0.0000       0.0000       0.0000      -277.53    
  4684.869156       1.0000       0.0000       318.51       72.203      0.96189       0.0000      -123.12       1.1531       0.0000       1.6365      -273.23    
  4685.000000       1.0000       0.0000       304.27       79.324       2.7818       0.0000      -121.05       3.3347       0.0000       4.7327      -269.73    
  4685.000000       1.0000       0.0000       304.27       79.324       2.7818       0.0000      -121.05       3.3347       0.0000       4.7327      -269.73    
  4685.106615       1.0000       0.0000       285.91       85.090       7.2305       0.0000      -119.24       8.6674       0.0000       12.301      -260.89    
  4685.213230       1.0000       0.0000       265.00       90.842       12.047       0.0000      -117.28       14.441       0.0000       20.496      -252.91    
  4685.426460       1.0000       0.0000       205.70       102.21       27.612       0.0000      -113.12       33.098       0.0000       46.975      -242.64    
  4685.756670       1.0000       0.0000       69.374       126.73       64.120       0.0000      -105.69       76.846       0.0000       109.08      -239.84    
  4686.000000       1.0000       0.0000      -50.018       139.46       100.14       0.0000      -100.92       120.00       0.0000       170.34      -245.45    
  4686.000000       1.0000       0.0000      -50.016       139.46       100.14       0.0000      -100.92       120.00       0.0000       170.34      -245.45    
  4686.034117       1.0000       0.0000      -66.776       141.22       105.36       0.0000      -100.19       126.26       0.0000       179.22      -242.14    
  4686.068234       1.0000       0.0000      -83.756       142.96       110.58       0.0000      -99.439       132.51       0.0000       188.10      -237.98    
  4686.077918       1.0000       0.0000      -88.603       143.46       112.06       0.0000      -99.222       134.28       0.0000       190.62      -236.81    
  4686.097287       1.0000       0.0000      -98.398       144.45       115.03       0.0000      -98.780       137.83       0.0000       195.66      -234.58    
  4686.136024       1.0000       0.0000      -118.30       146.42       120.96       0.0000      -97.850       144.93       0.0000       205.73      -236.47    
  4686.181668       1.0000       0.0000      -142.06       148.73       127.94       0.0000      -96.692       153.30       0.0000       217.61      -243.88    
  4686.195836       1.0000       0.0000      -149.46       149.44       130.11       0.0000      -96.327       155.89       0.0000       221.30      -246.18    
  4686.224172       1.0000       0.0000      -163.42       150.87       133.77       0.0000      -95.553       160.28       0.0000       227.52      -250.74    
  4686.280845       1.0000       0.0000      -190.73       153.72       140.86       0.0000      -93.910       168.77       0.0000       239.58      -259.61    
  4686.388561       1.0000       0.0000      -241.62       159.08       154.35       0.0000      -90.572       184.92       0.0000       262.51      -275.84    
  4686.420903       1.0000       0.0000      -255.87       160.68       157.81       0.0000      -89.534       189.06       0.0000       268.40      -280.62    
  4686.485587       1.0000       0.0000      -282.53       163.86       164.11       0.0000      -87.378       196.60       0.0000       279.11      -289.79    
  4686.511461       1.0000       0.0000      -293.03       165.13       166.63       0.0000      -86.508       199.62       0.0000       283.39      -293.40    
  4686.563209       1.0000       0.0000      -313.63       167.64       171.67       0.0000      -84.744       205.64       0.0000       291.95      -300.43    
  4686.666703       1.0000       0.0000      -350.14       172.64       179.89       0.0000      -80.919       215.48       0.0000       305.93      -313.55    
  4686.708101       1.0000       0.0000      -363.75       174.62       182.77       0.0000      -79.378       218.92       0.0000       310.82      -318.63    
  4686.790897       1.0000       0.0000      -389.86       178.53       188.53       0.0000      -76.301       225.80       0.0000       320.60      -328.27    
  4686.956489       1.0000       0.0000      -430.20       186.26       195.69       0.0000      -70.033       234.35       0.0000       332.77      -344.99    
  4686.956723       1.0000       0.0000      -430.27       186.27       195.70       0.0000      -70.025       234.37       0.0000       332.79      -335.33    
  4686.956723       1.0000       0.0000      -430.27       186.27       195.70       0.0000      -70.025       234.37       0.0000       332.79      -353.94    
  4686.964715       1.0000       0.0000      -432.20       186.64       196.03       0.0000      -69.724       234.76       0.0000       333.36      -367.23    
  4686.972707       1.0000       0.0000      -434.11       187.01       196.37       0.0000      -69.424       235.16       0.0000       333.92      -369.51    
  4686.988690       1.0000       0.0000      -437.86       187.74       197.03       0.0000      -68.823       235.96       0.0000       335.06      -373.26    
  4687.000000       1.0000       0.0000      -440.50       188.25       197.51       0.0000      -68.398       236.52       0.0000       335.86      -375.86    
  4687.000000       1.0000       0.0000      -440.50       188.25       197.51       0.0000      -68.398       236.52       0.0000       335.86      -375.86    
  4687.012787       1.0000       0.0000      -442.93       188.84       197.68       0.0000      -67.904       236.73       0.0000       336.16      -378.83    
  4687.025574       1.0000       0.0000      -445.29       189.43       197.86       0.0000      -67.407       236.94       0.0000       336.46      -381.87    
  4687.051147       1.0000       0.0000      -449.77       190.59       198.22       0.0000      -66.409       237.36       0.0000       337.07      -387.71    
  4687.102294       1.0000       0.0000      -458.03       192.91       198.93       0.0000      -64.401       238.21       0.0000       338.27      -398.50    
  4687.105939       1.0000       0.0000      -458.61       193.08       198.98       0.0000      -64.258       238.27       0.0000       338.36      -399.24    
  4687.113229       1.0000       0.0000      -459.76       193.41       199.08       0.0000      -63.972       238.39       0.0000       338.53      -400.71    
  4687.127808       1.0000       0.0000      -462.01       194.06       199.28       0.0000      -63.399       238.63       0.0000       338.88      -403.57    
  4687.133640       1.0000       0.0000      -462.90       194.32       199.36       0.0000      -63.170       238.72       0.0000       339.01      -404.69    
  4687.145304       1.0000       0.0000      -464.65       194.85       199.53       0.0000      -62.711       238.91       0.0000       339.29      -406.88    
  4687.168631       1.0000       0.0000      -468.06       195.89       199.85       0.0000      -61.790       239.30       0.0000       339.84      -411.08    
  4687.214715       1.0000       0.0000      -474.16       197.94       200.29       0.0000      -59.958       239.81       0.0000       340.58      -418.66    
  4687.262542       1.0000       0.0000      -479.41       200.05       200.29       0.0000      -58.037       239.80       0.0000       340.58      -425.69    
  4687.321423       1.0000       0.0000      -485.33       202.62       200.29       0.0000      -55.668       239.79       0.0000       340.58      -433.33    
  4687.385193       1.0000       0.0000      -491.29       205.37       200.29       0.0000      -53.104       239.78       0.0000       340.58      -440.61    
  4687.463568       1.0000       0.0000      -498.15       208.70       200.29       0.0000      -49.961       239.77       0.0000       340.58      -448.57    
  4687.567531       1.0000       0.0000      -506.74       213.03       200.29       0.0000      -45.814       239.75       0.0000       340.59      -458.01    
  4687.691333       1.0000       0.0000      -516.47       218.06       200.29       0.0000      -40.918       239.72       0.0000       340.59      -467.94    
  4687.848171       1.0000       0.0000      -528.29       224.23       200.29       0.0000      -34.789       239.69       0.0000       340.60      -478.50    
  4687.980100       1.0000       0.0000      -537.89       229.25       200.29       0.0000      -29.705       239.67       0.0000       340.61      -485.79    
  4688.000000       1.0000       0.0000      -539.33       229.99       200.29       0.0000      -28.946       239.66       0.0000       340.61      -486.82    
  4688.000000       1.0000       0.0000      -539.33       229.99       200.29       0.0000      -28.946       239.66       0.0000       340.61      -486.82    
  4688.040918       1.0000       0.0000      -542.23       231.50       200.29       0.0000      -27.403       239.66       0.0000       340.61      -488.54    
  4688.081835       1.0000       0.0000      -545.10       233.00       200.29       0.0000      -25.876       239.65       0.0000       340.61      -490.10    
  4688.163671       1.0000       0.0000      -550.71       235.94       200.29       0.0000      -22.879       239.63       0.0000       340.62      -492.84    
  4688.163671       1.0000       0.0000      -550.71       235.94       200.29       0.0000      -22.879       239.63       0.0000       340.62      -492.84    
  4688.196405       1.0000       0.0000      -552.93       237.10       200.29       0.0000      -21.695       239.63       0.0000       340.62      -493.85    
  4688.229139       1.0000       0.0000      -555.12       238.25       200.29       0.0000      -20.520       239.62       0.0000       340.62      -494.80    
  4688.294607       1.0000       0.0000      -559.44       240.52       200.29       0.0000      -18.184       239.61       0.0000       340.62      -496.44    
  4688.381898       1.0000       0.0000      -565.11       243.48       200.29       0.0000      -14.916       239.59       0.0000       340.63      -498.22    
  4688.381898       1.0000       0.0000      -565.11       243.48       200.29       0.0000      -14.916       239.59       0.0000       340.63      -498.22    
  4688.434272       1.0000       0.0000      -578.94       255.83       200.29       0.0000      -12.414       239.52       0.0000       340.63      -499.14    
  4688.486647       1.0000       0.0000      -582.53       257.58       200.29       0.0000      -10.436       239.51       0.0000       340.64      -499.91    
  4688.591396       1.0000       0.0000      -589.36       260.97       200.29       0.0000      -6.8071       239.49       0.0000       340.64      -500.97    
  4688.800894       1.0000       0.0000      -602.09       267.41       200.29       0.0000      0.24762       239.45       0.0000       340.66      -501.80    
  4689.000000       1.0000       0.0000      -613.44       273.09       200.29       0.0000       6.7928       239.41       0.0000       340.67      -501.62    
  4689.000000       1.0000       0.0000      -613.44       273.09       200.29       0.0000       6.7928       239.41       0.0000       340.67      -501.62    
  4689.108008       1.0000       0.0000      -619.28       276.00       200.29       0.0000       10.223       239.39       0.0000       340.68      -500.83    
  4689.216015       1.0000       0.0000      -624.94       278.78       200.29       0.0000       13.897       239.38       0.0000       340.68      -500.04    
  4689.234810       1.0000       0.0000      -625.92       279.25       200.29       0.0000       14.553       239.37       0.0000       340.68      -499.89    
  4689.272400       1.0000       0.0000      -627.85       280.18       200.29       0.0000       15.869       239.37       0.0000       340.69      -499.60    
  4689.272400       1.0000       0.0000      -627.85       280.18       200.29       0.0000       15.868       239.37       0.0000       340.69      -499.60    
  4689.358806       1.0000       0.0000      -632.21       282.27       200.29       0.0000       18.716       239.35       0.0000       340.69      -497.38    
  4689.445212       1.0000       0.0000      -636.42       284.27       200.29       0.0000       21.359       239.34       0.0000       340.70      -495.62    
  4689.618024       1.0000       0.0000      -644.44       288.05       200.29       0.0000       26.556       239.31       0.0000       340.71      -492.72    
  4689.914416       1.0000       0.0000      -657.16       293.81       200.29       0.0000       35.313       239.27       0.0000       340.72      -488.41    
  4690.000000       1.0000       0.0000      -660.68       295.31       200.29       0.0000       37.848       239.26       0.0000       340.72      -487.23    
  4690.000000       1.0000       0.0000      -660.68       295.31       200.29       0.0000       37.848       239.26       0.0000       340.72      -487.23    
  4690.138250       1.0000       0.0000      -665.80       297.57       200.29       0.0000       41.541       239.25       0.0000       340.73      -485.11    
  4690.276499       1.0000       0.0000      -670.42       299.65       200.29       0.0000       44.930       239.23       0.0000       340.73      -483.24    
  4690.552998       1.0000       0.0000      -678.29       303.28       200.29       0.0000       50.939       239.21       0.0000       340.74      -480.26    
  4690.888597       1.0000       0.0000      -686.21       306.74       200.29       0.0000       57.636       239.18       0.0000       340.75      -477.66    
  4690.888597       1.0000       0.0000      -686.21       306.74       200.29       0.0000       57.636       239.18       0.0000       340.75      -477.66    
  4690.944298       1.0000       0.0000      -687.42       307.22       200.29       0.0000       58.738       239.18       0.0000       340.75      -477.25    
  4691.000000       1.0000       0.0000      -688.58       307.67       200.29       0.0000       59.824       239.17       0.0000       340.76      -476.87    
  4691.000000       1.0000       0.0000      -688.58       307.67       200.29       0.0000       59.824       239.17       0.0000       340.76      -476.87    
  4691.044561       1.0000       0.0000      -689.47       308.01       200.29       0.0000       60.662       239.17       0.0000       340.76      -476.53    
  4691.089123       1.0000       0.0000      -690.31       308.34       200.29       0.0000       61.479       239.17       0.0000       340.76      -476.22    
  4691.178245       1.0000       0.0000      -691.87       308.95       200.29       0.0000       63.028       239.16       0.0000       340.76      -475.68    
  4691.356490       1.0000       0.0000      -694.55       309.96       200.29       0.0000       65.900       239.16       0.0000       340.77      -474.87    
  4691.712980       1.0000       0.0000      -698.56       311.25       200.29       0.0000       71.107       239.15       0.0000       340.77      -474.18    
  4692.000000       1.0000       0.0000      -700.84       311.57       200.29       0.0000       75.084       239.14       0.0000       340.78      -474.08    
  4692.000000       1.0000       0.0000      -700.84       311.57       200.29       0.0000       75.084       239.14       0.0000       340.78      -474.08    
  4692.285192       1.0000       0.0000      -521.90       116.17       200.29       0.0000       86.918       240.05       0.0000       340.78      -472.90    
  4692.570384       1.0000       0.0000      -546.23       123.66       200.29       0.0000       110.08       240.04       0.0000       340.79      -473.30    
  4693.000000       1.0000       0.0000      -588.36       137.84       200.29       0.0000       145.00       240.01       0.0000       340.79      -475.66    
  4693.000000       1.0000       0.0000      -588.36       137.84       200.29       0.0000       145.00       240.01       0.0000       340.79      -475.66    
  4693.228154       1.0000       0.0000      -608.71       144.11       200.29       0.0000       162.41       239.99       0.0000       340.79      -476.90    
  4693.456307       1.0000       0.0000      -628.03       150.30       200.29       0.0000       178.72       239.97       0.0000       340.79      -478.48    
  4693.912615       1.0000       0.0000      -662.97       162.22       200.29       0.0000       207.97       239.94       0.0000       340.80      -482.34    
  4694.000000       1.0000       0.0000      -669.45       164.45       200.29       0.0000       213.42       239.93       0.0000       340.80      -483.10    
  4694.000000       1.0000       0.0000      -669.45       164.45       200.29       0.0000       213.42       239.93       0.0000       340.80      -483.10    
  4694.365046       1.0000       0.0000      -691.83       173.23       200.29       0.0000       231.80       239.90       0.0000       340.80      -485.92    
  4694.730092       1.0000       0.0000      -709.78       180.97       200.29       0.0000       246.66       239.88       0.0000       340.80      -488.64    
  4695.000000       1.0000       0.0000      -720.50       185.90       200.29       0.0000       255.76       239.86       0.0000       340.80      -490.62    
  4695.000000       1.0000       0.0000      -720.50       185.90       200.29       0.0000       255.76       239.86       0.0000       340.80      -490.63    
  4695.292037       1.0000       0.0000      -729.24       190.70       200.29       0.0000       263.13       239.84       0.0000       340.80      -492.82    
  4695.584073       1.0000       0.0000      -734.93       194.52       200.29       0.0000       268.24       239.82       0.0000       340.80      -495.01    
  4696.000000       1.0000       0.0000      -743.50       208.83       197.51       0.0000       275.03       236.43       0.0000       336.07      -497.63    
  4696.000000       1.0000       0.0000      -743.50       208.83       197.51       0.0000       275.03       236.43       0.0000       336.07      -497.71    
  4696.026105       1.0000       0.0000      -741.83       209.01       196.42       0.0000       275.35       235.13       0.0000       334.21      -497.78    
  4696.052211       1.0000       0.0000      -739.91       209.17       195.33       0.0000       275.63       233.82       0.0000       332.36      -497.78    
  4696.104422       1.0000       0.0000      -735.34       209.46       193.15       0.0000       276.09       231.21       0.0000       328.65      -497.61    
  4696.104422       1.0000       0.0000      -735.34       209.46       193.15       0.0000       276.09       231.21       0.0000       328.65      -497.60    
  4696.125306       1.0000       0.0000      -733.40       209.56       192.28       0.0000       276.25       230.17       0.0000       327.17      -497.51    
  4696.146190       1.0000       0.0000      -731.36       209.66       191.41       0.0000       276.40       229.13       0.0000       325.69      -497.39    
  4696.187959       1.0000       0.0000      -726.94       209.83       189.66       0.0000       276.60       227.04       0.0000       322.72      -497.07    
  4696.271496       1.0000       0.0000      -713.45       210.10       184.19       0.0000       276.79       220.49       0.0000       313.40      -495.88    
  4696.438571       1.0000       0.0000      -677.97       210.29       171.50       0.0000       276.23       205.29       0.0000       291.81      -491.59    
  4696.772720       1.0000       0.0000      -593.93       235.40       134.16       0.0000       274.08       160.57       0.0000       228.28      -474.83    
  4697.000000       1.0000       0.0000      -513.93       257.78       100.14       0.0000       271.83       119.85       0.0000       170.40      -459.10    
  4697.000000       1.0000       0.0000      -513.93       257.78       100.14       0.0000       271.83       119.85       0.0000       170.40      -459.12    
  4697.005541       1.0000       0.0000      -511.84       258.30       99.296       0.0000       271.77       118.83       0.0000       168.96      -458.73    
  4697.011082       1.0000       0.0000      -509.74       258.82       98.448       0.0000       271.70       117.82       0.0000       167.52      -458.32    
  4697.015515       1.0000       0.0000      -508.06       259.23       97.770       0.0000       271.65       117.01       0.0000       166.37      -457.99    
  4697.020776       1.0000       0.0000      -506.06       259.72       96.965       0.0000       271.58       116.04       0.0000       165.00      -457.59    
  4697.026265       1.0000       0.0000      -504.00       260.23       96.125       0.0000       271.51       115.04       0.0000       163.57      -457.17    
  4697.032897       1.0000       0.0000      -501.50       260.84       95.111       0.0000       271.43       113.82       0.0000       161.84      -456.66    
  4697.040929       1.0000       0.0000      -498.46       261.57       93.882       0.0000       271.32       112.35       0.0000       159.75      -456.04    
  4697.052241       1.0000       0.0000      -494.14       262.61       92.151       0.0000       271.17       110.28       0.0000       156.80      -455.16    
  4697.066492       1.0000       0.0000      -488.65       263.90       89.971       0.0000       270.96       107.67       0.0000       153.09      -454.03    
  4697.083985       1.0000       0.0000      -481.84       265.47       87.294       0.0000       270.70       104.47       0.0000       148.54      -452.63    
  4697.099706       1.0000       0.0000      -475.66       266.88       84.889       0.0000       270.45       101.59       0.0000       144.45      -451.36    
  4697.117629       1.0000       0.0000      -468.55       268.46       82.147       0.0000       270.15       98.305       0.0000       139.78      -449.89    
  4697.135957       1.0000       0.0000      -461.21       270.06       79.343       0.0000       269.82       94.949       0.0000       135.01      -448.36    
  4697.156831       1.0000       0.0000      -452.78       271.86       76.149       0.0000       269.42       91.126       0.0000       129.58      -446.61    
  4697.179759       1.0000       0.0000      -443.43       273.82       72.641       0.0000       268.96       86.928       0.0000       123.61      -444.66    
  4697.185046       1.0000       0.0000      -441.26       274.26       71.832       0.0000       268.85       85.959       0.0000       122.23      -444.20    
  4697.195621       1.0000       0.0000      -436.91       275.15       70.214       0.0000       268.63       84.023       0.0000       119.48      -443.28    
  4697.216771       1.0000       0.0000      -429.04       276.91       67.445       0.0000       268.14       80.708       0.0000       114.77      -441.45    
  4697.246176       1.0000       0.0000      -418.82       279.30       63.764       0.0000       267.40       76.303       0.0000       108.50      -438.91    
  4697.283119       1.0000       0.0000      -405.98       282.24       59.139       0.0000       266.41       70.768       0.0000       100.63      -435.73    
  4697.329024       1.0000       0.0000      -389.98       285.79       53.393       0.0000       265.07       63.891       0.0000       90.856      -431.76    
  4697.386985       1.0000       0.0000      -369.64       290.09       46.138       0.0000       263.24       55.208       0.0000       78.510      -426.73    
  4697.462944       1.0000       0.0000      -346.00       295.39       38.380       0.0000       260.54       45.925       0.0000       65.310      -420.32    
  4697.567792       1.0000       0.0000      -314.87       302.09       28.172       0.0000       256.38       33.709       0.0000       47.939      -411.76    
  4697.567792       1.0000       0.0000      -314.87       302.09       28.172       0.0000       256.38       33.709       0.0000       47.939      -411.77    
  4697.571338       1.0000       0.0000      -313.80       302.30       27.826       0.0000       256.24       33.296       0.0000       47.352      -411.42    
  4697.574885       1.0000       0.0000      -312.74       302.52       27.481       0.0000       256.09       32.883       0.0000       46.764      -411.05    
  4697.581978       1.0000       0.0000      -310.61       302.94       26.791       0.0000       255.80       32.057       0.0000       45.589      -410.31    
  4697.596165       1.0000       0.0000      -306.35       303.78       25.409       0.0000       255.22       30.404       0.0000       43.239      -408.84    
  4697.624538       1.0000       0.0000      -298.96       305.40       23.329       0.0000       254.00       27.915       0.0000       39.699      -405.96    
  4697.681285       1.0000       0.0000      -285.16       308.47       19.383       0.0000       251.43       23.193       0.0000       32.984      -400.41    
  4697.794779       1.0000       0.0000      -258.61       313.89       11.490       0.0000       245.89       13.749       0.0000       19.553      -389.90    
  4698.000000       1.0000       0.0000      -222.65       321.08       2.7818       0.0000       234.45       3.3287       0.0000       4.7338      -373.26    
  4698.000000       1.0000       0.0000      -222.65       321.08       2.7818       0.0000       234.45       3.3287       0.0000       4.7338      -373.29    
  4698.090795       1.0000       0.0000      -211.64       323.10       1.5189       0.0000       229.11       1.8176       0.0000       2.5848      -367.72    
  4698.181590       1.0000       0.0000      -201.48       324.40      0.25607       0.0000       223.60      0.30643       0.0000      0.43575      -362.67    
  4698.363179       1.0000       0.0000      -186.32       324.64       0.0000       0.0000       211.86       0.0000       0.0000       0.0000      -354.40    
  4698.636106       1.0000       0.0000      -178.80       336.14       0.0000       0.0000       194.63       0.0000       0.0000       0.0000      -344.60    
  4698.982042       1.0000       0.0000      -150.61       333.06       0.0000       0.0000       168.51       0.0000       0.0000       0.0000      -334.22    
  4698.982042       1.0000       0.0000      -150.61       333.06       0.0000       0.0000       168.51       0.0000       0.0000       0.0000      -334.20    
  4698.991021       1.0000       0.0000      -149.61       332.70       0.0000       0.0000       167.82       0.0000       0.0000       0.0000      -333.91    
  4699.000000       1.0000       0.0000      -148.60       332.33       0.0000       0.0000       167.13       0.0000       0.0000       0.0000      -333.63    
  4699.000000       1.0000       0.0000      -148.60       332.33       0.0000       0.0000       167.13       0.0000       0.0000       0.0000      -333.63    
  4699.007183       1.0000       0.0000      -147.78       332.02       0.0000       0.0000       166.58       0.0000       0.0000       0.0000      -333.40    
  4699.014366       1.0000       0.0000      -146.95       331.71       0.0000       0.0000       166.02       0.0000       0.0000       0.0000      -333.23    
  4699.028732       1.0000       0.0000      -145.26       331.05       0.0000       0.0000       164.90       0.0000       0.0000       0.0000      -332.91    
  4699.057465       1.0000       0.0000      -141.74       329.61       0.0000       0.0000       162.64       0.0000       0.0000       0.0000      -332.27    
  4699.114930       1.0000       0.0000      -134.13       326.28       0.0000       0.0000       157.95       0.0000       0.0000       0.0000      -331.02    
  4699.229859       1.0000       0.0000      -116.67       317.74       0.0000       0.0000       148.10       0.0000       0.0000       0.0000      -328.60    
  4699.459719       1.0000       0.0000      -72.570       292.78       0.0000       0.0000       126.61       0.0000       0.0000       0.0000      -323.95    
  4699.919438       1.0000       0.0000       139.13       134.10       0.0000       0.0000       59.974       0.0000       0.0000       0.0000      -312.23    
  4700.000000       1.0000       0.0000       175.52       107.53       0.0000       0.0000       47.836       0.0000       0.0000       0.0000      -309.93    
  4700.000000       1.0000       0.0000       175.52       107.53       0.0000       0.0000       47.836       0.0000       0.0000       0.0000      -309.93    
  4700.367775       1.0000       0.0000       269.73       74.096       0.0000       0.0000      -18.949       0.0000       0.0000       0.0000      -299.88    
  4700.735550       1.0000       0.0000       380.76       0.0000       0.0000       0.0000      -61.019       0.0000       0.0000       0.0000      -289.76    
  4701.000000       1.0000       0.0000       398.01       0.0000       0.0000       0.0000      -78.967       0.0000       0.0000       0.0000      -282.81    
  4701.000000       1.0000       0.0000       398.01       0.0000       0.0000       0.0000      -78.967       0.0000       0.0000       0.0000      -282.81    
  4701.294220       1.0000       0.0000       408.04       0.0000       0.0000       0.0000      -90.058       0.0000       0.0000       0.0000      -278.96    
  4701.588440       1.0000       0.0000       413.32       0.0000       0.0000       0.0000      -96.745       0.0000       0.0000       0.0000      -274.93    
  4701.848517       1.0000       0.0000       416.01       0.0000       0.0000       0.0000      -100.86       0.0000       0.0000       0.0000      -271.06    
  4701.848517       1.0000       0.0000       416.01       0.0000       0.0000       0.0000      -100.86       0.0000       0.0000       0.0000      -271.06    
  4701.924259       1.0000       0.0000       416.66       0.0000       0.0000       0.0000      -101.93       0.0000       0.0000       0.0000      -269.81    
  4702.000000       1.0000       0.0000       417.20       0.0000       0.0000       0.0000      -102.92       0.0000       0.0000       0.0000      -268.55    
  4702.000000       1.0000       0.0000       417.20       0.0000       0.0000       0.0000      -102.92       0.0000       0.0000       0.0000      -268.55    
  4702.060593       1.0000       0.0000       417.58       0.0000       0.0000       0.0000      -103.67       0.0000       0.0000       0.0000      -267.51    
  4702.121186       1.0000       0.0000       417.93       0.0000       0.0000       0.0000      -104.40       0.0000       0.0000       0.0000      -266.46    
  4702.242372       1.0000       0.0000       418.51       0.0000       0.0000       0.0000      -105.78       0.0000       0.0000       0.0000      -264.34    
  4702.319484       1.0000       0.0000       418.84       0.0000       0.0000       0.0000      -106.64       0.0000       0.0000       0.0000      -262.93    
  4702.319484       1.0000       0.0000       418.84       0.0000       0.0000       0.0000      -106.64       0.0000       0.0000       0.0000      -266.34    
  4702.416433       1.0000       0.0000       419.54       0.0000       0.0000       0.0000      -107.68       0.0000       0.0000       0.0000      -269.83    
  4702.513382       1.0000       0.0000       420.11       0.0000       0.0000       0.0000      -108.71       0.0000       0.0000       0.0000      -273.85    
  4702.637131       1.0000       0.0000       420.71       0.0000       0.0000       0.0000      -110.01       0.0000       0.0000       0.0000      -278.31    
  4702.791387       1.0000       0.0000       421.39       0.0000       0.0000       0.0000      -111.61       0.0000       0.0000       0.0000      -282.98    
  4703.000000       1.0000       0.0000       422.20       0.0000       0.0000       0.0000      -113.76       0.0000       0.0000       0.0000      -287.93    
