#      time         order        tairmean     top       
  4679.000000       1.0000       21.953       22.242    
  4679.400000       1.0000       21.874       22.158    
  4679.800000       1.0000       21.797       22.075    
  4680.000000       1.0000       21.759       22.034    
  4680.000000       1.0000       21.759       22.034    
  4680.002746       1.0000       21.758       22.034    
  4680.005491       1.0000       21.758       22.033    
  4680.007168       1.0000       21.758       22.033    
  4680.007168       1.0000       21.758       22.033    
  4680.009364       1.0000       21.757       22.032    
  4680.011560       1.0000       21.757       22.032    
  4680.015953       1.0000       21.756       22.031    
  4680.024739       1.0000       21.754       22.029    
  4680.042311       1.0000       21.751       22.026    
  4680.077454       1.0000       21.744       22.018    
  4680.147740       1.0000       21.731       22.004    
  4680.288312       1.0000       21.705       21.976    
  4680.569457       1.0000       21.653       21.920    
  4680.676996       1.0000       21.633       21.899    
  4680.676996       1.0000       21.633       21.899    
  4680.726040       1.0000       21.624       21.890    
  4680.775084       1.0000       21.615       21.880    
  4680.873172       1.0000       21.598       21.861    
  4681.000000       1.0000       21.575       21.836    
  4681.000000       1.0000       21.575       21.836    
  4681.078470       1.0000       21.561       21.821    
  4681.156941       1.0000       21.547       21.806    
  4681.313881       1.0000       21.519       21.776    
  4681.627763       1.0000       21.464       21.716    
  4682.000000       1.0000       21.400       21.646    
  4682.000000       1.0000       21.400       21.646    
  4682.251105       1.0000       21.356       21.599    
  4682.502210       1.0000       21.313       21.552    
  4683.000000       1.0000       21.228       21.460    
  4683.000000       1.0000       21.228       21.460    
  4683.200884       1.0000       21.194       21.423    
  4683.401768       1.0000       21.160       21.386    
  4683.803536       1.0000       21.186       21.427    
  4684.000000       1.0000       21.237       21.493    
  4684.000000       1.0000       21.237       21.493    
  4684.006428       1.0000       21.239       21.495    
  4684.012857       1.0000       21.240       21.498    
  4684.023268       1.0000       21.243       21.502    
  4684.035190       1.0000       21.241       21.464    
  4684.052835       1.0000       21.237       21.462    
  4684.076866       1.0000       21.234       21.460    
  4684.097768       1.0000       21.231       21.459    
  4684.120418       1.0000       21.229       21.460    
  4684.139272       1.0000       21.229       21.460    
  4684.157925       1.0000       21.228       21.462    
  4684.175121       1.0000       21.229       21.463    
  4684.192204       1.0000       21.229       21.465    
  4684.208820       1.0000       21.230       21.467    
  4684.225481       1.0000       21.232       21.470    
  4684.242637       1.0000       21.234       21.473    
  4684.261190       1.0000       21.236       21.476    
  4684.281348       1.0000       21.240       21.480    
  4684.303612       1.0000       21.243       21.484    
  4684.328532       1.0000       21.248       21.489    
  4684.356755       1.0000       21.253       21.495    
  4684.389259       1.0000       21.260       21.501    
  4684.427362       1.0000       21.267       21.509    
  4684.473142       1.0000       21.276       21.518    
  4684.529739       1.0000       21.286       21.528    
  4684.602619       1.0000       21.297       21.537    
  4684.602619       1.0000       21.297       21.537    
  4684.610948       1.0000       21.298       21.538    
  4684.619277       1.0000       21.299       21.539    
  4684.635936       1.0000       21.301       21.540    
  4684.669253       1.0000       21.305       21.544    
  4684.735888       1.0000       21.311       21.549    
  4684.869156       1.0000       21.320       21.555    
  4685.000000       1.0000       21.326       21.558    
  4685.000000       1.0000       21.326       21.558    
  4685.106615       1.0000       21.334       21.563    
  4685.213230       1.0000       21.343       21.568    
  4685.426460       1.0000       21.383       21.595    
  4685.756670       1.0000       21.495       21.676    
  4686.000000       1.0000       21.616       21.763    
  4686.000000       1.0000       21.616       21.763    
  4686.034117       1.0000       21.633       21.776    
  4686.068234       1.0000       21.652       21.790    
  4686.077918       1.0000       21.657       21.794    
  4686.097287       1.0000       21.668       21.802    
  4686.136024       1.0000       21.691       21.818    
  4686.181668       1.0000       21.718       21.837    
  4686.195836       1.0000       21.727       21.844    
  4686.224172       1.0000       21.744       21.855    
  4686.280845       1.0000       21.777       21.879    
  4686.388561       1.0000       21.839       21.922    
  4686.420903       1.0000       21.857       21.935    
  4686.485587       1.0000       21.890       21.959    
  4686.511461       1.0000       21.903       21.968    
  4686.563209       1.0000       21.929       21.986    
  4686.666703       1.0000       21.975       22.019    
  4686.708101       1.0000       21.992       22.032    
  4686.790897       1.0000       22.024       22.056    
  4686.956489       1.0000       22.097       22.132    
  4686.956723       1.0000       22.098       22.132    
  4686.956723       1.0000       22.098       22.132    
  4686.964715       1.0000       22.101       22.134    
  4686.972707       1.0000       22.104       22.136    
  4686.988690       1.0000       22.111       22.141    
  4687.000000       1.0000       22.115       22.144    
  4687.000000       1.0000       22.115       22.144    
  4687.012787       1.0000       22.120       22.146    
  4687.025574       1.0000       22.124       22.149    
  4687.051147       1.0000       22.131       22.155    
  4687.102294       1.0000       22.144       22.164    
  4687.105939       1.0000       22.145       22.165    
  4687.113229       1.0000       22.146       22.166    
  4687.127808       1.0000       22.150       22.168    
  4687.133640       1.0000       22.151       22.169    
  4687.145304       1.0000       22.153       22.171    
  4687.168631       1.0000       22.158       22.175    
  4687.214715       1.0000       22.166       22.182    
  4687.262542       1.0000       22.173       22.189    
  4687.321423       1.0000       22.181       22.198    
  4687.385193       1.0000       22.190       22.209    
  4687.463568       1.0000       22.202       22.222    
  4687.567531       1.0000       22.218       22.241    
  4687.691333       1.0000       22.239       22.265    
  4687.848171       1.0000       22.268       22.298    
  4687.980100       1.0000       22.294       22.327    
  4688.000000       1.0000       22.297       22.331    
  4688.000000       1.0000       22.297       22.331    
  4688.040918       1.0000       22.305       22.341    
  4688.081835       1.0000       22.313       22.350    
  4688.163671       1.0000       22.330       22.368    
  4688.163671       1.0000       22.330       22.368    
  4688.196405       1.0000       22.336       22.376    
  4688.229139       1.0000       22.343       22.383    
  4688.294607       1.0000       22.356       22.398    
  4688.381898       1.0000       22.374       22.419    
  4688.381898       1.0000       22.374       22.419    
  4688.434272       1.0000       22.387       22.434    
  4688.486647       1.0000       22.398       22.448    
  4688.591396       1.0000       22.421       22.474    
  4688.800894       1.0000       22.465       22.526    
  4689.000000       1.0000       22.507       22.575    
  4689.000000       1.0000       22.507       22.575    
  4689.108008       1.0000       22.530       22.602    
  4689.216015       1.0000       22.554       22.629    
  4689.234810       1.0000       22.558       22.634    
  4689.272400       1.0000       22.566       22.643    
  4689.272400       1.0000       22.566       22.643    
  4689.358806       1.0000       22.586       22.665    
  4689.445212       1.0000       22.605       22.687    
  4689.618024       1.0000       22.645       22.731    
  4689.914416       1.0000       22.713       22.808    
  4690.000000       1.0000       22.733       22.830    
  4690.000000       1.0000       22.733       22.830    
  4690.138250       1.0000       22.765       22.865    
  4690.276499       1.0000       22.798       22.901    
  4690.552998       1.0000       22.862       22.971    
  4690.888597       1.0000       22.941       23.055    
  4690.888597       1.0000       22.941       23.055    
  4690.944298       1.0000       22.954       23.069    
  4691.000000       1.0000       22.967       23.083    
  4691.000000       1.0000       22.967       23.083    
  4691.044561       1.0000       22.977       23.094    
  4691.089123       1.0000       22.987       23.105    
  4691.178245       1.0000       23.008       23.128    
  4691.356490       1.0000       23.049       23.171    
  4691.712980       1.0000       23.130       23.258    
  4692.000000       1.0000       23.194       23.327    
  4692.000000       1.0000       23.194       23.327    
  4692.285192       1.0000       23.257       23.394    
  4692.570384       1.0000       23.318       23.460    
  4693.000000       1.0000       23.407       23.555    
  4693.000000       1.0000       23.407       23.555    
  4693.228154       1.0000       23.452       23.603    
  4693.456307       1.0000       23.494       23.649    
  4693.912615       1.0000       23.573       23.734    
  4694.000000       1.0000       23.588       23.750    
  4694.000000       1.0000       23.588       23.750    
  4694.365046       1.0000       23.640       23.808    
  4694.730092       1.0000       23.685       23.858    
  4695.000000       1.0000       23.716       23.892    
  4695.000000       1.0000       23.716       23.892    
  4695.292037       1.0000       23.744       23.924    
  4695.584073       1.0000       23.768       23.951    
  4696.000000       1.0000       23.780       23.966    
  4696.000000       1.0000       23.780       23.966    
  4696.026105       1.0000       23.780       23.966    
  4696.052211       1.0000       23.780       23.966    
  4696.104422       1.0000       23.777       23.965    
  4696.104422       1.0000       23.777       23.965    
  4696.125306       1.0000       23.776       23.964    
  4696.146190       1.0000       23.775       23.963    
  4696.187959       1.0000       23.772       23.961    
  4696.271496       1.0000       23.760       23.953    
  4696.438571       1.0000       23.724       23.927    
  4696.772720       1.0000       23.595       23.828    
  4697.000000       1.0000       23.473       23.732    
  4697.000000       1.0000       23.473       23.732    
  4697.005541       1.0000       23.470       23.730    
  4697.011082       1.0000       23.467       23.727    
  4697.015515       1.0000       23.465       23.725    
  4697.020776       1.0000       23.462       23.723    
  4697.026265       1.0000       23.459       23.721    
  4697.032897       1.0000       23.455       23.718    
  4697.040929       1.0000       23.451       23.715    
  4697.052241       1.0000       23.445       23.710    
  4697.066492       1.0000       23.437       23.704    
  4697.083985       1.0000       23.427       23.697    
  4697.099706       1.0000       23.418       23.690    
  4697.117629       1.0000       23.408       23.682    
  4697.135957       1.0000       23.397       23.674    
  4697.156831       1.0000       23.385       23.666    
  4697.179759       1.0000       23.372       23.656    
  4697.185046       1.0000       23.367       23.627    
  4697.195621       1.0000       23.357       23.619    
  4697.216771       1.0000       23.338       23.604    
  4697.246176       1.0000       23.314       23.585    
  4697.283119       1.0000       23.285       23.564    
  4697.329024       1.0000       23.252       23.541    
  4697.386985       1.0000       23.214       23.513    
  4697.462944       1.0000       23.172       23.483    
  4697.567792       1.0000       23.120       23.446    
  4697.567792       1.0000       23.120       23.446    
  4697.571338       1.0000       23.119       23.445    
  4697.574885       1.0000       23.117       23.443    
  4697.581978       1.0000       23.113       23.441    
  4697.596165       1.0000       23.107       23.436    
  4697.624538       1.0000       23.094       23.427    
  4697.681285       1.0000       23.072       23.410    
  4697.794779       1.0000       23.030       23.379    
  4698.000000       1.0000       22.972       23.333    
  4698.000000       1.0000       22.972       23.333    
  4698.090795       1.0000       22.952       23.317    
  4698.181590       1.0000       22.936       23.303    
  4698.363179       1.0000       22.913       23.282    
  4698.636106       1.0000       22.886       23.255    
  4698.982042       1.0000       22.862       23.232    
  4698.982042       1.0000       22.862       23.232    
  4698.991021       1.0000       22.861       23.232    
  4699.000000       1.0000       22.861       23.231    
  4699.000000       1.0000       22.861       23.231    
  4699.007183       1.0000       22.860       23.231    
  4699.014366       1.0000       22.860       23.230    
  4699.028732       1.0000       22.859       23.229    
  4699.057465       1.0000       22.857       23.228    
  4699.114930       1.0000       22.854       23.225    
  4699.229859       1.0000       22.848       23.219    
  4699.459719       1.0000       22.837       23.209    
  4699.919438       1.0000       22.749       23.106    
  4700.000000       1.0000       22.760       23.140    
  4700.000000       1.0000       22.760       23.140    
  4700.367775       1.0000       22.631       22.956    
  4700.735550       1.0000       22.482       22.792    
  4701.000000       1.0000       22.393       22.703    
  4701.000000       1.0000       22.393       22.703    
  4701.294220       1.0000       22.311       22.620    
  4701.588440       1.0000       22.239       22.546    
  4701.848517       1.0000       22.181       22.484    
  4701.848517       1.0000       22.181       22.484    
  4701.924259       1.0000       22.164       22.467    
  4702.000000       1.0000       22.148       22.449    
  4702.000000       1.0000       22.148       22.449    
  4702.060593       1.0000       22.135       22.436    
  4702.121186       1.0000       22.122       22.422    
  4702.242372       1.0000       22.097       22.395    
  4702.319484       1.0000       22.081       22.378    
  4702.319484       1.0000       22.081       22.378    
  4702.416433       1.0000       22.061       22.357    
  4702.513382       1.0000       22.040       22.335    
  4702.637131       1.0000       22.015       22.308    
  4702.791387       1.0000       21.984       22.275    
  4703.000000       1.0000       21.943       22.231    
