#      time         order        q_cool       q_equip      q_heat       q_light      q_loss       q_occ        qintw        ql_a         qventil      qwcb         qwind     
  4679.000000       1.0000       0.0000       0.0000      1.25054E-18   0.0000       0.0000       0.0000       411.75      -13.140      -335.96       154.62      -229.43    
  4679.400000       1.0000       0.0000       0.0000     -4.39430E-20   0.0000       0.0000       0.0000       412.74      -13.835      -331.41       156.68      -236.17    
  4679.800000       1.0000       0.0000       0.0000     -8.77878E-22   0.0000       0.0000       0.0000       414.11      -14.490      -326.90       157.93      -242.54    
  4680.000000       1.0000       0.0000       0.0000      2.06547E-20   0.0000       0.0000       0.0000       414.89      -14.809      -324.65       158.38      -245.68    
  4680.000000       1.0000       0.0000       0.0000     -2.57338E-18   0.0000       0.0000       0.0000       414.89      -14.806      -324.65       158.38      -245.68    
  4680.002746       1.0000       0.0000       0.0000      2.30415E-22   0.0000       0.0000       0.0000       414.90      -14.810      -324.62       158.38      -245.72    
  4680.005491       1.0000       0.0000       0.0000     -1.35774E-18   0.0000       0.0000       0.0000       414.91      -14.814      -324.59       158.39      -245.76    
  4680.007168       1.0000       0.0000       0.0000     -1.60325E-19   0.0000       0.0000       0.0000       414.92      -14.817      -324.57       158.39      -245.79    
  4680.007168       1.0000       0.0000       0.0000      1.48588E-21   0.0000       0.0000       0.0000       414.92      -14.817      -324.57       158.39      -245.79    
  4680.009364       1.0000       0.0000       0.0000     -4.14050E-22   0.0000       0.0000       0.0000       414.93      -14.819      -324.54       158.40      -245.82    
  4680.011560       1.0000       0.0000       0.0000      5.10667E-19   0.0000       0.0000       0.0000       414.94      -14.821      -324.52       158.40      -245.85    
  4680.015953       1.0000       0.0000       0.0000      2.74768E-18   0.0000       0.0000       0.0000       414.95      -14.826      -324.47       158.41      -245.92    
  4680.024739       1.0000       0.0000       0.0000      1.47809E-17   0.0000       0.0000       0.0000       414.98      -14.835      -324.37       158.43      -246.05    
  4680.042311       1.0000       0.0000       0.0000     -2.21126E-17   0.0000       0.0000       0.0000       415.05      -14.852      -324.17       158.46      -246.31    
  4680.077454       1.0000       0.0000       0.0000      4.19087E-17   0.0000       0.0000       0.0000       415.17      -14.888      -323.78       158.52      -246.82    
  4680.147740       1.0000       0.0000       0.0000     -1.16313E-17   0.0000       0.0000       0.0000       415.40      -14.958      -323.00       158.58      -247.76    
  4680.288312       1.0000       0.0000       0.0000     -2.12097E-16   0.0000       0.0000       0.0000       415.79      -15.095      -321.44       158.59      -249.45    
  4680.569457       1.0000       0.0000       0.0000     -2.67196E-19   0.0000       0.0000       0.0000       416.56      -15.563      -318.36       158.18      -252.36    
  4680.676996       1.0000       0.0000       0.0000     -4.17296E-16   0.0000       0.0000       0.0000       416.93      -15.737      -317.17       158.01      -253.43    
  4680.676996       1.0000       0.0000       0.0000      3.02757E-21   0.0000       0.0000       0.0000       416.93      -15.737      -317.17       158.01      -253.43    
  4680.726040       1.0000       0.0000       0.0000      3.02757E-21   0.0000       0.0000       0.0000       417.05      -15.815      -316.64       157.89      -253.91    
  4680.775084       1.0000       0.0000       0.0000      9.33884E-17   0.0000       0.0000       0.0000       417.18      -15.891      -316.10       157.77      -254.39    
  4680.873172       1.0000       0.0000       0.0000     -2.17896E-16   0.0000       0.0000       0.0000       417.51      -16.036      -315.03       157.53      -255.33    
  4681.000000       1.0000       0.0000       0.0000     -1.63837E-16   0.0000       0.0000       0.0000       417.95      -16.215      -313.64       157.16      -256.54    
  4681.000000       1.0000       0.0000       0.0000      6.34661E-17   0.0000       0.0000       0.0000       417.95      -16.215      -313.64       157.16      -256.54    
  4681.078470       1.0000       0.0000       0.0000      3.17441E-19   0.0000       0.0000       0.0000       418.15      -16.284      -312.80       156.86      -257.23    
  4681.156941       1.0000       0.0000       0.0000      7.20588E-17   0.0000       0.0000       0.0000       418.35      -16.348      -311.96       156.54      -257.88    
  4681.313881       1.0000       0.0000       0.0000     -7.49907E-17   0.0000       0.0000       0.0000       418.75      -16.469      -310.29       155.80      -259.05    
  4681.627763       1.0000       0.0000       0.0000      4.40250E-16   0.0000       0.0000       0.0000       419.61      -16.696      -306.94       154.08      -261.13    
  4682.000000       1.0000       0.0000       0.0000     -7.29161E-20   0.0000       0.0000       0.0000       420.64      -16.941      -303.02       151.62      -263.40    
  4682.000000       1.0000       0.0000       0.0000      2.31269E-22   0.0000       0.0000       0.0000       420.64      -16.941      -303.02       151.62      -263.40    
  4682.251105       1.0000       0.0000       0.0000      1.03764E-17   0.0000       0.0000       0.0000       421.41      -17.098      -300.37       149.86      -264.91    
  4682.502210       1.0000       0.0000       0.0000     -4.83521E-21   0.0000       0.0000       0.0000       422.27      -17.250      -297.72       148.01      -266.39    
  4683.000000       1.0000       0.0000       0.0000      2.28443E-16   0.0000       0.0000       0.0000       424.20      -17.536      -292.48       144.04      -269.32    
  4683.000000       1.0000       0.0000       0.0000     -1.46052E-20   0.0000       0.0000       0.0000       424.20      -17.536      -292.48       144.04      -269.32    
  4683.200884       1.0000       0.0000       0.0000     -1.46052E-20   0.0000       0.0000       0.0000       424.86      -17.557      -290.38       142.30      -270.24    
  4683.401768       1.0000       0.0000       0.0000      3.90713E-19   0.0000       0.0000       0.0000       425.44      -17.581      -288.29       140.47      -270.99    
  4683.803536       1.0000       0.0000       0.0000     -9.17480E-18   0.0000       0.0000       0.0000       215.28      -17.828      -290.13       35.809       61.709    
  4684.000000       1.0000       0.0000       0.0000      4.14897E-19   0.0000       0.0000       0.0000       261.26      -17.935      -290.50       48.552      0.62277    
  4684.000000       1.0000       0.0000       0.0000      3.24570E-21   0.0000       0.0000       0.0000       261.26      -17.935      -290.50       48.552      0.62278    
  4684.006428       1.0000       0.0000       0.0000      1.24841E-19   0.0000       0.0000       0.0000       258.20      -17.939      -290.52       47.052       5.7328    
  4684.012857       1.0000       0.0000       0.0000      3.24570E-21   0.0000       0.0000       0.0000       255.08      -17.930      -290.54       45.532       10.924    
  4684.023268       1.0000       0.0000       0.0000      2.92277E-20   0.0000       0.0000       0.0000       249.90      -17.916      -290.58       43.026       19.498    
  4684.035190       1.0000       0.0000       0.0000      2.05882E-26   0.0000       0.0000       0.0000       243.82      -17.899      -290.63       40.095       29.533    
  4684.052835       1.0000       0.0000       0.0000      1.55210E-17   0.0000       0.0000       0.0000       234.50      -17.876      -290.74       35.623       45.034    
  4684.076866       1.0000       0.0000       0.0000     -3.06166E-19   0.0000       0.0000       0.0000       221.28      -17.846      -290.94       29.283       66.941    
  4684.097768       1.0000       0.0000       0.0000     -4.54326E-19   0.0000       0.0000       0.0000       209.35      -17.822      -291.15       23.572       86.496    
  4684.120418       1.0000       0.0000       0.0000     -6.14872E-19   0.0000       0.0000       0.0000       196.02      -17.797      -291.41       17.179       108.18    
  4684.139272       1.0000       0.0000       0.0000      1.19702E-18   0.0000       0.0000       0.0000       184.63      -17.777      -291.65       11.714       126.57    
  4684.157925       1.0000       0.0000       0.0000      6.88067E-18   0.0000       0.0000       0.0000       173.12      -17.759      -291.91       6.1797       145.05    
  4684.175121       1.0000       0.0000       0.0000      1.74426E-18   0.0000       0.0000       0.0000       162.31      -17.742      -292.17      0.97385       162.33    
  4684.192204       1.0000       0.0000       0.0000      3.77511E-18   0.0000       0.0000       0.0000       151.39      -17.727      -292.44      -4.2936       179.71    
  4684.208820       1.0000       0.0000       0.0000      5.62360E-19   0.0000       0.0000       0.0000       140.62      -17.712      -292.71      -9.5038       196.80    
  4684.225481       1.0000       0.0000       0.0000      5.83648E-19   0.0000       0.0000       0.0000       129.67      -17.698      -293.00      -14.810       214.12    
  4684.242637       1.0000       0.0000       0.0000     -1.98847E-18   0.0000       0.0000       0.0000       118.25      -17.685      -293.31      -20.357       232.13    
  4684.261190       1.0000       0.0000       0.0000     -1.51462E-17   0.0000       0.0000       0.0000       105.75      -17.671      -293.66      -26.446       251.80    
  4684.281348       1.0000       0.0000       0.0000      1.68587E-18   0.0000       0.0000       0.0000       92.010      -17.656      -294.06      -33.164       273.39    
  4684.303612       1.0000       0.0000       0.0000      7.30550E-18   0.0000       0.0000       0.0000       76.901      -17.641      -294.50      -40.551       297.02    
  4684.328532       1.0000       0.0000       0.0000     -1.96882E-18   0.0000       0.0000       0.0000       61.837      -17.624      -295.01      -47.723       320.10    
  4684.356755       1.0000       0.0000       0.0000     -2.09666E-18   0.0000       0.0000       0.0000       44.636      -17.606      -295.60      -55.981       346.48    
  4684.389259       1.0000       0.0000       0.0000     -7.43197E-18   0.0000       0.0000       0.0000       24.677      -17.587      -296.29      -65.647       377.13    
  4684.427362       1.0000       0.0000       0.0000      7.45110E-17   0.0000       0.0000       0.0000       1.1212      -17.565      -297.11      -77.221       413.45    
  4684.473142       1.0000       0.0000       0.0000      1.73206E-17   0.0000       0.0000       0.0000      -27.369      -17.541      -298.13      -91.394       457.86    
  4684.529739       1.0000       0.0000       0.0000      2.96253E-17   0.0000       0.0000       0.0000      -59.274      -17.513      -299.34      -108.38       507.12    
  4684.602619       1.0000       0.0000       0.0000      4.54697E-17   0.0000       0.0000       0.0000      -79.116      -17.474      -300.76      -125.56       543.32    
  4684.602619       1.0000       0.0000       0.0000      1.85504E-19   0.0000       0.0000       0.0000      -79.116      -17.474      -300.76      -125.56       543.32    
  4684.610948       1.0000       0.0000       0.0000     -1.38751E-19   0.0000       0.0000       0.0000      -81.244      -17.470      -300.92      -127.49       547.28    
  4684.619277       1.0000       0.0000       0.0000     -1.04225E-16   0.0000       0.0000       0.0000      -83.336      -17.465      -301.07      -129.40       551.21    
  4684.635936       1.0000       0.0000       0.0000     -7.87261E-19   0.0000       0.0000       0.0000      -87.424      -17.456      -301.39      -133.21       559.45    
  4684.669253       1.0000       0.0000       0.0000     -1.72432E-17   0.0000       0.0000       0.0000      -95.254      -17.440      -302.03      -140.70       575.80    
  4684.735888       1.0000       0.0000       0.0000      8.17685E-21   0.0000       0.0000       0.0000      -109.32      -17.408      -303.30      -155.09       605.12    
  4684.869156       1.0000       0.0000      0.96189      1.39905E-19   1.1454       0.0000       1.1250      -132.96      -17.355      -305.90      -182.30       655.86    
  4685.000000       1.0000       0.0000       2.7818     -1.44866E-20   3.3106       0.0000       3.2537      -151.47      -17.314      -308.58      -207.26       696.79    
  4685.000000       1.0000       0.0000       2.7818      7.12824E-22   3.3106       0.0000       3.2537      -151.47      -17.314      -308.58      -207.26       696.79    
  4685.106615       1.0000       0.0000       7.2305      7.12824E-22   8.6016       0.0000       8.4585      -166.93      -17.052      -311.12      -228.19       724.10    
  4685.213230       1.0000       0.0000       12.047      7.12824E-22   14.327       0.0000       14.097      -180.60      -16.795      -313.87      -248.21       746.14    
  4685.426460       1.0000       0.0000       27.612      7.12824E-22   32.821       0.0000       32.337      -208.91      -16.374      -320.36      -288.35       773.23    
  4685.756670       1.0000       0.0000       64.120      7.12824E-22   76.202       0.0000       75.250      -260.12      -15.940      -332.97      -358.49       792.21    
  4686.000000       1.0000       0.0000       100.14      7.12824E-22   118.96       0.0000       117.76      -316.95      -15.762      -344.52      -418.99       809.35    
  4686.000000       1.0000       0.0000       100.14      7.12824E-22   118.96       0.0000       117.76      -316.95      -15.762      -344.52      -418.99       809.35    
  4686.034117       1.0000       0.0000       105.36     -4.07135E-28   125.16       0.0000       123.93      -324.84      -15.596      -346.20      -427.18       810.95    
  4686.068234       1.0000       0.0000       110.58     -7.12825E-22   131.35       0.0000       130.11      -332.86      -15.397      -347.92      -435.35       812.35    
  4686.077918       1.0000       0.0000       112.06     -9.15165E-22   133.11       0.0000       131.87      -335.18      -15.341      -348.41      -437.65       812.71    
  4686.097287       1.0000       0.0000       115.03     -1.31985E-21   136.63       0.0000       135.38      -339.84      -15.230      -349.40      -442.25       813.39    
  4686.136024       1.0000       0.0000       120.96     -1.14779E-27   143.66       0.0000       142.41      -349.15      -15.108      -351.39      -451.39       814.54    
  4686.181668       1.0000       0.0000       127.94      1.56614E-24   151.95       0.0000       150.70      -360.05      -15.045      -353.78      -462.01       815.60    
  4686.195836       1.0000       0.0000       130.11     -8.10616E-20   154.53       0.0000       153.27      -363.41      -15.026      -354.53      -465.26       815.86    
  4686.224172       1.0000       0.0000       133.77     -8.10607E-20   158.88       0.0000       157.63      -369.46      -14.986      -356.00      -471.35       816.35    
  4686.280845       1.0000       0.0000       140.86      4.97165E-24   167.30       0.0000       166.08      -380.71      -14.902      -358.89      -482.98       816.98    
  4686.388561       1.0000       0.0000       154.35      1.54083E-19   183.31       0.0000       182.16      -400.63      -14.732      -364.31      -503.79       816.75    
  4686.420903       1.0000       0.0000       157.81      2.00345E-19   187.43       0.0000       186.30      -405.99      -14.679      -365.91      -509.43       816.38    
  4686.485587       1.0000       0.0000       164.11      2.92871E-19   194.92       0.0000       193.84      -415.57      -14.565      -368.93      -519.72       815.19    
  4686.511461       1.0000       0.0000       166.63      3.29881E-19   197.91       0.0000       196.86      -419.15      -14.518      -370.12      -523.63       814.54    
  4686.563209       1.0000       0.0000       171.67      1.70092E-18   203.90       0.0000       202.90      -426.09      -14.421      -372.45      -531.01       812.90    
  4686.666703       1.0000       0.0000       179.89      4.76121E-21   213.69       0.0000       212.78      -436.74      -14.207      -376.76      -543.10       808.41    
  4686.708101       1.0000       0.0000       182.77     -6.73702E-19   217.12       0.0000       216.25      -440.32      -14.118      -378.42      -547.24       806.22    
  4686.790897       1.0000       0.0000       188.53      3.15745E-18   223.98       0.0000       223.20      -446.57      -13.929      -381.57      -554.53       800.96    
  4686.956489       1.0000       0.0000       195.69     -2.04916E-19   232.56       0.0000       231.92      -451.16      -13.495      -386.87      -562.36       787.48    
  4686.956723       1.0000       0.0000       195.70     -3.26790E-24   232.57       0.0000       231.93      -451.17      -13.494      -377.19      -562.37       787.46    
  4686.956723       1.0000       0.0000       195.70     -3.45415E-29   232.57       0.0000       231.93      -451.17      -13.650      -386.18      -562.37       787.46    
  4686.964715       1.0000       0.0000       196.03     -3.45415E-29   232.97       0.0000       232.34      -451.39      -13.833      -386.40      -562.67       786.73    
  4686.972707       1.0000       0.0000       196.37      7.91637E-23   233.37       0.0000       232.74      -451.59      -13.836      -386.67      -562.95       785.99    
  4686.988690       1.0000       0.0000       197.03      2.37491E-22   234.17       0.0000       233.55      -451.94      -13.828      -387.18      -563.47       784.49    
  4687.000000       1.0000       0.0000       197.51      3.49525E-22   234.74       0.0000       234.12      -452.18      -13.822      -387.53      -563.81       783.40    
  4687.000000       1.0000       0.0000       197.51      3.49525E-22   234.74       0.0000       234.12      -452.18      -13.822      -387.53      -563.81       783.40    
  4687.012787       1.0000       0.0000       197.68      3.28700E-23   234.96       0.0000       234.34      -452.11      -13.812      -387.91      -563.98       782.19    
  4687.025574       1.0000       0.0000       197.86     -2.83785E-22   235.17       0.0000       234.56      -452.00      -13.799      -388.28      -564.11       780.96    
  4687.051147       1.0000       0.0000       198.22      3.49525E-22   235.61       0.0000       235.00      -451.62      -13.769      -388.97      -564.23       778.43    
  4687.102294       1.0000       0.0000       198.93      1.61615E-21   236.48       0.0000       235.87      -450.39      -13.693      -390.24      -563.98       773.11    
  4687.105939       1.0000       0.0000       198.98      1.70641E-21   236.54       0.0000       235.93      -450.30      -13.687      -390.33      -563.94       772.72    
  4687.113229       1.0000       0.0000       199.08      1.88694E-21   236.67       0.0000       236.06      -450.11      -13.676      -390.51      -563.87       771.94    
  4687.127808       1.0000       0.0000       199.28      2.24799E-21   236.92       0.0000       236.30      -449.69      -13.650      -390.85      -563.69       770.35    
  4687.133640       1.0000       0.0000       199.36      2.39241E-21   237.02       0.0000       236.40      -449.52      -13.639      -390.99      -563.61       769.71    
  4687.145304       1.0000       0.0000       199.53      5.33069E-29   237.22       0.0000       236.60      -449.16      -13.617      -391.26      -563.42       768.41    
  4687.168631       1.0000       0.0000       199.85     -4.78482E-21   237.61       0.0000       236.99      -448.38      -13.570      -391.78      -562.97       765.76    
  4687.214715       1.0000       0.0000       200.29     -1.72987E-25   238.16       0.0000       237.52      -446.44      -13.464      -392.74      -561.66       760.33    
  4687.262542       1.0000       0.0000       200.29      4.96549E-21   238.19       0.0000       237.52      -443.77      -13.339      -393.64      -559.66       754.47    
  4687.321423       1.0000       0.0000       200.29      9.45921E-22   238.23       0.0000       237.52      -440.16      -13.167      -394.66      -556.65       746.89    
  4687.385193       1.0000       0.0000       200.29     -3.40740E-21   238.27       0.0000       237.51      -436.00      -12.963      -395.67      -552.82       738.24    
  4687.463568       1.0000       0.0000       200.29      1.37524E-21   238.32       0.0000       237.48      -430.67      -12.694      -396.83      -547.34       726.98    
  4687.567531       1.0000       0.0000       200.29      7.71939E-21   238.32       0.0000       237.43      -430.47      -12.319      -398.32      -551.80       732.04    
  4687.691333       1.0000       0.0000       200.29     -2.52577E-20   238.32       0.0000       237.34      -430.84      -11.853      -400.07      -557.70       739.53    
  4687.848171       1.0000       0.0000       200.29     -6.70347E-20   238.33       0.0000       237.20      -430.78      -11.228      -402.26      -564.43       747.64    
  4687.980100       1.0000       0.0000       200.29     -8.46812E-22   238.34       0.0000       237.07      -430.15      -10.676      -404.06      -569.53       753.18    
  4688.000000       1.0000       0.0000       200.29      9.13704E-21   238.34       0.0000       237.05      -430.01      -10.592      -404.33      -570.27       753.94    
  4688.000000       1.0000       0.0000       200.29     -4.59564E-23   238.34       0.0000       237.05      -430.01      -10.592      -404.33      -570.27       753.94    
  4688.040918       1.0000       0.0000       200.29      1.51091E-24   238.35       0.0000       237.01      -429.68      -10.431      -404.89      -571.74       755.37    
  4688.081835       1.0000       0.0000       200.29     -2.37002E-20   238.35       0.0000       236.97      -429.27      -10.271      -405.43      -573.14       756.64    
  4688.163671       1.0000       0.0000       200.29     -1.36812E-18   238.37       0.0000       236.87      -428.22      -9.9452      -406.50      -575.72       758.67    
  4688.163671       1.0000       0.0000       200.29      5.37633E-24   238.37       0.0000       236.87      -428.22      -9.9452      -406.50      -575.72       758.67    
  4688.196405       1.0000       0.0000       200.29      5.37633E-24   238.37       0.0000       236.84      -427.74      -9.8132      -406.92      -576.70       759.36    
  4688.229139       1.0000       0.0000       200.29      5.37633E-24   238.38       0.0000       236.80      -427.21      -9.6799      -407.34      -577.64       759.95    
  4688.294607       1.0000       0.0000       200.29      6.48515E-19   238.39       0.0000       236.72      -426.01      -9.4088      -408.16      -579.37       760.80    
  4688.381898       1.0000       0.0000       200.29      1.51319E-18   238.41       0.0000       236.62      -424.12      -9.0396      -409.23      -581.41       761.35    
  4688.381898       1.0000       0.0000       200.29      5.40440E-20   238.41       0.0000       236.62      -424.12      -9.0396      -409.23      -581.41       761.35    
  4688.434272       1.0000       0.0000       200.29      5.40440E-20   238.61       0.0000       236.55      -410.35      -8.8116      -409.76      -575.25       739.43    
  4688.486647       1.0000       0.0000       200.29     -2.70197E-20   238.62       0.0000       236.49      -408.56      -8.5811      -410.28      -576.07       738.74    
  4688.591396       1.0000       0.0000       200.29      4.59363E-19   238.65       0.0000       236.36      -404.94      -8.1121      -411.32      -577.35       736.86    
  4688.800894       1.0000       0.0000       200.29      1.43213E-18   238.70       0.0000       236.10      -397.36      -7.1510      -413.30      -578.85       731.61    
  4689.000000       1.0000       0.0000       200.29      2.35664E-18   238.76       0.0000       235.86      -389.63      -6.2189      -415.11      -579.23       724.86    
  4689.000000       1.0000       0.0000       200.29      4.44414E-25   238.76       0.0000       235.86      -389.63      -6.2189      -415.11      -579.23       724.86    
  4689.108008       1.0000       0.0000       200.29      4.44414E-25   238.79       0.0000       235.73      -385.23      -5.7580      -416.05      -579.10       720.53    
  4689.216015       1.0000       0.0000       200.29      4.44414E-25   238.82       0.0000       235.60      -380.55      -5.2993      -416.95      -578.59       715.49    
  4689.234810       1.0000       0.0000       200.29      4.44414E-25   238.83       0.0000       235.58      -379.72      -5.2192      -417.10      -578.49       714.56    
  4689.272400       1.0000       0.0000       200.29      4.44414E-25   238.84       0.0000       235.54      -378.02      -5.0590      -417.41      -578.25       712.66    
  4689.272400       1.0000       0.0000       200.29      4.44414E-25   238.84       0.0000       235.54      -378.02      -5.0590      -417.41      -578.25       712.66    
  4689.358806       1.0000       0.0000       200.29      4.44414E-25   238.87       0.0000       235.44      -373.98      -4.6638      -418.09      -577.44       707.83    
  4689.445212       1.0000       0.0000       200.29      4.44414E-25   238.90       0.0000       235.35      -369.77      -4.2753      -418.74      -576.40       702.57    
  4689.618024       1.0000       0.0000       200.29      4.44414E-25   238.96       0.0000       235.18      -360.88      -3.5048      -419.92      -573.49       690.64    
  4689.914416       1.0000       0.0000       200.29      4.44414E-25   239.06       0.0000       234.92      -344.45      -2.1845      -421.68      -566.26       666.57    
  4690.000000       1.0000       0.0000       200.29      4.44414E-25   239.09       0.0000       234.85      -339.49      -1.8031      -422.16      -563.90       659.05    
  4690.000000       1.0000       0.0000       200.29      4.44414E-25   239.09       0.0000       234.85      -339.49      -1.8031      -422.16      -563.90       659.05    
  4690.138250       1.0000       0.0000       200.29      4.44414E-25   239.15       0.0000       234.74      -330.90      -1.3669      -422.84      -559.40       645.48    
  4690.276499       1.0000       0.0000       200.29      4.44414E-25   239.20       0.0000       234.64      -321.89     -0.94140      -423.42      -554.32       630.85    
  4690.552998       1.0000       0.0000       200.29      4.44414E-25   239.29       0.0000       234.46      -302.60     -9.26510E-02  -424.23      -542.09       598.09    
  4690.888597       1.0000       0.0000       200.29      4.44414E-25   239.41       0.0000       234.28      -278.04      0.93375      -424.83      -524.66       554.50    
  4690.888597       1.0000       0.0000       200.29      4.44414E-25   239.41       0.0000       234.28      -278.04      0.93376      -424.83      -524.66       554.50    
  4690.944298       1.0000       0.0000       200.29      4.44414E-25   239.43       0.0000       234.25      -273.92       1.1041      -424.92      -521.66       547.13    
  4691.000000       1.0000       0.0000       200.29      4.44414E-25   239.45       0.0000       234.22      -269.76       1.2742      -425.00      -518.60       539.66    
  4691.000000       1.0000       0.0000       200.29      4.44414E-25   239.45       0.0000       234.22      -269.76       1.2742      -425.00      -518.60       539.66    
  4691.044561       1.0000       0.0000       200.29      4.44414E-25   239.46       0.0000       234.20      -266.41       1.3898      -425.06      -516.10       533.58    
  4691.089123       1.0000       0.0000       200.29      4.44414E-25   239.48       0.0000       234.18      -263.04       1.5013      -425.11      -513.55       527.43    
  4691.178245       1.0000       0.0000       200.29      4.44414E-25   239.51       0.0000       234.14      -255.50       1.7236      -425.17      -507.89       513.71    
  4691.356490       1.0000       0.0000       200.29      4.44414E-25   239.58       0.0000       234.06      -240.57       2.1663      -425.23      -496.24       486.25    
  4691.712980       1.0000       0.0000       200.29      4.44414E-25   239.68       0.0000       233.92      -213.47       3.0466      -425.03      -472.64       433.60    
  4692.000000       1.0000       0.0000       200.29      4.44414E-25   239.73       0.0000       233.83      -193.08       3.7551      -424.64      -453.49       392.18    
  4692.000000       1.0000       0.0000       200.29      4.44414E-25   239.73       0.0000       233.83      -193.08       3.7551      -424.64      -453.49       392.18    
  4692.285192       1.0000       0.0000       200.29      4.44414E-25   235.81       0.0000       233.75      -405.82       4.0845      -428.48      -570.94       745.51    
  4692.570384       1.0000       0.0000       200.29     -2.02655E-20   235.84       0.0000       233.67      -398.90       4.4346      -431.27      -560.78       727.03    
  4693.000000       1.0000       0.0000       200.29      3.02694E-20   235.92       0.0000       233.58      -393.30       4.9537      -435.42      -549.72       713.89    
  4693.000000       1.0000       0.0000       200.29     -1.29444E-22   235.92       0.0000       233.58      -393.30       4.9537      -435.42      -549.72       713.89    
  4693.228154       1.0000       0.0000       200.29     -1.29444E-22   235.98       0.0000       233.53      -390.24       4.9190      -437.60      -543.89       707.04    
  4693.456307       1.0000       0.0000       200.29     -1.29444E-22   236.05       0.0000       233.49      -387.07       4.8709      -439.75      -537.91       699.97    
  4693.912615       1.0000       0.0000       200.29     -1.29444E-22   236.24       0.0000       233.43      -379.67       4.7710      -443.91      -524.98       683.42    
  4694.000000       1.0000       0.0000       200.29     -1.29444E-22   236.28       0.0000       233.42      -378.00       4.7519      -444.69      -522.35       679.80    
  4694.000000       1.0000       0.0000       200.29     -5.02804E-23   236.28       0.0000       233.42      -378.00       4.7519      -444.69      -522.35       679.80    
  4694.365046       1.0000       0.0000       200.29     -5.02804E-23   236.47       0.0000       233.39      -367.61       4.0787      -447.60      -509.23       658.59    
  4694.730092       1.0000       0.0000       200.29     -5.02804E-23   236.70       0.0000       233.38      -354.28       3.4040      -450.17      -494.34       632.44    
  4695.000000       1.0000       0.0000       200.29     -5.02804E-23   236.89       0.0000       233.37      -342.96       2.9097      -451.91      -482.45       610.63    
  4695.000000       1.0000       0.0000       200.29     -5.02804E-23   236.89       0.0000       233.37      -342.96       2.9095      -451.91      -482.45       610.63    
  4695.292037       1.0000       0.0000       200.29     -5.02804E-23   237.10       0.0000       233.38      -328.98       2.2177      -453.53      -468.48       583.87    
  4695.584073       1.0000       0.0000       200.29     -5.02804E-23   237.34       0.0000       233.40      -313.50       1.5266      -454.93      -453.62       554.54    
  4696.000000       1.0000       0.0000       197.51     -5.02804E-23   234.61       0.0000       230.18      -271.87      0.58164      -455.60      -421.04       487.30    
  4696.000000       1.0000       0.0000       197.51     -1.06985E-23   234.61       0.0000       230.18      -271.87      0.58028      -455.60      -421.04       487.30    
  4696.026105       1.0000       0.0000       196.42     -1.06985E-23   233.34       0.0000       228.91      -269.05      0.51231      -455.60      -418.87       484.35    
  4696.052211       1.0000       0.0000       195.33     -1.06985E-23   232.07       0.0000       227.65      -266.08      0.44189      -455.56      -416.61       481.38    
  4696.104422       1.0000       0.0000       193.15     -1.06985E-23   229.52       0.0000       225.11      -259.71      0.30523      -455.39      -411.83       475.41    
  4696.104422       1.0000       0.0000       193.15      9.09240E-24   229.52       0.0000       225.11      -259.71      0.30538      -455.39      -411.83       475.41    
  4696.125306       1.0000       0.0000       192.28      9.09240E-24   228.50       0.0000       224.09      -257.09      0.25133      -455.31      -409.88       473.01    
  4696.146190       1.0000       0.0000       191.41      9.09240E-24   227.48       0.0000       223.08      -254.43      0.19782      -455.22      -407.90       470.59    
  4696.187959       1.0000       0.0000       189.66      9.09240E-24   225.44       0.0000       221.05      -248.93      9.25888E-02  -454.99      -403.85       465.73    
  4696.271496       1.0000       0.0000       184.19      9.09240E-24   219.00       0.0000       214.67      -235.16     -0.10492      -454.23      -394.10       456.03    
  4696.438571       1.0000       0.0000       171.50      9.09240E-24   204.03       0.0000       199.86      -202.83     -0.45784      -451.82      -371.75       436.30    
  4696.772720       1.0000       0.0000       134.16      9.09240E-24   159.79       0.0000       156.29      -115.43     -0.97854      -443.35      -313.41       396.19    
  4697.000000       1.0000       0.0000       100.14      9.09240E-24   119.37       0.0000       116.61      -40.488      -1.2224      -435.37      -264.58       368.57    
  4697.000000       1.0000       0.0000       100.14      9.09240E-24   119.37       0.0000       116.61      -40.488      -1.2227      -435.37      -264.58       368.57    
  4697.005541       1.0000       0.0000       99.296      9.09240E-24   118.36       0.0000       115.62      -38.626      -1.2286      -435.18      -263.37       367.89    
  4697.011082       1.0000       0.0000       98.448      9.09240E-24   117.35       0.0000       114.64      -36.756      -1.2399      -434.98      -262.16       367.20    
  4697.015515       1.0000       0.0000       97.770     -2.52415E-21   116.55       0.0000       113.84      -35.255      -1.2505      -434.82      -261.19       366.65    
  4697.020776       1.0000       0.0000       96.965     -5.53022E-21   115.59       0.0000       112.91      -33.469      -1.2629      -434.63      -260.03       365.99    
  4697.026265       1.0000       0.0000       96.125     -3.60019E-21   114.59       0.0000       111.93      -31.600      -1.2759      -434.43      -258.82       365.31    
  4697.032897       1.0000       0.0000       95.111     -1.26833E-21   113.38       0.0000       110.74      -29.335      -1.2914      -434.19      -257.35       364.48    
  4697.040929       1.0000       0.0000       93.882      1.55614E-21   111.92       0.0000       109.31      -26.582      -1.3101      -433.89      -255.57       363.47    
  4697.052241       1.0000       0.0000       92.151      5.53353E-21   109.86       0.0000       107.29      -22.687      -1.3362      -433.47      -253.06       362.04    
  4697.066492       1.0000       0.0000       89.971      1.05444E-20   107.27       0.0000       104.75      -17.751      -1.3687      -432.94      -249.87       360.24    
  4697.083985       1.0000       0.0000       87.294     -6.31814E-19   104.08       0.0000       101.63      -11.655      -1.4081      -432.27      -245.93       358.02    
  4697.099706       1.0000       0.0000       84.889     -7.42147E-20   101.22       0.0000       98.829      -6.1483      -1.4432      -431.66      -242.37       356.00    
  4697.117629       1.0000       0.0000       82.147      2.37207E-19   97.955       0.0000       95.633      0.16149      -1.4828      -430.96      -238.30       353.69    
  4697.135957       1.0000       0.0000       79.343      6.93001E-20   94.617       0.0000       92.364       6.6449      -1.5228      -430.24      -234.12       351.31    
  4697.156831       1.0000       0.0000       76.149     -1.21925E-19   90.815       0.0000       88.642       14.063      -1.5678      -429.40      -229.33       348.58    
  4697.179759       1.0000       0.0000       72.641     -7.70811E-21   86.638       0.0000       84.554       22.249      -1.6167      -428.48      -224.05       345.55    
  4697.185046       1.0000       0.0000       71.832     -4.60939E-29   85.675       0.0000       83.612       24.140      -1.6278      -428.27      -222.83       344.85    
  4697.195621       1.0000       0.0000       70.214     -4.84971E-21   83.748       0.0000       81.726       27.928      -1.6500      -427.84      -220.39       343.45    
  4697.216771       1.0000       0.0000       67.445     -2.78552E-24   80.450       0.0000       78.499       35.100      -1.6947      -426.99      -215.75       340.58    
  4697.246176       1.0000       0.0000       63.764      4.02803E-22   76.067       0.0000       74.209       44.820      -1.7574      -425.82      -209.43       336.54    
  4697.283119       1.0000       0.0000       59.139      9.12368E-22   70.558       0.0000       68.821       56.884      -1.8368      -424.39      -201.55       331.41    
  4697.329024       1.0000       0.0000       53.393      1.54555E-21   63.712       0.0000       62.127       71.728      -1.9357      -422.62      -191.83       324.83    
  4697.386985       1.0000       0.0000       46.138      2.34501E-21   55.064       0.0000       53.677       90.271      -2.0604      -420.39      -179.61       316.40    
  4697.462944       1.0000       0.0000       38.380      3.39272E-21   45.817       0.0000       44.643       112.10      -2.2288      -417.60      -164.85       305.11    
  4697.567792       1.0000       0.0000       28.172      4.83892E-21   33.641       0.0000       32.761       140.69      -2.4680      -413.93      -145.21       289.38    
  4697.567792       1.0000       0.0000       28.172      4.83892E-21   33.641       0.0000       32.761       140.69      -2.4682      -413.93      -145.21       289.38    
  4697.571338       1.0000       0.0000       27.826     -2.27564E-22   33.229       0.0000       32.359       141.66      -2.4753      -413.80      -144.55       288.85    
  4697.574885       1.0000       0.0000       27.481     -5.29404E-21   32.817       0.0000       31.957       142.63      -2.4821      -413.68      -143.89       288.32    
  4697.581978       1.0000       0.0000       26.791     -1.54270E-20   31.993       0.0000       31.153       144.55      -2.4957      -413.43      -142.56       287.26    
  4697.596165       1.0000       0.0000       25.409     -3.56929E-20   30.345       0.0000       29.546       148.40      -2.5230      -412.94      -139.92       285.13    
  4697.624538       1.0000       0.0000       23.329     -7.62248E-20   27.863       0.0000       27.126       155.34      -2.5793      -412.00      -135.05       280.91    
  4697.681285       1.0000       0.0000       19.383      1.13973E-18   23.154       0.0000       22.534       168.39      -2.6971      -410.23      -125.75       272.42    
  4697.794779       1.0000       0.0000       11.490      4.83892E-21   13.730       0.0000       13.356       193.07      -2.9460      -406.91      -107.76       255.18    
  4698.000000       1.0000       0.0000       2.7818     -2.04729E-18   3.3259       0.0000       3.2327       227.79      -3.4492      -401.91      -80.502       222.98    
  4698.000000       1.0000       0.0000       2.7818      6.03633E-20   3.3259       0.0000       3.2327       227.79      -3.4498      -401.91      -80.503       222.98    
  4698.090795       1.0000       0.0000       1.5189     -4.34442E-22   1.8164       0.0000       1.7650       239.21      -3.6121      -400.06      -70.630       208.56    
  4698.181590       1.0000       0.0000      0.25607     -4.34442E-22  0.30629       0.0000      0.29755       249.44      -3.7778      -398.42      -61.347       194.22    
  4698.363179       1.0000       0.0000       0.0000     -1.29745E-18   0.0000       0.0000       0.0000       264.63      -4.1491      -395.78      -45.625       165.61    
  4698.636106       1.0000       0.0000       0.0000     -3.24686E-18   0.0000       0.0000       0.0000       292.83      -4.7442      -391.94      -18.670       107.66    
  4698.982042       1.0000       0.0000       0.0000      2.06438E-18   0.0000       0.0000       0.0000       316.97      -5.5400      -387.25       8.4179       53.072    
  4698.982042       1.0000       0.0000       0.0000      2.32689E-21   0.0000       0.0000       0.0000       316.97      -5.5398      -387.25       8.4179       53.072    
  4698.991021       1.0000       0.0000       0.0000      1.24599E-20   0.0000       0.0000       0.0000       317.60      -5.5601      -387.12       9.1213       51.643    
  4699.000000       1.0000       0.0000       0.0000     -2.57145E-18   0.0000       0.0000       0.0000       318.23      -5.5805      -387.00       9.8241       50.215    
  4699.000000       1.0000       0.0000       0.0000     -1.15711E-21   0.0000       0.0000       0.0000       318.23      -5.5805      -387.00       9.8241       50.215    
  4699.007183       1.0000       0.0000       0.0000     -1.12901E-20   0.0000       0.0000       0.0000       318.73      -5.5968      -386.90       10.386       49.073    
  4699.014366       1.0000       0.0000       0.0000     -8.40459E-22   0.0000       0.0000       0.0000       319.23      -5.6100      -386.81       10.946       47.936    
  4699.028732       1.0000       0.0000       0.0000      2.00588E-20   0.0000       0.0000       0.0000       320.22      -5.6368      -386.61       12.064       45.666    
  4699.057465       1.0000       0.0000       0.0000      3.89724E-17   0.0000       0.0000       0.0000       322.20      -5.6903      -386.22       14.292       41.137    
  4699.114930       1.0000       0.0000       0.0000     -1.28247E-17   0.0000       0.0000       0.0000       326.10      -5.7982      -385.44       18.708       32.155    
  4699.229859       1.0000       0.0000       0.0000      8.09476E-18   0.0000       0.0000       0.0000       333.75      -6.0164      -383.88       27.399       14.436    
  4699.459719       1.0000       0.0000       0.0000     -6.49983E-19   0.0000       0.0000       0.0000       348.69      -6.4595      -380.73       44.288      -20.258    
  4699.919438       1.0000       0.0000       0.0000     -1.81395E-17   0.0000       0.0000       0.0000       377.17      -7.3589      -374.23       75.911      -86.422    
  4700.000000       1.0000       0.0000       0.0000     -3.68918E-21   0.0000       0.0000       0.0000       381.82      -7.5139      -373.08       81.204      -97.424    
  4700.000000       1.0000       0.0000       0.0000     -3.05587E-21   0.0000       0.0000       0.0000       381.82      -7.5139      -373.08       81.204      -97.424    
  4700.367775       1.0000       0.0000       0.0000     -5.22633E-22   0.0000       0.0000       0.0000       400.17      -8.2326      -367.81       102.75      -142.01    
  4700.735550       1.0000       0.0000       0.0000      2.45202E-19   0.0000       0.0000       0.0000       415.24      -8.9501      -362.53       121.37      -180.28    
  4701.000000       1.0000       0.0000       0.0000     -1.24092E-16   0.0000       0.0000       0.0000       415.26      -9.4683      -358.97       127.82      -188.88    
  4701.000000       1.0000       0.0000       0.0000     -4.60406E-18   0.0000       0.0000       0.0000       415.26      -9.4683      -358.97       127.81      -188.88    
  4701.294220       1.0000       0.0000       0.0000      5.84018E-19   0.0000       0.0000       0.0000       414.31      -9.9419      -355.24       133.67      -196.18    
  4701.588440       1.0000       0.0000       0.0000      5.84018E-19   0.0000       0.0000       0.0000       413.10      -10.408      -351.66       138.56      -202.44    
  4701.848517       1.0000       0.0000       0.0000     -1.45555E-19   0.0000       0.0000       0.0000       412.14      -10.813      -348.57       142.31      -207.62    
  4701.848517       1.0000       0.0000       0.0000     -2.14193E-24   0.0000       0.0000       0.0000       412.14      -10.813      -348.57       142.31      -207.62    
  4701.924259       1.0000       0.0000       0.0000     -9.72767E-19   0.0000       0.0000       0.0000       411.87      -10.930      -347.67       143.36      -209.11    
  4702.000000       1.0000       0.0000       0.0000      3.48574E-18   0.0000       0.0000       0.0000       411.62      -11.046      -346.78       144.36      -210.57    
  4702.000000       1.0000       0.0000       0.0000     -1.01349E-20   0.0000       0.0000       0.0000       411.62      -11.046      -346.78       144.36      -210.57    
  4702.060593       1.0000       0.0000       0.0000     -1.14503E-18   0.0000       0.0000       0.0000       411.44      -11.138      -346.07       145.14      -211.74    
  4702.121186       1.0000       0.0000       0.0000      6.38375E-19   0.0000       0.0000       0.0000       411.27      -11.230      -345.37       145.89      -212.90    
  4702.242372       1.0000       0.0000       0.0000     -2.17352E-17   0.0000       0.0000       0.0000       411.00      -11.414      -343.96       147.29      -215.20    
  4702.319484       1.0000       0.0000       0.0000      3.44778E-19   0.0000       0.0000       0.0000       410.86      -11.530      -343.07       148.15      -216.65    
  4702.319484       1.0000       0.0000       0.0000      1.75132E-21   0.0000       0.0000       0.0000       410.86      -11.558      -344.70       148.15      -216.65    
  4702.416433       1.0000       0.0000       0.0000      3.89281E-18   0.0000       0.0000       0.0000       410.92      -11.802      -342.57       149.29      -218.46    
  4702.513382       1.0000       0.0000       0.0000     -8.10462E-18   0.0000       0.0000       0.0000       410.96      -12.038      -341.43       150.33      -220.28    
  4702.637131       1.0000       0.0000       0.0000      5.95906E-17   0.0000       0.0000       0.0000       411.04      -12.330      -339.98       151.55      -222.59    
  4702.791387       1.0000       0.0000       0.0000     -1.25806E-16   0.0000       0.0000       0.0000       411.21      -12.680      -338.19       152.91      -225.47    
  4703.000000       1.0000       0.0000       0.0000      7.82295E-20   0.0000       0.0000       0.0000       411.61      -13.131      -335.79       154.51      -229.36    
