#      time         order        air_age      relhum       xco2vol   
  4679.000000       1.0000      0.98254      0.60041       401.13    
  4679.400000       1.0000      0.98262      0.60605       400.80    
  4679.800000       1.0000      0.98267      0.61081       400.57    
  4680.000000       1.0000      0.98270      0.61300       400.47    
  4680.000000       1.0000      0.98270      0.61300       400.47    
  4680.002746       1.0000      0.98270      0.61303       400.47    
  4680.005491       1.0000      0.98270      0.61306       400.47    
  4680.007168       1.0000      0.98270      0.61308       400.47    
  4680.007168       1.0000      0.98270      0.61308       400.47    
  4680.009364       1.0000      0.98270      0.61311       400.47    
  4680.011560       1.0000      0.98270      0.61313       400.47    
  4680.015953       1.0000      0.98270      0.61318       400.47    
  4680.024739       1.0000      0.98270      0.61328       400.46    
  4680.042311       1.0000      0.98270      0.61346       400.45    
  4680.077454       1.0000      0.98271      0.61384       400.44    
  4680.147740       1.0000      0.98271      0.61457       400.41    
  4680.288312       1.0000      0.98273      0.61596       400.36    
  4680.569457       1.0000      0.98271      0.61712       400.28    
  4680.676996       1.0000      0.98270      0.61736       400.25    
  4680.676996       1.0000      0.98270      0.61736       400.25    
  4680.726040       1.0000      0.98270      0.61741       400.24    
  4680.775084       1.0000      0.98269      0.61743       400.23    
  4680.873172       1.0000      0.98267      0.61731       400.21    
  4681.000000       1.0000      0.98264      0.61698       400.18    
  4681.000000       1.0000      0.98264      0.61698       400.18    
  4681.078470       1.0000      0.98262      0.61668       400.17    
  4681.156941       1.0000      0.98260      0.61634       400.16    
  4681.313881       1.0000      0.98256      0.61552       400.13    
  4681.627763       1.0000      0.98246      0.61351       400.10    
  4682.000000       1.0000      0.98233      0.61055       400.07    
  4682.000000       1.0000      0.98233      0.61055       400.07    
  4682.251105       1.0000      0.98224      0.60839       400.06    
  4682.502210       1.0000      0.98215      0.60610       400.05    
  4683.000000       1.0000      0.98196      0.60127       400.03    
  4683.000000       1.0000      0.98196      0.60127       400.03    
  4683.200884       1.0000      0.98189      0.59945       400.03    
  4683.401768       1.0000      0.98182      0.59774       400.02    
  4683.803536       1.0000      0.98169      0.59138       400.01    
  4684.000000       1.0000      0.98163      0.58864       400.01    
  4684.000000       1.0000      0.98163      0.58864       400.01    
  4684.006428       1.0000      0.98162      0.58855       400.01    
  4684.012857       1.0000      0.98162      0.58845       400.01    
  4684.023268       1.0000      0.98162      0.58830       400.01    
  4684.035190       1.0000      0.98162      0.58813       400.01    
  4684.052835       1.0000      0.98161      0.58786       400.01    
  4684.076866       1.0000      0.98160      0.58748       400.01    
  4684.097768       1.0000      0.98160      0.58714       400.01    
  4684.120418       1.0000      0.98159      0.58676       400.01    
  4684.139272       1.0000      0.98159      0.58645       400.01    
  4684.157925       1.0000      0.98158      0.58613       400.01    
  4684.175121       1.0000      0.98158      0.58583       400.01    
  4684.192204       1.0000      0.98158      0.58553       400.01    
  4684.208820       1.0000      0.98157      0.58524       400.01    
  4684.225481       1.0000      0.98157      0.58495       400.01    
  4684.242637       1.0000      0.98156      0.58465       400.01    
  4684.261190       1.0000      0.98156      0.58432       400.01    
  4684.281348       1.0000      0.98156      0.58396       400.01    
  4684.303612       1.0000      0.98155      0.58357       400.01    
  4684.328532       1.0000      0.98155      0.58314       400.01    
  4684.356755       1.0000      0.98155      0.58266       400.01    
  4684.389259       1.0000      0.98154      0.58211       400.01    
  4684.427362       1.0000      0.98154      0.58149       400.01    
  4684.473142       1.0000      0.98153      0.58076       400.01    
  4684.529739       1.0000      0.98153      0.57993       400.01    
  4684.602619       1.0000      0.98152      0.57902       400.01    
  4684.602619       1.0000      0.98152      0.57902       400.01    
  4684.610948       1.0000      0.98152      0.57891       400.01    
  4684.619277       1.0000      0.98152      0.57881       400.01    
  4684.635936       1.0000      0.98152      0.57861       400.01    
  4684.669253       1.0000      0.98152      0.57822       400.01    
  4684.735888       1.0000      0.98152      0.57751       400.01    
  4684.869156       1.0000      0.98152      0.57625       400.16    
  4685.000000       1.0000      0.98153      0.57515       400.58    
  4685.000000       1.0000      0.98153      0.57515       400.58    
  4685.106615       1.0000      0.98154      0.57450       401.48    
  4685.213230       1.0000      0.98156      0.57416       402.92    
  4685.426460       1.0000      0.98163      0.57455       409.04    
  4685.756670       1.0000      0.98180      0.57719       428.50    
  4686.000000       1.0000      0.98194      0.57970       449.64    
  4686.000000       1.0000      0.98194      0.57970       449.64    
  4686.034117       1.0000      0.98196      0.58010       452.74    
  4686.068234       1.0000      0.98199      0.58057       455.97    
  4686.077918       1.0000      0.98199      0.58071       456.90    
  4686.097287       1.0000      0.98201      0.58102       458.80    
  4686.136024       1.0000      0.98204      0.58164       462.75    
  4686.181668       1.0000      0.98207      0.58233       467.63    
  4686.195836       1.0000      0.98208      0.58253       469.16    
  4686.224172       1.0000      0.98210      0.58294       472.27    
  4686.280845       1.0000      0.98214      0.58371       478.69    
  4686.388561       1.0000      0.98221      0.58500       491.47    
  4686.420903       1.0000      0.98223      0.58538       495.33    
  4686.485587       1.0000      0.98226      0.58614       503.11    
  4686.511461       1.0000      0.98228      0.58644       506.23    
  4686.563209       1.0000      0.98230      0.58701       512.49    
  4686.666703       1.0000      0.98235      0.58810       524.89    
  4686.708101       1.0000      0.98237      0.58853       529.80    
  4686.790897       1.0000      0.98240      0.58936       539.47    
  4686.956489       1.0000      0.98246      0.59096       557.41    
  4686.956723       1.0000      0.98246      0.59096       557.43    
  4686.956723       1.0000      0.98246      0.59096       557.43    
  4686.964715       1.0000      0.98247      0.59097       558.30    
  4686.972707       1.0000      0.98247      0.59098       559.16    
  4686.988690       1.0000      0.98247      0.59099       560.86    
  4687.000000       1.0000      0.98247      0.59100       562.06    
  4687.000000       1.0000      0.98247      0.59100       562.06    
  4687.012787       1.0000      0.98247      0.59099       563.40    
  4687.025574       1.0000      0.98248      0.59098       564.73    
  4687.051147       1.0000      0.98248      0.59094       567.33    
  4687.102294       1.0000      0.98248      0.59076       572.33    
  4687.105939       1.0000      0.98248      0.59075       572.68    
  4687.113229       1.0000      0.98248      0.59072       573.39    
  4687.127808       1.0000      0.98247      0.59065       574.78    
  4687.133640       1.0000      0.98247      0.59062       575.34    
  4687.145304       1.0000      0.98247      0.59056       576.43    
  4687.168631       1.0000      0.98247      0.59042       578.59    
  4687.214715       1.0000      0.98246      0.59006       582.68    
  4687.262542       1.0000      0.98245      0.58963       586.73    
  4687.321423       1.0000      0.98243      0.58902       591.44    
  4687.385193       1.0000      0.98241      0.58824       596.22    
  4687.463568       1.0000      0.98238      0.58715       601.66    
  4687.567531       1.0000      0.98234      0.58541       608.20    
  4687.691333       1.0000      0.98227      0.58295       615.09    
  4687.848171       1.0000      0.98218      0.57935       622.62    
  4687.980100       1.0000      0.98210      0.57604       628.20    
  4688.000000       1.0000      0.98208      0.57554       629.03    
  4688.000000       1.0000      0.98208      0.57554       629.03    
  4688.040918       1.0000      0.98206      0.57449       630.65    
  4688.081835       1.0000      0.98203      0.57342       632.22    
  4688.163671       1.0000      0.98197      0.57123       635.10    
  4688.163671       1.0000      0.98197      0.57123       635.10    
  4688.196405       1.0000      0.98195      0.57035       636.21    
  4688.229139       1.0000      0.98193      0.56947       637.29    
  4688.294607       1.0000      0.98188      0.56768       639.32    
  4688.381898       1.0000      0.98182      0.56527       641.80    
  4688.381898       1.0000      0.98182      0.56527       641.80    
  4688.434272       1.0000      0.98179      0.56387       643.21    
  4688.486647       1.0000      0.98175      0.56247       644.55    
  4688.591396       1.0000      0.98168      0.55965       646.96    
  4688.800894       1.0000      0.98153      0.55408       650.95    
  4689.000000       1.0000      0.98140      0.54893       654.08    
  4689.000000       1.0000      0.98140      0.54893       654.08    
  4689.108008       1.0000      0.98133      0.54620       655.61    
  4689.216015       1.0000      0.98126      0.54355       656.99    
  4689.234810       1.0000      0.98125      0.54309       657.22    
  4689.272400       1.0000      0.98123      0.54217       657.68    
  4689.272400       1.0000      0.98123      0.54217       657.68    
  4689.358806       1.0000      0.98118      0.54018       658.64    
  4689.445212       1.0000      0.98113      0.53826       659.51    
  4689.618024       1.0000      0.98104      0.53470       661.00    
  4689.914416       1.0000      0.98090      0.52929       662.98    
  4690.000000       1.0000      0.98086      0.52781       663.50    
  4690.000000       1.0000      0.98086      0.52781       663.50    
  4690.138250       1.0000      0.98080      0.52559       664.23    
  4690.276499       1.0000      0.98075      0.52356       664.87    
  4690.552998       1.0000      0.98065      0.52009       665.86    
  4690.888597       1.0000      0.98056      0.51661       666.76    
  4690.888597       1.0000      0.98056      0.51661       666.76    
  4690.944298       1.0000      0.98054      0.51605       666.90    
  4691.000000       1.0000      0.98052      0.51551       667.03    
  4691.000000       1.0000      0.98052      0.51551       667.03    
  4691.044561       1.0000      0.98051      0.51510       667.13    
  4691.089123       1.0000      0.98050      0.51469       667.23    
  4691.178245       1.0000      0.98048      0.51393       667.41    
  4691.356490       1.0000      0.98044      0.51255       667.71    
  4691.712980       1.0000      0.98037      0.51034       668.15    
  4692.000000       1.0000      0.98032      0.50886       668.42    
  4692.000000       1.0000      0.98032      0.50886       668.42    
  4692.285192       1.0000      0.98027      0.50563       668.63    
  4692.570384       1.0000      0.98024      0.50306       668.78    
  4693.000000       1.0000      0.98019      0.49951       668.95    
  4693.000000       1.0000      0.98019      0.49951       668.95    
  4693.228154       1.0000      0.98016      0.49776       669.02    
  4693.456307       1.0000      0.98014      0.49611       669.07    
  4693.912615       1.0000      0.98011      0.49319       669.15    
  4694.000000       1.0000      0.98011      0.49264       669.16    
  4694.000000       1.0000      0.98011      0.49264       669.16    
  4694.365046       1.0000      0.98009      0.49082       669.20    
  4694.730092       1.0000      0.98008      0.48943       669.23    
  4695.000000       1.0000      0.98008      0.48862       669.25    
  4695.000000       1.0000      0.98008      0.48862       669.25    
  4695.292037       1.0000      0.98008      0.48802       669.27    
  4695.584073       1.0000      0.98009      0.48767       669.28    
  4696.000000       1.0000      0.98011      0.48783       668.19    
  4696.000000       1.0000      0.98011      0.48783       668.19    
  4696.026105       1.0000      0.98011      0.48786       668.08    
  4696.052211       1.0000      0.98011      0.48790       667.94    
  4696.104422       1.0000      0.98011      0.48800       667.53    
  4696.104422       1.0000      0.98011      0.48800       667.53    
  4696.125306       1.0000      0.98011      0.48805       667.34    
  4696.146190       1.0000      0.98011      0.48810       667.13    
  4696.187959       1.0000      0.98012      0.48822       666.64    
  4696.271496       1.0000      0.98012      0.48854       665.18    
  4696.438571       1.0000      0.98013      0.48936       660.15    
  4696.772720       1.0000      0.98016      0.49161       639.89    
  4697.000000       1.0000      0.98019      0.49348       620.09    
  4697.000000       1.0000      0.98019      0.49348       620.09    
  4697.005541       1.0000      0.98019      0.49352       619.61    
  4697.011082       1.0000      0.98019      0.49357       619.12    
  4697.015515       1.0000      0.98019      0.49360       618.72    
  4697.020776       1.0000      0.98019      0.49365       618.25    
  4697.026265       1.0000      0.98019      0.49369       617.75    
  4697.032897       1.0000      0.98019      0.49375       617.15    
  4697.040929       1.0000      0.98019      0.49382       616.41    
  4697.052241       1.0000      0.98019      0.49392       615.36    
  4697.066492       1.0000      0.98019      0.49404       614.01    
  4697.083985       1.0000      0.98019      0.49419       612.31    
  4697.099706       1.0000      0.98020      0.49433       610.76    
  4697.117629       1.0000      0.98020      0.49449       608.96    
  4697.135957       1.0000      0.98020      0.49465       607.09    
  4697.156831       1.0000      0.98020      0.49484       604.91    
  4697.179759       1.0000      0.98021      0.49504       602.46    
  4697.185046       1.0000      0.98021      0.49508       601.89    
  4697.195621       1.0000      0.98021      0.49518       600.74    
  4697.216771       1.0000      0.98021      0.49536       598.42    
  4697.246176       1.0000      0.98022      0.49560       595.14    
  4697.283119       1.0000      0.98022      0.49588       590.94    
  4697.329024       1.0000      0.98023      0.49622       585.61    
  4697.386985       1.0000      0.98024      0.49664       578.71    
  4697.462944       1.0000      0.98025      0.49713       569.58    
  4697.567792       1.0000      0.98026      0.49775       556.86    
  4697.567792       1.0000      0.98026      0.49775       556.86    
  4697.571338       1.0000      0.98027      0.49777       556.42    
  4697.574885       1.0000      0.98027      0.49779       555.99    
  4697.581978       1.0000      0.98027      0.49783       555.13    
  4697.596165       1.0000      0.98027      0.49792       553.41    
  4697.624538       1.0000      0.98027      0.49808       549.98    
  4697.681285       1.0000      0.98029      0.49839       543.20    
  4697.794779       1.0000      0.98031      0.49907       529.94    
  4698.000000       1.0000      0.98037      0.50049       508.08    
  4698.000000       1.0000      0.98037      0.50049       508.08    
  4698.090795       1.0000      0.98039      0.50108       499.10    
  4698.181590       1.0000      0.98042      0.50168       490.73    
  4698.363179       1.0000      0.98048      0.50306       476.55    
  4698.636106       1.0000      0.98057      0.50596       459.88    
  4698.982042       1.0000      0.98070      0.51075       444.27    
  4698.982042       1.0000      0.98070      0.51075       444.27    
  4698.991021       1.0000      0.98070      0.51087       443.87    
  4699.000000       1.0000      0.98071      0.51100       443.47    
  4699.000000       1.0000      0.98071      0.51100       443.47    
  4699.007183       1.0000      0.98071      0.51110       443.16    
  4699.014366       1.0000      0.98071      0.51120       442.84    
  4699.028732       1.0000      0.98072      0.51141       442.22    
  4699.057465       1.0000      0.98073      0.51182       441.01    
  4699.114930       1.0000      0.98075      0.51268       438.75    
  4699.229859       1.0000      0.98079      0.51447       434.68    
  4699.459719       1.0000      0.98088      0.51838       428.10    
  4699.919438       1.0000      0.98107      0.52732       419.13    
  4700.000000       1.0000      0.98111      0.52894       417.68    
  4700.000000       1.0000      0.98111      0.52894       417.68    
  4700.367775       1.0000      0.98127      0.53698       412.86    
  4700.735550       1.0000      0.98145      0.54573       409.36    
  4701.000000       1.0000      0.98159      0.55232       407.37    
  4701.000000       1.0000      0.98159      0.55232       407.37    
  4701.294220       1.0000      0.98174      0.55964       405.67    
  4701.588440       1.0000      0.98189      0.56708       404.37    
  4701.848517       1.0000      0.98203      0.57381       403.45    
  4701.848517       1.0000      0.98203      0.57381       403.45    
  4701.924259       1.0000      0.98207      0.57579       403.21    
  4702.000000       1.0000      0.98211      0.57778       402.98    
  4702.000000       1.0000      0.98211      0.57778       402.98    
  4702.060593       1.0000      0.98214      0.57940       402.80    
  4702.121186       1.0000      0.98218      0.58102       402.64    
  4702.242372       1.0000      0.98225      0.58432       402.35    
  4702.319484       1.0000      0.98229      0.58645       402.18    
  4702.319484       1.0000      0.98229      0.58645       402.18    
  4702.416433       1.0000      0.98234      0.58890       401.98    
  4702.513382       1.0000      0.98238      0.59119       401.81    
  4702.637131       1.0000      0.98243      0.59387       401.60    
  4702.791387       1.0000      0.98248      0.59689       401.39    
  4703.000000       1.0000      0.98254      0.60049       401.14    
