#      time         order        qbridges     qcdwalls2z   qdaylite     qequip2zon   qhc2zone     qlcwinds2z   qlite        qloss        qocc2zone    qterm2zone
  4679.000000       1.0000       0.0000       606.83       0.0000       0.0000      2.88604E-18  -281.23       0.0000       0.0000       0.0000      -309.51    
  4679.400000       1.0000       0.0000       610.78       0.0000       0.0000      3.73067E-19  -289.35       0.0000       0.0000       0.0000      -313.71    
  4679.800000       1.0000       0.0000       614.23       0.0000       0.0000     -2.95054E-18  -297.03       0.0000       0.0000       0.0000      -315.44    
  4680.000000       1.0000       0.0000       615.91       0.0000       0.0000     -1.70631E-16  -300.81       0.0000       0.0000       0.0000      -315.79    
  4680.000000       1.0000       0.0000       615.91       0.0000       0.0000      5.75727E-19  -300.80       0.0000       0.0000       0.0000      -315.79    
  4680.002746       1.0000       0.0000       615.93       0.0000       0.0000     -2.56468E-21  -300.86       0.0000       0.0000       0.0000      -315.79    
  4680.005491       1.0000       0.0000       615.96       0.0000       0.0000      2.29781E-19  -300.91       0.0000       0.0000       0.0000      -315.80    
  4680.007168       1.0000       0.0000       615.97       0.0000       0.0000     -7.42003E-20  -300.94       0.0000       0.0000       0.0000      -315.80    
  4680.007168       1.0000       0.0000       615.97       0.0000       0.0000     -7.36367E-22  -300.94       0.0000       0.0000       0.0000      -315.80    
  4680.009364       1.0000       0.0000       615.99       0.0000       0.0000      1.93807E-22  -300.98       0.0000       0.0000       0.0000      -315.80    
  4680.011560       1.0000       0.0000       616.00       0.0000       0.0000     -3.33264E-19  -301.02       0.0000       0.0000       0.0000      -315.81    
  4680.015953       1.0000       0.0000       616.04       0.0000       0.0000     -2.78358E-18  -301.10       0.0000       0.0000       0.0000      -315.81    
  4680.024739       1.0000       0.0000       616.11       0.0000       0.0000     -3.88481E-19  -301.26       0.0000       0.0000       0.0000      -315.82    
  4680.042311       1.0000       0.0000       616.24       0.0000       0.0000     -1.37565E-17  -301.57       0.0000       0.0000       0.0000      -315.83    
  4680.077454       1.0000       0.0000       616.49       0.0000       0.0000     -1.41660E-16  -302.18       0.0000       0.0000       0.0000      -315.85    
  4680.147740       1.0000       0.0000       616.90       0.0000       0.0000     -3.17362E-18  -303.31       0.0000       0.0000       0.0000      -315.82    
  4680.288312       1.0000       0.0000       617.52       0.0000       0.0000      8.70287E-17  -305.34       0.0000       0.0000       0.0000      -315.63    
  4680.569457       1.0000       0.0000       618.19       0.0000       0.0000      5.71776E-19  -308.81       0.0000       0.0000       0.0000      -327.85    
  4680.676996       1.0000       0.0000       618.51       0.0000       0.0000      4.65557E-16  -310.09       0.0000       0.0000       0.0000      -332.28    
  4680.676996       1.0000       0.0000       618.51       0.0000       0.0000      4.19028E-21  -310.09       0.0000       0.0000       0.0000      -332.28    
  4680.726040       1.0000       0.0000       618.57       0.0000       0.0000      5.31104E-19  -310.66       0.0000       0.0000       0.0000      -334.18    
  4680.775084       1.0000       0.0000       618.63       0.0000       0.0000     -1.28644E-16  -311.24       0.0000       0.0000       0.0000      -335.96    
  4680.873172       1.0000       0.0000       618.81       0.0000       0.0000      6.92126E-16  -312.36       0.0000       0.0000       0.0000      -339.07    
  4681.000000       1.0000       0.0000       619.01       0.0000       0.0000      9.44042E-16  -313.80       0.0000       0.0000       0.0000      -342.58    
  4681.000000       1.0000       0.0000       619.01       0.0000       0.0000      2.81032E-17  -313.80       0.0000       0.0000       0.0000      -342.58    
  4681.078470       1.0000       0.0000       618.97       0.0000       0.0000      1.19005E-18  -314.62       0.0000       0.0000       0.0000      -343.39    
  4681.156941       1.0000       0.0000       618.91       0.0000       0.0000      4.43798E-16  -315.39       0.0000       0.0000       0.0000      -343.95    
  4681.313881       1.0000       0.0000       618.66       0.0000       0.0000     -4.06388E-17  -316.77       0.0000       0.0000       0.0000      -344.67    
  4681.627763       1.0000       0.0000       617.94       0.0000       0.0000     -9.05751E-16  -319.23       0.0000       0.0000       0.0000      -345.09    
  4682.000000       1.0000       0.0000       616.64       0.0000       0.0000     -1.15054E-19  -321.91       0.0000       0.0000       0.0000      -344.04    
  4682.000000       1.0000       0.0000       616.64       0.0000       0.0000     -1.05793E-21  -321.91       0.0000       0.0000       0.0000      -344.04    
  4682.251105       1.0000       0.0000       615.75       0.0000       0.0000      5.18702E-18  -323.69       0.0000       0.0000       0.0000      -342.85    
  4682.502210       1.0000       0.0000       614.84       0.0000       0.0000     -2.27084E-18  -325.45       0.0000       0.0000       0.0000      -341.29    
  4683.000000       1.0000       0.0000       613.01       0.0000       0.0000     -1.70553E-17  -328.91       0.0000       0.0000       0.0000      -337.32    
  4683.000000       1.0000       0.0000       613.01       0.0000       0.0000     -9.26911E-20  -328.91       0.0000       0.0000       0.0000      -337.32    
  4683.200884       1.0000       0.0000       611.98       0.0000       0.0000      7.68942E-18  -329.99       0.0000       0.0000       0.0000      -333.10    
  4683.401768       1.0000       0.0000       610.73       0.0000       0.0000      2.31564E-19  -330.86       0.0000       0.0000       0.0000      -329.14    
  4683.803536       1.0000       0.0000       299.60       287.55       0.0000      6.06815E-18  -289.24       0.0000       0.0000       0.0000      -328.53    
  4684.000000       1.0000       0.0000       28.854       539.43       0.0000      1.41753E-21  -253.30       0.0000       0.0000       0.0000      -331.02    
  4684.000000       1.0000       0.0000       28.854       539.43       0.0000      2.67499E-20  -253.30       0.0000       0.0000       0.0000      -331.02    
  4684.006428       1.0000       0.0000       18.893       548.85       0.0000     -1.99984E-18  -252.08       0.0000       0.0000       0.0000      -331.10    
  4684.012857       1.0000       0.0000       8.8498       558.32       0.0000     -7.96462E-20  -250.82       0.0000       0.0000       0.0000      -330.85    
  4684.023268       1.0000       0.0000      -7.5907       573.78       0.0000     -5.00064E-20  -248.74       0.0000       0.0000       0.0000      -330.39    
  4684.035190       1.0000       0.0000       352.71       180.91       0.0000     -1.60674E-20  -251.72       0.0000       0.0000       0.0000      -329.45    
  4684.052835       1.0000       0.0000       346.39       187.63       0.0000      1.24548E-16  -250.47       0.0000       0.0000       0.0000      -328.12    
  4684.076866       1.0000       0.0000       336.73       196.72       0.0000      1.06467E-18  -247.32       0.0000       0.0000       0.0000      -326.40    
  4684.097768       1.0000       0.0000       327.63       204.56       0.0000     -1.93436E-18  -243.68       0.0000       0.0000       0.0000      -324.99    
  4684.120418       1.0000       0.0000       317.05       212.95       0.0000     -2.59005E-18  -238.88       0.0000       0.0000       0.0000      -323.55    
  4684.139272       1.0000       0.0000       307.81       219.84       0.0000     -5.54173E-20  -234.40       0.0000       0.0000       0.0000      -322.42    
  4684.157925       1.0000       0.0000       298.32       226.55       0.0000     -5.32990E-18  -229.57       0.0000       0.0000       0.0000      -321.35    
  4684.175121       1.0000       0.0000       289.31       232.64       0.0000      1.02658E-19  -224.75       0.0000       0.0000       0.0000      -320.42    
  4684.192204       1.0000       0.0000       280.14       238.58       0.0000      5.49963E-18  -219.48       0.0000       0.0000       0.0000      -319.54    
  4684.208820       1.0000       0.0000       271.06       244.24       0.0000     -3.24111E-20  -214.22       0.0000       0.0000       0.0000      -318.72    
  4684.225481       1.0000       0.0000       261.83       249.79       0.0000      2.57480E-19  -208.84       0.0000       0.0000       0.0000      -317.95    
  4684.242637       1.0000       0.0000       252.23       255.37       0.0000     -9.25142E-20  -203.23       0.0000       0.0000       0.0000      -317.20    
  4684.261190       1.0000       0.0000       241.80       261.24       0.0000      9.90514E-18  -197.10       0.0000       0.0000       0.0000      -316.42    
  4684.281348       1.0000       0.0000       230.47       267.41       0.0000     -6.32839E-19  -190.41       0.0000       0.0000       0.0000      -315.63    
  4684.303612       1.0000       0.0000       218.32       273.63       0.0000     -1.89514E-18  -183.07       0.0000       0.0000       0.0000      -314.80    
  4684.328532       1.0000       0.0000       207.44       277.69       0.0000     -3.30799E-18  -175.22       0.0000       0.0000       0.0000      -313.92    
  4684.356755       1.0000       0.0000       195.45       281.87       0.0000     -1.66563E-18  -166.47       0.0000       0.0000       0.0000      -312.98    
  4684.389259       1.0000       0.0000       182.22       286.07       0.0000      1.31960E-17  -156.64       0.0000       0.0000       0.0000      -311.96    
  4684.427362       1.0000       0.0000       167.68       290.11       0.0000      1.18109E-17  -145.50       0.0000       0.0000       0.0000      -310.83    
  4684.473142       1.0000       0.0000       151.83       293.58       0.0000      1.01468E-17  -132.73       0.0000       0.0000       0.0000      -309.55    
  4684.529739       1.0000       0.0000       137.51       293.20       0.0000     -7.47485E-18  -118.25       0.0000       0.0000       0.0000      -308.04    
  4684.602619       1.0000       0.0000       135.20       278.80       0.0000     -4.05421E-17  -103.60       0.0000       0.0000       0.0000      -306.10    
  4684.602619       1.0000       0.0000       135.20       278.80       0.0000      1.00161E-20  -103.60       0.0000       0.0000       0.0000      -306.10    
  4684.610948       1.0000       0.0000       135.09       277.03       0.0000     -2.93973E-19  -101.97       0.0000       0.0000       0.0000      -305.88    
  4684.619277       1.0000       0.0000       135.02       275.24       0.0000      8.24113E-17  -100.38       0.0000       0.0000       0.0000      -305.66    
  4684.635936       1.0000       0.0000       134.58       272.15       0.0000     -5.57430E-19  -97.307       0.0000       0.0000       0.0000      -305.22    
  4684.669253       1.0000       0.0000       132.02       268.24       0.0000     -1.60406E-17  -91.543       0.0000       0.0000       0.0000      -304.33    
  4684.735888       1.0000       0.0000       129.20       259.71       0.0000      1.00162E-20  -81.569       0.0000       0.0000       0.0000      -302.60    
  4684.869156       1.0000       0.0000       128.87       240.35      0.96189      1.00163E-20  -66.400       1.1515       0.0000       1.6365      -299.47    
  4685.000000       1.0000       0.0000       132.64       219.42       2.7818      1.00164E-20  -56.292       3.3305       0.0000       4.7327      -296.76    
  4685.000000       1.0000       0.0000       132.64       219.42       2.7818     -1.16612E-22  -56.292       3.3305       0.0000       4.7327      -296.76    
  4685.106615       1.0000       0.0000       132.27       201.73       7.2305     -1.16612E-22  -51.013       8.6578       0.0000       12.301      -288.32    
  4685.213230       1.0000       0.0000       131.49       184.20       12.047     -1.16612E-22  -47.416       14.427       0.0000       20.496      -280.55    
  4685.426460       1.0000       0.0000       90.930       176.99       27.612     -1.16612E-22  -43.660       33.069       0.0000       46.975      -270.58    
  4685.756670       1.0000       0.0000      -7.7574       170.94       64.120     -1.16612E-22  -44.411       76.797       0.0000       109.08      -267.87    
  4686.000000       1.0000       0.0000      -102.09       166.62       100.14      6.48393E-19  -48.806       119.95       0.0000       170.34      -273.31    
  4686.000000       1.0000       0.0000      -102.09       166.62       100.14     -1.16612E-22  -48.805       119.95       0.0000       170.34      -273.31    
  4686.034117       1.0000       0.0000      -115.52       165.98       105.36      7.57978E-28  -49.525       126.20       0.0000       179.22      -269.96    
  4686.068234       1.0000       0.0000      -129.21       165.33       110.58      1.16613E-22  -50.253       132.45       0.0000       188.10      -265.74    
  4686.077918       1.0000       0.0000      -133.11       165.15       112.06      1.49715E-22  -50.464       134.23       0.0000       190.62      -264.56    
  4686.097287       1.0000       0.0000      -140.99       164.79       115.03      2.15917E-22  -50.892       137.78       0.0000       195.66      -262.28    
  4686.136024       1.0000       0.0000      -156.73       164.10       120.96     -2.86947E-29  -51.750       144.88       0.0000       205.73      -264.09    
  4686.181668       1.0000       0.0000      -175.54       163.29       127.94      2.86984E-24  -52.769       153.25       0.0000       217.61      -271.38    
  4686.195836       1.0000       0.0000      -181.40       163.04       130.11      3.76068E-24  -53.090       155.84       0.0000       221.30      -273.65    
  4686.224172       1.0000       0.0000      -192.19       162.55       133.77      5.54235E-24  -53.676       160.23       0.0000       227.52      -278.13    
  4686.280845       1.0000       0.0000      -213.06       161.58       140.86      9.10570E-24  -54.792       168.73       0.0000       239.58      -286.86    
  4686.388561       1.0000       0.0000      -252.22       159.77       154.35      1.58784E-23  -56.661       184.88       0.0000       262.51      -302.78    
  4686.420903       1.0000       0.0000      -263.10       159.25       157.81      1.79119E-23  -57.107       189.04       0.0000       268.40      -307.46    
  4686.485587       1.0000       0.0000      -283.05       158.23       164.11      2.19790E-23  -57.901       196.58       0.0000       279.11      -316.42    
  4686.511461       1.0000       0.0000      -290.78       157.73       166.63      2.36058E-23  -58.215       199.60       0.0000       283.39      -319.95    
  4686.563209       1.0000       0.0000      -305.23       156.07       171.67      2.68595E-23  -58.817       205.64       0.0000       291.95      -326.80    
  4686.666703       1.0000       0.0000      -330.33       153.47       179.89      3.33668E-23  -59.566       215.50       0.0000       305.93      -339.52    
  4686.708101       1.0000       0.0000      -339.67       152.70       182.77      3.59697E-23  -59.820       218.95       0.0000       310.82      -344.44    
  4686.790897       1.0000       0.0000      -357.34       151.57       188.53      4.11755E-23  -60.733       225.85       0.0000       320.60      -353.74    
  4686.956489       1.0000       0.0000      -631.72       426.23       195.69      5.15872E-23  -75.563       232.37       0.0000       332.77      -371.22    
  4686.956723       1.0000       0.0000      -631.76       426.22       195.70      5.16019E-23  -75.591       232.38       0.0000       332.79      -361.56    
  4686.956723       1.0000       0.0000      -631.76       426.22       195.70      1.09669E-28  -75.591       232.38       0.0000       332.79      -380.17    
  4686.964715       1.0000       0.0000      -632.45       426.13       196.03      1.09669E-28  -76.612       232.77       0.0000       333.36      -393.50    
  4686.972707       1.0000       0.0000      -633.11       426.08       196.37      1.09669E-28  -77.708       233.17       0.0000       333.92      -395.81    
  4686.988690       1.0000       0.0000      -634.26       426.10       197.03      1.09669E-28  -80.111       233.96       0.0000       335.06      -399.59    
  4687.000000       1.0000       0.0000      -635.06       426.22       197.51      1.09669E-28  -81.894       234.52       0.0000       335.86      -402.21    
  4687.000000       1.0000       0.0000      -635.06       426.22       197.51      1.09669E-28  -81.894       234.52       0.0000       335.86      -402.21    
  4687.012787       1.0000       0.0000      -635.87       426.85       197.68      1.09669E-28  -83.827       234.72       0.0000       336.16      -405.19    
  4687.025574       1.0000       0.0000      -637.33       428.17       197.86      1.09669E-28  -85.571       234.92       0.0000       336.46      -408.23    
  4687.051147       1.0000       0.0000      -639.88       430.82       198.22      1.09669E-28  -89.020       235.31       0.0000       337.07      -414.05    
  4687.102294       1.0000       0.0000      -644.36       436.06       198.93      1.09669E-28  -95.160       236.08       0.0000       338.27      -424.73    
  4687.105939       1.0000       0.0000      -644.67       436.43       198.98      1.09669E-28  -95.586       236.14       0.0000       338.36      -425.46    
  4687.113229       1.0000       0.0000      -645.30       437.17       199.08      1.09669E-28  -96.429       236.25       0.0000       338.53      -426.92    
  4687.127808       1.0000       0.0000      -646.51       438.66       199.28      1.09669E-28  -98.019       236.47       0.0000       338.88      -429.73    
  4687.133640       1.0000       0.0000      -647.00       439.25       199.36      1.09669E-28  -98.641       236.56       0.0000       339.01      -430.84    
  4687.145304       1.0000       0.0000      -647.97       440.43       199.53      3.41721E-29  -99.822       236.74       0.0000       339.29      -433.00    
  4687.168631       1.0000       0.0000      -649.93       442.79       199.85     -1.16821E-28  -101.92       237.09       0.0000       339.84      -437.12    
  4687.214715       1.0000       0.0000      -653.82       447.42       200.29      6.18052E-25  -104.97       237.55       0.0000       340.58      -444.55    
  4687.262542       1.0000       0.0000      -657.52       452.19       200.29      1.25961E-24  -107.03       237.49       0.0000       340.58      -451.44    
  4687.321423       1.0000       0.0000      -662.59       458.01       200.29      2.04945E-24  -108.11       237.41       0.0000       340.58      -458.95    
  4687.385193       1.0000       0.0000      -668.77       464.23       200.29      2.90487E-24  -107.85       237.33       0.0000       340.58      -466.15    
  4687.463568       1.0000       0.0000      -677.41       471.76       200.29      3.95620E-24  -105.82       237.23       0.0000       340.58      -474.10    
  4687.567531       1.0000       0.0000      -690.37       481.56       200.29      5.35078E-24  -101.03       237.09       0.0000       340.59      -483.67    
  4687.691333       1.0000       0.0000      -707.33       492.94       200.29      7.01147E-24  -93.358       236.93       0.0000       340.59      -493.95    
  4687.848171       1.0000       0.0000      -730.24       506.90       200.29      9.11532E-24  -81.844       236.73       0.0000       340.60      -505.13    
  4687.980100       1.0000       0.0000      -749.97       518.24       200.29      1.08850E-23  -71.443       236.56       0.0000       340.61      -513.05    
  4688.000000       1.0000       0.0000      -752.93       519.92       200.29      1.11520E-23  -69.871       236.53       0.0000       340.61      -514.17    
  4688.000000       1.0000       0.0000      -752.93       519.92       200.29      1.11520E-23  -69.871       236.53       0.0000       340.61      -514.17    
  4688.040918       1.0000       0.0000      -759.03       523.34       200.29      1.11520E-23  -66.619       236.48       0.0000       340.61      -516.10    
  4688.081835       1.0000       0.0000      -765.12       526.72       200.29      1.11520E-23  -63.352       236.43       0.0000       340.61      -517.87    
  4688.163671       1.0000       0.0000      -777.26       533.39       200.29      1.11520E-23  -56.789       236.33       0.0000       340.62      -521.05    
  4688.163671       1.0000       0.0000      -777.26       533.39       200.29      1.11520E-23  -56.789       236.33       0.0000       340.62      -521.05    
  4688.196405       1.0000       0.0000      -782.08       536.01       200.29      1.11520E-23  -54.175       236.29       0.0000       340.62      -522.24    
  4688.229139       1.0000       0.0000      -786.89       538.61       200.29      1.11520E-23  -51.565       236.24       0.0000       340.62      -523.36    
  4688.294607       1.0000       0.0000      -796.46       543.74       200.29      1.11520E-23  -46.050       236.16       0.0000       340.62      -525.38    
  4688.381898       1.0000       0.0000      -809.13       550.43       200.29      1.11520E-23  -38.758       236.06       0.0000       340.63      -527.68    
  4688.381898       1.0000       0.0000      -809.13       550.43       200.29      1.11520E-23  -38.758       236.06       0.0000       340.63      -527.68    
  4688.434272       1.0000       0.0000      -840.10       578.38       200.29      1.11520E-23  -32.871       235.59       0.0000       340.63      -528.97    
  4688.486647       1.0000       0.0000      -848.18       582.32       200.29      1.11520E-23  -28.591       235.52       0.0000       340.64      -530.08    
  4688.591396       1.0000       0.0000      -863.62       590.00       200.29      1.11520E-23  -20.143       235.39       0.0000       340.64      -531.81    
  4688.800894       1.0000       0.0000      -892.49       604.57       200.29      1.11520E-23  -3.7435       235.13       0.0000       340.66      -533.93    
  4689.000000       1.0000       0.0000      -918.27       617.42       200.29      1.11520E-23   11.445       234.90       0.0000       340.67      -534.98    
  4689.000000       1.0000       0.0000      -918.27       617.42       200.29      1.11520E-23   11.445       234.90       0.0000       340.67      -534.98    
  4689.108008       1.0000       0.0000      -931.59       623.99       200.29      1.11520E-23   19.616       234.78       0.0000       340.68      -534.87    
  4689.216015       1.0000       0.0000      -944.59       630.28       200.29      1.11520E-23   28.278       234.66       0.0000       340.68      -534.79    
  4689.234810       1.0000       0.0000      -946.82       631.35       200.29      1.11520E-23   29.816       234.64       0.0000       340.68      -534.77    
  4689.272400       1.0000       0.0000      -951.26       633.46       200.29      1.11520E-23   32.893       234.60       0.0000       340.69      -534.73    
  4689.272400       1.0000       0.0000      -951.26       633.46       200.29      1.11520E-23   32.890       234.60       0.0000       340.69      -534.73    
  4689.358806       1.0000       0.0000      -961.19       638.17       200.29      1.11520E-23   39.237       234.51       0.0000       340.69      -533.10    
  4689.445212       1.0000       0.0000      -970.79       642.71       200.29      1.11520E-23   45.370       234.43       0.0000       340.70      -531.92    
  4689.618024       1.0000       0.0000      -989.07       651.25       200.29      1.11520E-23   57.391       234.26       0.0000       340.71      -530.18    
  4689.914416       1.0000       0.0000      -1018.1       664.28       200.29      1.11520E-23   77.569       234.01       0.0000       340.72      -527.90    
  4690.000000       1.0000       0.0000      -1026.1       667.67       200.29      1.11520E-23   83.399       233.94       0.0000       340.72      -527.30    
  4690.000000       1.0000       0.0000      -1026.1       667.67       200.29      1.11520E-23   83.399       233.94       0.0000       340.72      -527.30    
  4690.138250       1.0000       0.0000      -1037.8       672.80       200.29      1.11520E-23   91.864       233.84       0.0000       340.73      -526.15    
  4690.276499       1.0000       0.0000      -1048.2       677.50       200.29      1.11520E-23   99.597       233.74       0.0000       340.73      -525.25    
  4690.552998       1.0000       0.0000      -1066.2       685.69       200.29      1.11520E-23   113.21       233.58       0.0000       340.74      -524.22    
  4690.888597       1.0000       0.0000      -1084.5       693.53       200.29     -5.18807E-18   128.28       233.42       0.0000       340.75      -523.95    
  4690.888597       1.0000       0.0000      -1084.5       693.53       200.29      1.11520E-23   128.28       233.42       0.0000       340.75      -523.95    
  4690.944298       1.0000       0.0000      -1087.3       694.61       200.29      1.11520E-23   130.75       233.40       0.0000       340.75      -523.93    
  4691.000000       1.0000       0.0000      -1090.0       695.64       200.29      1.11520E-23   133.19       233.37       0.0000       340.76      -523.94    
  4691.000000       1.0000       0.0000      -1090.0       695.64       200.29      1.11520E-23   133.19       233.37       0.0000       340.76      -523.94    
  4691.044561       1.0000       0.0000      -1092.0       696.41       200.29      1.11520E-23   135.06       233.36       0.0000       340.76      -523.91    
  4691.089123       1.0000       0.0000      -1094.0       697.15       200.29      1.11520E-23   136.89       233.34       0.0000       340.76      -523.90    
  4691.178245       1.0000       0.0000      -1097.7       698.52       200.29      1.11520E-23   140.33       233.31       0.0000       340.76      -523.97    
  4691.356490       1.0000       0.0000      -1104.0       700.82       200.29      1.11520E-23   146.69       233.27       0.0000       340.77      -524.35    
  4691.712980       1.0000       0.0000      -1113.7       703.73       200.29      1.11520E-23   158.10       233.21       0.0000       340.77      -525.97    
  4692.000000       1.0000       0.0000      -1119.3       704.46       200.29      1.11520E-23   166.75       233.19       0.0000       340.78      -527.69    
  4692.000000       1.0000       0.0000      -1119.3       704.46       200.29      1.11520E-23   166.75       233.19       0.0000       340.78      -527.69    
  4692.285192       1.0000       0.0000      -1121.6       703.79       200.29     -3.69124E-24   173.12       233.20       0.0000       340.78      -529.50    
  4692.570384       1.0000       0.0000      -1121.2       701.72       200.29     -2.89675E-25   178.12       233.25       0.0000       340.79      -531.60    
  4693.000000       1.0000       0.0000      -1116.3       695.85       200.29      4.83448E-24   184.03       233.37       0.0000       340.79      -535.18    
  4693.000000       1.0000       0.0000      -1116.3       695.85       200.29      4.83448E-24   184.03       233.37       0.0000       340.79      -535.18    
  4693.228154       1.0000       0.0000      -1110.1       691.33       200.29      4.83448E-24   184.57       233.46       0.0000       340.79      -536.77    
  4693.456307       1.0000       0.0000      -1101.4       685.77       200.29      4.83448E-24   183.56       233.58       0.0000       340.79      -538.48    
  4693.912615       1.0000       0.0000      -1077.9       671.40       200.29     -1.82393E-18   178.56       233.87       0.0000       340.80      -541.94    
  4694.000000       1.0000       0.0000      -1072.9       668.13       200.29     -2.27693E-19   177.48       233.93       0.0000       340.80      -542.60    
  4694.000000       1.0000       0.0000      -1072.9       668.13       200.29     -4.76816E-21   177.48       233.93       0.0000       340.80      -542.60    
  4694.365046       1.0000       0.0000      -1044.5       652.60       200.29     -6.53278E-19   166.72       234.24       0.0000       340.80      -544.49    
  4694.730092       1.0000       0.0000      -1009.9       633.97       200.29     -4.76816E-21   152.78       234.59       0.0000       340.80      -545.92    
  4695.000000       1.0000       0.0000      -981.39       618.15       200.29     -3.41633E-18   141.43       234.89       0.0000       340.80      -546.81    
  4695.000000       1.0000       0.0000      -981.39       618.15       200.29     -2.54324E-22   141.43       234.89       0.0000       340.80      -546.82    
  4695.292037       1.0000       0.0000      -946.89       599.04       200.29     -2.54324E-22   127.22       235.23       0.0000       340.80      -547.67    
  4695.584073       1.0000       0.0000      -909.41       577.86       200.29     -2.54324E-22   111.90       235.60       0.0000       340.80      -548.40    
  4696.000000       1.0000       0.0000      -819.83       520.97       197.51     -2.54324E-22   85.462       233.23       0.0000       336.07      -548.02    
  4696.000000       1.0000       0.0000      -819.83       520.97       197.51      6.23313E-23   85.462       233.23       0.0000       336.07      -548.10    
  4696.026105       1.0000       0.0000      -814.13       518.80       196.42      6.23313E-23   83.959       231.98       0.0000       334.21      -547.98    
  4696.052211       1.0000       0.0000      -808.20       516.62       195.33      6.23313E-23   82.456       230.73       0.0000       332.36      -547.81    
  4696.104422       1.0000       0.0000      -795.65       512.21       193.15      6.23313E-23   79.442       228.22       0.0000       328.65      -547.29    
  4696.104422       1.0000       0.0000      -795.65       512.21       193.15      2.95844E-24   79.442       228.22       0.0000       328.65      -547.28    
  4696.125306       1.0000       0.0000      -790.52       510.43       192.28      2.95844E-24   78.235       227.22       0.0000       327.17      -547.04    
  4696.146190       1.0000       0.0000      -785.31       508.64       191.41      2.95844E-24   77.026       226.21       0.0000       325.69      -546.79    
  4696.187959       1.0000       0.0000      -774.62       505.04       189.66      2.95844E-24   74.592       224.20       0.0000       322.72      -546.21    
  4696.271496       1.0000       0.0000      -748.86       497.77       184.19      2.95844E-24   69.832       217.83       0.0000       313.40      -544.52    
  4696.438571       1.0000       0.0000      -689.66       482.85       171.50      2.95844E-24   60.281       203.01       0.0000       291.81      -539.38    
  4696.772720       1.0000       0.0000      -534.89       451.62       134.16      1.03762E-17   41.834       159.10       0.0000       228.28      -521.08    
  4697.000000       1.0000       0.0000      -404.97       429.37       100.14      5.72506E-19   29.908       118.91       0.0000       170.40      -503.79    
  4697.000000       1.0000       0.0000      -404.97       429.37       100.14     -6.27636E-24   29.908       118.91       0.0000       170.40      -503.81    
  4697.005541       1.0000       0.0000      -401.74       428.81       99.296     -6.27636E-24   29.620       117.91       0.0000       168.96      -503.38    
  4697.011082       1.0000       0.0000      -398.68       428.42       98.448     -5.07276E-21   29.374       116.90       0.0000       167.52      -502.93    
  4697.015515       1.0000       0.0000      -396.51       428.35       97.770      1.00641E-21   29.254       116.10       0.0000       166.37      -502.57    
  4697.020776       1.0000       0.0000      -393.95       428.29       96.965      8.22026E-21   29.113       115.14       0.0000       165.00      -502.13    
  4697.026265       1.0000       0.0000      -391.28       428.25       96.125      5.47533E-22   28.968       114.15       0.0000       163.57      -501.68    
  4697.032897       1.0000       0.0000      -388.09       428.23       95.111     -8.72259E-21   28.795       112.94       0.0000       161.84      -501.12    
  4697.040929       1.0000       0.0000      -384.24       428.24       93.882      3.14833E-22   28.590       111.49       0.0000       159.75      -500.44    
  4697.052241       1.0000       0.0000      -378.89       428.33       92.151      1.30412E-20   28.308       109.43       0.0000       156.80      -499.48    
  4697.066492       1.0000       0.0000      -372.24       428.57       89.971      2.90745E-20   27.967       106.84       0.0000       153.09      -498.26    
  4697.083985       1.0000       0.0000      -364.23       429.05       87.294      4.87556E-20   27.571       103.66       0.0000       148.54      -496.74    
  4697.099706       1.0000       0.0000      -357.19       429.66       84.889     -9.56843E-20   27.234       100.81       0.0000       144.45      -495.36    
  4697.117629       1.0000       0.0000      -349.35       430.55       82.147     -1.71581E-20   26.878       97.552       0.0000       139.78      -493.77    
  4697.135957       1.0000       0.0000      -341.53       431.68       79.343      6.31465E-20   26.543       94.221       0.0000       135.01      -492.13    
  4697.156831       1.0000       0.0000      -332.90       433.24       76.149     -7.52413E-21   26.203       90.427       0.0000       129.58      -490.25    
  4697.179759       1.0000       0.0000      -323.74       435.29       72.641     -8.51476E-20   25.883       86.260       0.0000       123.61      -488.16    
  4697.185046       1.0000       0.0000      -61.193       154.12       71.832      1.80447E-22   20.817       86.055       0.0000       122.23      -487.54    
  4697.195621       1.0000       0.0000      -54.415       154.22       70.214      8.70919E-21   19.481       84.116       0.0000       119.48      -486.31    
  4697.216771       1.0000       0.0000      -42.336       154.43       67.445     -2.09898E-21   17.809       80.798       0.0000       114.77      -483.89    
  4697.246176       1.0000       0.0000      -27.471       154.79       63.764      3.14033E-21   17.119       76.388       0.0000       108.50      -480.63    
  4697.283119       1.0000       0.0000      -11.111       155.34       59.139      9.72277E-21   18.196       70.848       0.0000       100.63      -476.68    
  4697.329024       1.0000       0.0000       6.4401       156.17       53.393      2.70262E-21   21.536       63.963       0.0000       90.856      -471.95    
  4697.386985       1.0000       0.0000       25.520       157.48       46.138     -6.16115E-21   27.544       55.271       0.0000       78.510      -466.21    
  4697.462944       1.0000       0.0000       44.101       159.59       38.380     -1.77772E-20   36.440       45.976       0.0000       65.310      -459.16    
  4697.567792       1.0000       0.0000       65.938       162.02       28.172     -3.38114E-20   48.512       33.747       0.0000       47.939      -450.04    
  4697.567792       1.0000       0.0000       65.938       162.02       28.172      6.72049E-21   48.511       33.747       0.0000       47.939      -450.05    
  4697.571338       1.0000       0.0000       66.700       162.07       27.826     -3.41247E-21   48.922       33.333       0.0000       47.352      -449.68    
  4697.574885       1.0000       0.0000       67.457       162.13       27.481     -1.35454E-20   49.332       32.919       0.0000       46.764      -449.30    
  4697.581978       1.0000       0.0000       68.958       162.24       26.791     -3.38114E-20   50.150       32.092       0.0000       45.589      -448.52    
  4697.596165       1.0000       0.0000       71.933       162.47       25.409     -7.43432E-20   51.779       30.437       0.0000       43.239      -446.98    
  4697.624538       1.0000       0.0000       76.657       162.90       23.329     -1.55407E-19   54.886       27.946       0.0000       39.699      -443.99    
  4697.681285       1.0000       0.0000       84.833       163.77       19.383     -3.17534E-19   60.684       23.218       0.0000       32.984      -438.25    
  4697.794779       1.0000       0.0000       99.779       165.53       11.490      1.68848E-19   70.580       13.763       0.0000       19.553      -427.43    
  4698.000000       1.0000       0.0000       115.21       168.67       2.7818      1.04833E-18   83.448       3.3320       0.0000       4.7338      -410.27    
  4698.000000       1.0000       0.0000       115.21       168.67       2.7818     -8.65589E-20   83.447       3.3320       0.0000       4.7338      -410.31    
  4698.090795       1.0000       0.0000       116.63       170.03       1.5189     -5.49515E-21   88.259       1.8193       0.0000       2.5848      -404.52    
  4698.181590       1.0000       0.0000       116.99       171.34      0.25607      1.47708E-20   92.430      0.30670       0.0000      0.43575      -399.25    
  4698.363179       1.0000       0.0000       112.07       173.71       0.0000      3.94636E-18   98.578       0.0000       0.0000       0.0000      -390.63    
  4698.636106       1.0000       0.0000       103.06       178.23       0.0000      8.89737E-17   104.01       0.0000       0.0000       0.0000      -380.21    
  4698.982042       1.0000       0.0000       65.322       214.76       0.0000     -4.00774E-19   106.53       0.0000       0.0000       0.0000      -369.83    
  4698.982042       1.0000       0.0000       65.322       214.76       0.0000      2.01088E-21   106.53       0.0000       0.0000       0.0000      -369.82    
  4698.991021       1.0000       0.0000       63.877       216.24       0.0000     -1.82550E-20   106.56       0.0000       0.0000       0.0000      -369.53    
  4699.000000       1.0000       0.0000       62.434       217.72       0.0000     -1.36226E-16   106.59       0.0000       0.0000       0.0000      -369.25    
  4699.000000       1.0000       0.0000       62.434       217.72       0.0000      1.65209E-21   106.59       0.0000       0.0000       0.0000      -369.25    
  4699.007183       1.0000       0.0000       61.281       218.90       0.0000     -1.86138E-20   106.61       0.0000       0.0000       0.0000      -369.02    
  4699.014366       1.0000       0.0000       60.125       220.08       0.0000     -7.62404E-22   106.64       0.0000       0.0000       0.0000      -368.86    
  4699.028732       1.0000       0.0000       57.820       222.43       0.0000      3.49405E-20   106.68       0.0000       0.0000       0.0000      -368.54    
  4699.057465       1.0000       0.0000       53.242       227.11       0.0000     -8.29029E-17   106.75       0.0000       0.0000       0.0000      -367.92    
  4699.114930       1.0000       0.0000       44.327       236.30       0.0000      5.43723E-18   106.73       0.0000       0.0000       0.0000      -366.76    
  4699.229859       1.0000       0.0000       28.143       253.65       0.0000     -4.09698E-17   105.76       0.0000       0.0000       0.0000      -364.61    
  4699.459719       1.0000       0.0000      -2.1817       290.11       0.0000      4.57517E-19   99.723       0.0000       0.0000       0.0000      -360.85    
  4699.919438       1.0000       0.0000       138.84       202.75       0.0000     -1.65715E-16   31.023       0.0000       0.0000       0.0000      -349.90    
  4700.000000       1.0000       0.0000      -176.75       556.00       0.0000      9.42365E-21   16.967       0.0000       0.0000       0.0000      -349.62    
  4700.000000       1.0000       0.0000      -176.75       556.00       0.0000      1.82393E-21   16.967       0.0000       0.0000       0.0000      -349.62    
  4700.367775       1.0000       0.0000       305.95       147.06       0.0000      1.82393E-21  -98.285       0.0000       0.0000       0.0000      -336.97    
  4700.735550       1.0000       0.0000       520.73       0.0000       0.0000      8.30111E-17  -179.10       0.0000       0.0000       0.0000      -322.83    
  4701.000000       1.0000       0.0000       552.93       0.0000       0.0000     -2.33194E-17  -211.80       0.0000       0.0000       0.0000      -313.62    
  4701.000000       1.0000       0.0000       552.93       0.0000       0.0000     -1.55372E-17  -211.80       0.0000       0.0000       0.0000      -313.62    
  4701.294220       1.0000       0.0000       572.26       0.0000       0.0000     -5.16109E-18  -232.32       0.0000       0.0000       0.0000      -307.79    
  4701.588440       1.0000       0.0000       583.04       0.0000       0.0000     -1.81313E-17  -244.87       0.0000       0.0000       0.0000      -302.15    
  4701.848517       1.0000       0.0000       589.11       0.0000       0.0000      3.97222E-19  -253.04       0.0000       0.0000       0.0000      -297.00    
  4701.848517       1.0000       0.0000       589.11       0.0000       0.0000      6.47618E-28  -253.04       0.0000       0.0000       0.0000      -297.00    
  4701.924259       1.0000       0.0000       590.65       0.0000       0.0000     -1.45915E-18  -255.26       0.0000       0.0000       0.0000      -295.39    
  4702.000000       1.0000       0.0000       592.03       0.0000       0.0000     -1.62127E-19  -257.34       0.0000       0.0000       0.0000      -293.77    
  4702.000000       1.0000       0.0000       592.03       0.0000       0.0000     -4.43312E-21  -257.34       0.0000       0.0000       0.0000      -293.77    
  4702.060593       1.0000       0.0000       593.05       0.0000       0.0000      1.94110E-18  -258.95       0.0000       0.0000       0.0000      -292.45    
  4702.121186       1.0000       0.0000       593.99       0.0000       0.0000     -3.28688E-19  -260.50       0.0000       0.0000       0.0000      -291.12    
  4702.242372       1.0000       0.0000       595.71       0.0000       0.0000     -2.56206E-17  -263.47       0.0000       0.0000       0.0000      -288.46    
  4702.319484       1.0000       0.0000       596.74       0.0000       0.0000      2.57309E-17  -265.32       0.0000       0.0000       0.0000      -286.71    
  4702.319484       1.0000       0.0000       596.74       0.0000       0.0000      1.26662E-21  -265.32       0.0000       0.0000       0.0000      -290.11    
  4702.416433       1.0000       0.0000       598.29       0.0000       0.0000      6.16211E-18  -267.58       0.0000       0.0000       0.0000      -293.19    
  4702.513382       1.0000       0.0000       599.70       0.0000       0.0000      1.26662E-21  -269.83       0.0000       0.0000       0.0000      -296.78    
  4702.637131       1.0000       0.0000       601.35       0.0000       0.0000     -1.73881E-16  -272.66       0.0000       0.0000       0.0000      -300.71    
  4702.791387       1.0000       0.0000       603.33       0.0000       0.0000     -3.78396E-17  -276.17       0.0000       0.0000       0.0000      -304.72    
  4703.000000       1.0000       0.0000       605.88       0.0000       0.0000      4.77202E-20  -280.88       0.0000       0.0000       0.0000      -308.80    
