#      time         order        q_cool       q_equip      q_heat       q_light      q_loss       q_occ        qintw        ql_a         qventil      qwcb         qwind     
  4679.000000       1.0000       0.0000       0.0000      3.61683E-22   0.0000       0.0000       0.0000       144.92      -9.9469      -229.71       90.105       0.0000    
  4679.400000       1.0000       0.0000       0.0000      3.56716E-18   0.0000       0.0000       0.0000       148.86      -10.716      -227.92       85.058       0.0000    
  4679.800000       1.0000       0.0000       0.0000      3.24616E-19   0.0000       0.0000       0.0000       153.15      -11.444      -226.10       79.578       0.0000    
  4680.000000       1.0000       0.0000       0.0000      1.94556E-17   0.0000       0.0000       0.0000       155.36      -11.800      -225.18       76.760       0.0000    
  4680.000000       1.0000       0.0000       0.0000      7.96142E-21   0.0000       0.0000       0.0000       155.36      -11.797      -225.18       76.760       0.0000    
  4680.002746       1.0000       0.0000       0.0000     -5.33810E-21   0.0000       0.0000       0.0000       155.39      -11.802      -225.16       76.722       0.0000    
  4680.005491       1.0000       0.0000       0.0000     -1.11300E-18   0.0000       0.0000       0.0000       155.42      -11.807      -225.15       76.683       0.0000    
  4680.007168       1.0000       0.0000       0.0000      6.83114E-19   0.0000       0.0000       0.0000       155.44      -11.810      -225.14       76.660       0.0000    
  4680.007168       1.0000       0.0000       0.0000      5.64308E-22   0.0000       0.0000       0.0000       155.44      -11.810      -225.14       76.660       0.0000    
  4680.009364       1.0000       0.0000       0.0000     -2.12849E-20   0.0000       0.0000       0.0000       155.46      -11.813      -225.13       76.629       0.0000    
  4680.011560       1.0000       0.0000       0.0000     -4.28187E-19   0.0000       0.0000       0.0000       155.49      -11.815      -225.12       76.598       0.0000    
  4680.015953       1.0000       0.0000       0.0000     -1.07098E-19   0.0000       0.0000       0.0000       155.54      -11.821      -225.10       76.537       0.0000    
  4680.024739       1.0000       0.0000       0.0000     -1.30836E-17   0.0000       0.0000       0.0000       155.63      -11.831      -225.06       76.413       0.0000    
  4680.042311       1.0000       0.0000       0.0000      1.02501E-17   0.0000       0.0000       0.0000       155.83      -11.852      -224.98       76.164       0.0000    
  4680.077454       1.0000       0.0000       0.0000     -2.09037E-17   0.0000       0.0000       0.0000       156.21      -11.894      -224.82       75.664       0.0000    
  4680.147740       1.0000       0.0000       0.0000     -2.02095E-19   0.0000       0.0000       0.0000       156.99      -11.977      -224.50       74.647       0.0000    
  4680.288312       1.0000       0.0000       0.0000     -3.03425E-19   0.0000       0.0000       0.0000       158.57      -12.140      -223.85       72.570       0.0000    
  4680.569457       1.0000       0.0000       0.0000     -5.06084E-19   0.0000       0.0000       0.0000       161.88      -12.646      -222.52       68.327       0.0000    
  4680.676996       1.0000       0.0000       0.0000     -8.35928E-17   0.0000       0.0000       0.0000       163.20      -12.835      -222.01       66.718       0.0000    
  4680.676996       1.0000       0.0000       0.0000      7.13417E-19   0.0000       0.0000       0.0000       163.20      -12.835      -222.01       66.718       0.0000    
  4680.726040       1.0000       0.0000       0.0000     -9.66274E-18   0.0000       0.0000       0.0000       163.77      -12.920      -221.78       65.973       0.0000    
  4680.775084       1.0000       0.0000       0.0000      4.22180E-17   0.0000       0.0000       0.0000       164.35      -13.003      -221.55       65.227       0.0000    
  4680.873172       1.0000       0.0000       0.0000      5.61026E-16   0.0000       0.0000       0.0000       165.55      -13.162      -221.08       63.734       0.0000    
  4681.000000       1.0000       0.0000       0.0000      5.67770E-16   0.0000       0.0000       0.0000       167.09      -13.360      -220.47       61.787       0.0000    
  4681.000000       1.0000       0.0000       0.0000      3.21015E-17   0.0000       0.0000       0.0000       167.09      -13.360      -220.47       61.787       0.0000    
  4681.078470       1.0000       0.0000       0.0000     -9.40314E-18   0.0000       0.0000       0.0000       168.01      -13.442      -220.10       60.566       0.0000    
  4681.156941       1.0000       0.0000       0.0000      5.30157E-16   0.0000       0.0000       0.0000       168.93      -13.519      -219.73       59.344       0.0000    
  4681.313881       1.0000       0.0000       0.0000     -5.09078E-17   0.0000       0.0000       0.0000       170.76      -13.667      -218.98       56.887       0.0000    
  4681.627763       1.0000       0.0000       0.0000     -4.65954E-16   0.0000       0.0000       0.0000       174.47      -13.946      -217.48       51.955       0.0000    
  4682.000000       1.0000       0.0000       0.0000     -9.63756E-19   0.0000       0.0000       0.0000       178.70      -14.255      -215.70       46.242       0.0000    
  4682.000000       1.0000       0.0000       0.0000      1.40901E-21   0.0000       0.0000       0.0000       178.70      -14.255      -215.70       46.242       0.0000    
  4682.251105       1.0000       0.0000       0.0000     -1.03747E-17   0.0000       0.0000       0.0000       181.52      -14.456      -214.51       42.422       0.0000    
  4682.502210       1.0000       0.0000       0.0000     -9.71355E-19   0.0000       0.0000       0.0000       184.33      -14.651      -213.30       38.561       0.0000    
  4683.000000       1.0000       0.0000       0.0000     -6.53393E-17   0.0000       0.0000       0.0000       189.90      -15.023      -210.86       30.820       0.0000    
  4683.000000       1.0000       0.0000       0.0000     -7.07216E-21   0.0000       0.0000       0.0000       189.90      -15.023      -210.86       30.820       0.0000    
  4683.200884       1.0000       0.0000       0.0000     -1.95260E-18   0.0000       0.0000       0.0000       192.11      -15.080      -209.87       27.676       0.0000    
  4683.401768       1.0000       0.0000       0.0000      1.95587E-19   0.0000       0.0000       0.0000       194.30      -15.139      -208.88       24.524       0.0000    
  4683.803536       1.0000       0.0000       0.0000     -4.53892E-21   0.0000       0.0000       0.0000       198.63      -15.270      -206.87       18.240       0.0000    
  4684.000000       1.0000       0.0000       0.0000     -9.78151E-27   0.0000       0.0000       0.0000       200.73      -15.337      -205.88       15.178       0.0000    
  4684.000000       1.0000       0.0000       0.0000     -9.78151E-27   0.0000       0.0000       0.0000       200.73      -15.337      -205.88       15.178       0.0000    
  4684.006428       1.0000       0.0000       0.0000      2.21658E-21   0.0000       0.0000       0.0000       200.80      -15.339      -205.85       15.078       0.0000    
  4684.012857       1.0000       0.0000       0.0000      1.68213E-22   0.0000       0.0000       0.0000       200.87      -15.329      -205.81       14.978       0.0000    
  4684.023268       1.0000       0.0000       0.0000     -4.36813E-20   0.0000       0.0000       0.0000       200.98      -15.312      -205.76       14.815       0.0000    
  4684.035190       1.0000       0.0000       0.0000      2.74406E-27   0.0000       0.0000       0.0000       201.10      -15.293      -205.70       14.628       0.0000    
  4684.052835       1.0000       0.0000       0.0000      2.41192E-20   0.0000       0.0000       0.0000       201.28      -15.265      -205.62       14.351       0.0000    
  4684.076866       1.0000       0.0000       0.0000     -2.29388E-18   0.0000       0.0000       0.0000       201.53      -15.226      -205.50       13.972       0.0000    
  4684.097768       1.0000       0.0000       0.0000      3.91557E-19   0.0000       0.0000       0.0000       201.74      -15.194      -205.39       13.642       0.0000    
  4684.120418       1.0000       0.0000       0.0000      5.89389E-20   0.0000       0.0000       0.0000       201.96      -15.159      -205.28       13.284       0.0000    
  4684.139272       1.0000       0.0000       0.0000      1.06326E-19   0.0000       0.0000       0.0000       202.15      -15.130      -205.19       12.985       0.0000    
  4684.157925       1.0000       0.0000       0.0000     -4.95302E-19   0.0000       0.0000       0.0000       202.33      -15.101      -205.10       12.690       0.0000    
  4684.175121       1.0000       0.0000       0.0000     -7.25686E-19   0.0000       0.0000       0.0000       202.50      -15.075      -205.01       12.417       0.0000    
  4684.192204       1.0000       0.0000       0.0000     -6.30307E-19   0.0000       0.0000       0.0000       202.66      -15.050      -204.93       12.147       0.0000    
  4684.208820       1.0000       0.0000       0.0000     -2.13280E-19   0.0000       0.0000       0.0000       202.82      -15.025      -204.85       11.883       0.0000    
  4684.225481       1.0000       0.0000       0.0000      4.27250E-20   0.0000       0.0000       0.0000       202.98      -15.001      -204.77       11.619       0.0000    
  4684.242637       1.0000       0.0000       0.0000      4.68474E-19   0.0000       0.0000       0.0000       203.15      -14.976      -204.68       11.347       0.0000    
  4684.261190       1.0000       0.0000       0.0000     -4.38700E-20   0.0000       0.0000       0.0000       203.32      -14.949      -204.59       11.054       0.0000    
  4684.281348       1.0000       0.0000       0.0000     -4.38423E-19   0.0000       0.0000       0.0000       203.51      -14.921      -204.49       10.734       0.0000    
  4684.303612       1.0000       0.0000       0.0000     -1.44606E-19   0.0000       0.0000       0.0000       203.73      -14.889      -204.38       10.382       0.0000    
  4684.328532       1.0000       0.0000       0.0000      1.84255E-19   0.0000       0.0000       0.0000       203.96      -14.855      -204.26       9.9882       0.0000    
  4684.356755       1.0000       0.0000       0.0000     -1.07263E-20   0.0000       0.0000       0.0000       204.23      -14.816      -204.12       9.5426       0.0000    
  4684.389259       1.0000       0.0000       0.0000     -2.35280E-19   0.0000       0.0000       0.0000       204.53      -14.772      -203.96       9.0302       0.0000    
  4684.427362       1.0000       0.0000       0.0000      1.49995E-19   0.0000       0.0000       0.0000       204.89      -14.721      -203.78       8.4308       0.0000    
  4684.473142       1.0000       0.0000       0.0000     -3.27817E-18   0.0000       0.0000       0.0000       205.32      -14.662      -203.55       7.7127       0.0000    
  4684.529739       1.0000       0.0000       0.0000     -1.03132E-18   0.0000       0.0000       0.0000       205.84      -14.590      -203.27       6.8283       0.0000    
  4684.602619       1.0000       0.0000       0.0000     -8.51424E-18   0.0000       0.0000       0.0000       206.51      -14.500      -202.91       5.6961       0.0000    
  4684.602619       1.0000       0.0000       0.0000      1.08888E-21   0.0000       0.0000       0.0000       206.51      -14.500      -202.91       5.6961       0.0000    
  4684.610948       1.0000       0.0000       0.0000     -1.15773E-20   0.0000       0.0000       0.0000       206.59      -14.489      -202.87       5.5668       0.0000    
  4684.619277       1.0000       0.0000       0.0000     -1.48339E-18   0.0000       0.0000       0.0000       206.67      -14.479      -202.83       5.4376       0.0000    
  4684.635936       1.0000       0.0000       0.0000     -2.92767E-19   0.0000       0.0000       0.0000       206.82      -14.459      -202.75       5.1795       0.0000    
  4684.669253       1.0000       0.0000       0.0000      1.42950E-19   0.0000       0.0000       0.0000       207.12      -14.419      -202.59       4.6648       0.0000    
  4684.735888       1.0000       0.0000       0.0000      3.71840E-25   0.0000       0.0000       0.0000       207.73      -14.341      -202.26       3.6415       0.0000    
  4684.869156       1.0000       0.0000      0.96189     -1.23772E-19   1.1531       0.0000       1.1250       207.35      -14.196      -201.72       1.0566       0.0000    
  4685.000000       1.0000       0.0000       2.7818      7.89626E-20   3.3347       0.0000       3.2542       205.25      -14.067      -201.36      -2.0820       0.0000    
  4685.000000       1.0000       0.0000       2.7818     -2.10111E-21   3.3347       0.0000       3.2537       205.25      -14.067      -201.36      -2.0819       0.0000    
  4685.106615       1.0000       0.0000       7.2305     -2.10111E-21   8.6677       0.0000       8.4585       198.55      -13.742      -201.49      -6.4354       0.0000    
  4685.213230       1.0000       0.0000       12.047     -2.10111E-21   14.442       0.0000       14.097       190.15      -13.424      -201.90      -11.425       0.0000    
  4685.426460       1.0000       0.0000       27.612     -3.12334E-20   33.101       0.0000       32.337       161.14      -12.890      -204.14      -26.090       0.0000    
  4685.756670       1.0000       0.0000       64.120      1.85278E-17   76.866       0.0000       75.250       92.324      -12.316      -211.72      -60.337       0.0000    
  4686.000000       1.0000       0.0000       100.14     -2.20777E-18   120.05       0.0000       117.76       24.664      -12.048      -220.18      -93.796       0.0000    
  4686.000000       1.0000       0.0000       100.14      2.64793E-22   120.05       0.0000       117.76       24.664      -12.048      -220.18      -93.796       0.0000    
  4686.034117       1.0000       0.0000       105.36     -1.86058E-02   126.31       0.0000       123.93       14.840      -11.875      -221.43      -98.654       0.0000    
  4686.068234       1.0000       0.0000       110.58       1027.6       132.56       0.0000       130.11      -347.47      -12.177      -239.74      -235.68       0.0000    
  4686.077918       1.0000       0.0000       112.06       1464.1       134.34       0.0000       131.87      -498.53      -12.324      -247.02      -292.56       0.0000    
  4686.097287       1.0000       0.0000       115.03       1593.7       137.89       0.0000       135.38      -594.01      -12.613      -261.35      -332.74       0.0000    
  4686.136024       1.0000       0.0000       120.96       866.24       145.00       0.0000       142.41      -449.03      -12.714      -270.89      -282.30       0.0000    
  4686.181668       1.0000       0.0000       127.94       306.64       153.37       0.0000       150.70      -287.37      -12.502      -268.45      -226.62       0.0000    
  4686.195836       1.0000       0.0000       130.11       189.97       155.97       0.0000       153.27      -248.28      -12.414      -266.94      -213.50       0.0000    
  4686.224172       1.0000       0.0000       133.77       159.03       160.36       0.0000       157.63      -226.17      -12.247      -264.25      -207.35       0.0000    
  4686.280845       1.0000       0.0000       140.86       246.04       168.86       0.0000       166.08      -247.05      -12.041      -263.28      -217.55       0.0000    
  4686.388561       1.0000       0.0000       154.35       238.08       185.03       0.0000       182.16      -253.55      -11.713      -263.89      -224.52       0.0000    
  4686.420903       1.0000       0.0000       157.81       223.59       189.18       0.0000       186.30      -251.49      -11.613      -264.03      -225.16       0.0000    
  4686.485587       1.0000       0.0000       164.11       191.06       196.73       0.0000       193.84      -244.49      -11.401      -264.04      -225.42       0.0000    
  4686.511461       1.0000       0.0000       166.63       179.00       199.75       0.0000       196.86      -241.87      -11.314      -264.03      -225.59       0.0000    
  4686.563209       1.0000       0.0000       171.67       158.36       205.79       0.0000       202.90      -237.64      -11.140      -264.00      -226.29       0.0000    
  4686.666703       1.0000       0.0000       179.89       123.65       215.65       0.0000       212.78      -229.62      -10.783      -263.98      -227.79       0.0000    
  4686.708101       1.0000       0.0000       182.77       110.99       219.10       0.0000       216.25      -226.39      -10.638      -263.97      -228.38       0.0000    
  4686.790897       1.0000       0.0000       188.53       86.642       226.00       0.0000       223.20      -220.43      -10.344      -263.97      -229.68       0.0000    
  4686.956489       1.0000       0.0000       195.69       52.740       234.59       0.0000       231.92      -209.35      -9.7289      -263.94      -232.14       0.0000    
  4686.956723       1.0000       0.0000       195.70       52.691       234.60       0.0000       231.93      -209.34      -9.7281      -254.25      -232.14       0.0000    
  4686.956723       1.0000       0.0000       195.70       52.691       234.60       0.0000       231.93      -209.34      -9.8717      -263.25      -232.14       0.0000    
  4686.964715       1.0000       0.0000       196.03       51.007       235.00       0.0000       232.34      -208.83      -10.029      -263.23      -232.26       0.0000    
  4686.972707       1.0000       0.0000       196.37       49.341       235.40       0.0000       232.74      -208.32      -10.021      -263.24      -232.38       0.0000    
  4686.988690       1.0000       0.0000       197.03       46.170       236.20       0.0000       233.55      -207.34      -9.9935      -263.24      -232.62       0.0000    
  4687.000000       1.0000       0.0000       197.51       44.010       236.77       0.0000       234.12      -206.67      -9.9734      -263.24      -232.80       0.0000    
  4687.000000       1.0000       0.0000       197.51       44.007       236.77       0.0000       234.12      -206.67      -9.9734      -263.24      -232.80       0.0000    
  4687.012787       1.0000       0.0000       197.68       41.910       236.98       0.0000       234.34      -205.63      -9.9479      -263.23      -232.90       0.0000    
  4687.025574       1.0000       0.0000       197.86       40.235       237.19       0.0000       234.56      -204.70      -9.9194      -263.22      -233.03       0.0000    
  4687.051147       1.0000       0.0000       198.22       38.117       237.62       0.0000       235.00      -203.21      -9.8600      -263.20      -233.42       0.0000    
  4687.102294       1.0000       0.0000       198.93       34.439       238.47       0.0000       235.87      -200.54      -9.7302      -263.20      -234.32       0.0000    
  4687.105939       1.0000       0.0000       198.98       34.164       238.53       0.0000       235.93      -200.35      -9.7207      -263.20      -234.38       0.0000    
  4687.113229       1.0000       0.0000       199.08       33.636       238.65       0.0000       236.06      -199.97      -9.7013      -263.20      -234.51       0.0000    
  4687.127808       1.0000       0.0000       199.28       32.509       238.90       0.0000       236.30      -199.21      -9.6614      -263.20      -234.76       0.0000    
  4687.133640       1.0000       0.0000       199.36       32.042       238.99       0.0000       236.40      -198.90      -9.6451      -263.20      -234.86       0.0000    
  4687.145304       1.0000       0.0000       199.53       31.033       239.19       0.0000       236.60      -198.27      -9.6120      -263.20      -235.05       0.0000    
  4687.168631       1.0000       0.0000       199.85       28.821       239.58       0.0000       236.99      -196.94      -9.5430      -263.20      -235.41       0.0000    
  4687.214715       1.0000       0.0000       200.29       24.907       240.10       0.0000       237.52      -194.24      -9.3968      -263.20      -236.06       0.0000    
  4687.262542       1.0000       0.0000       200.29       22.346       240.10       0.0000       237.52      -191.41      -9.2335      -263.19      -236.69       0.0000    
  4687.321423       1.0000       0.0000       200.29       19.952       240.10       0.0000       237.52      -188.21      -9.0187      -263.18      -237.53       0.0000    
  4687.385193       1.0000       0.0000       200.29       17.307       240.10       0.0000       237.51      -184.82      -8.7727      -263.18      -238.42       0.0000    
  4687.463568       1.0000       0.0000       200.29       13.943       240.10       0.0000       237.48      -180.72      -8.4564      -263.18      -239.45       0.0000    
  4687.567531       1.0000       0.0000       200.29       9.5564       240.10       0.0000       237.43      -175.46      -8.0212      -263.17      -240.72       0.0000    
  4687.691333       1.0000       0.0000       200.29       4.4890       240.10       0.0000       237.34      -169.47      -7.4845      -263.17      -242.10       0.0000    
  4687.848171       1.0000       0.0000       200.29     -0.18582       240.10       0.0000       237.20      -163.02      -6.7773      -263.23      -243.88       0.0000    
  4687.980100       1.0000       0.0000       200.29     -9.89547E-24   240.10       0.0000       237.07      -159.76      -6.1654      -263.49      -245.95       0.0000    
  4688.000000       1.0000       0.0000       200.29      1.39328E-20   240.10       0.0000       237.05      -159.28      -6.0722      -263.53      -246.27       0.0000    
  4688.000000       1.0000       0.0000       200.29     -1.16272E-22   240.10       0.0000       237.05      -159.28      -6.0722      -263.53      -246.27       0.0000    
  4688.040918       1.0000       0.0000       200.29     -7.42160E-24   240.10       0.0000       237.01      -158.36      -5.8944      -263.63      -246.91       0.0000    
  4688.081835       1.0000       0.0000       200.29      1.01429E-22   240.10       0.0000       236.97      -157.50      -5.7184      -263.74      -247.56       0.0000    
  4688.163671       1.0000       0.0000       200.29      3.19129E-22   240.10       0.0000       236.87      -155.95      -5.3618      -263.99      -248.81       0.0000    
  4688.163671       1.0000       0.0000       200.29     -6.37021E-23   240.10       0.0000       236.87      -155.95      -5.3618      -263.99      -248.81       0.0000    
  4688.196405       1.0000       0.0000       200.29     -7.66342E-21   240.10       0.0000       236.84      -155.36      -5.2180      -264.09      -249.30       0.0000    
  4688.229139       1.0000       0.0000       200.29     -3.40775E-22   240.10       0.0000       236.80      -154.79      -5.0733      -264.19      -249.79       0.0000    
  4688.294607       1.0000       0.0000       200.29      2.16964E-19   240.10       0.0000       236.72      -153.73      -4.7804      -264.40      -250.73       0.0000    
  4688.381898       1.0000       0.0000       200.29      4.92467E-18   240.10       0.0000       236.62      -152.43      -4.3841      -264.70      -251.90       0.0000    
  4688.381898       1.0000       0.0000       200.29     -3.47783E-20   240.10       0.0000       236.62      -152.43      -4.3841      -264.70      -251.90       0.0000    
  4688.434272       1.0000       0.0000       200.29     -5.60634E-24   240.10       0.0000       236.55      -151.70      -4.1436      -264.88      -252.58       0.0000    
  4688.486647       1.0000       0.0000       200.29     -5.60634E-24   240.10       0.0000       236.49      -151.01      -3.9011      -265.06      -253.23       0.0000    
  4688.591396       1.0000       0.0000       200.29     -2.43197E-19   240.10       0.0000       236.36      -149.76      -3.4096      -265.43      -254.40       0.0000    
  4688.800894       1.0000       0.0000       200.29     -9.11972E-19   240.10       0.0000       236.10      -147.79      -2.4086      -266.19      -256.26       0.0000    
  4689.000000       1.0000       0.0000       200.29     -8.84260E-20   240.10       0.0000       235.86      -146.38      -1.4434      -266.92      -257.59       0.0000    
  4689.000000       1.0000       0.0000       200.29      8.56424E-24   240.10       0.0000       235.86      -146.38      -1.4434      -266.92      -257.59       0.0000    
  4689.108008       1.0000       0.0000       200.29      3.82507E-23   240.10       0.0000       235.73      -145.72     -0.96692      -267.32      -258.18       0.0000    
  4689.216015       1.0000       0.0000       200.29     -5.08086E-23   240.10       0.0000       235.60      -145.19     -0.49412      -267.73      -258.64       0.0000    
  4689.234810       1.0000       0.0000       200.29     -3.86617E-21   240.10       0.0000       235.58      -145.10     -0.41169      -267.80      -258.71       0.0000    
  4689.272400       1.0000       0.0000       200.29     -9.25606E-20   240.10       0.0000       235.54      -144.93     -0.24679      -267.94      -258.85       0.0000    
  4689.272400       1.0000       0.0000       200.29      5.81281E-19   240.10       0.0000       235.54      -144.93     -0.24679      -267.94      -258.85       0.0000    
  4689.358806       1.0000       0.0000       200.29      1.65298E-24   240.10       0.0000       235.44      -144.64      0.15544      -268.26      -259.08       0.0000    
  4689.445212       1.0000       0.0000       200.29      1.00608E-22   240.10       0.0000       235.35      -144.42      0.55078      -268.59      -259.24       0.0000    
  4689.618024       1.0000       0.0000       200.29      2.91859E-18   240.10       0.0000       235.18      -144.28       1.3320      -269.27      -259.25       0.0000    
  4689.914416       1.0000       0.0000       200.29     -5.06489E-19   240.10       0.0000       234.92      -144.84       2.6615      -270.45      -258.41       0.0000    
  4690.000000       1.0000       0.0000       200.29      5.31108E-19   240.10       0.0000       234.85      -145.08       3.0446      -270.80      -258.11       0.0000    
  4690.000000       1.0000       0.0000       200.29      6.88482E-24   240.10       0.0000       234.85      -145.08       3.0446      -270.80      -258.11       0.0000    
  4690.138250       1.0000       0.0000       200.29     -4.30582E-20   240.10       0.0000       234.74      -145.59       3.4798      -271.36      -257.41       0.0000    
  4690.276499       1.0000       0.0000       200.29     -7.59284E-21   240.10       0.0000       234.64      -146.22       3.9014      -271.92      -256.53       0.0000    
  4690.552998       1.0000       0.0000       200.29      6.97330E-21   240.10       0.0000       234.46      -148.03       4.7323      -273.06      -254.13       0.0000    
  4690.888597       1.0000       0.0000       200.29      3.91571E-18   240.10       0.0000       234.28      -150.98       5.7245      -274.49      -250.40       0.0000    
  4690.888597       1.0000       0.0000       200.29      8.50340E-21   240.10       0.0000       234.28      -150.98       5.7245      -274.49      -250.40       0.0000    
  4690.944298       1.0000       0.0000       200.29      3.13026E-20   240.10       0.0000       234.25      -151.49       5.8888      -274.73      -249.76       0.0000    
  4691.000000       1.0000       0.0000       200.29      1.36728E-17   240.10       0.0000       234.22      -152.03       6.0527      -274.97      -249.09       0.0000    
  4691.000000       1.0000       0.0000       200.29     -2.10387E-21   240.10       0.0000       234.22      -152.03       6.0527      -274.97      -249.09       0.0000    
  4691.044561       1.0000       0.0000       200.29     -1.94554E-21   240.10       0.0000       234.20      -152.46       6.1629      -275.17      -248.55       0.0000    
  4691.089123       1.0000       0.0000       200.29     -9.72943E-18   240.10       0.0000       234.18      -152.91       6.2688      -275.36      -247.98       0.0000    
  4691.178245       1.0000       0.0000       200.29     -3.66257E-19   240.10       0.0000       234.14      -153.84       6.4791      -275.75      -246.81       0.0000    
  4691.356490       1.0000       0.0000       200.29     -6.76966E-18   240.10       0.0000       234.06      -155.87       6.8954      -276.54      -244.25       0.0000    
  4691.712980       1.0000       0.0000       200.29      1.43622E-20   240.10       0.0000       233.92      -160.53       7.7122      -278.18      -238.46       0.0000    
  4692.000000       1.0000       0.0000       200.29     -1.38365E-18   240.10       0.0000       233.83      -164.64       8.3620      -279.54      -233.41       0.0000    
  4692.000000       1.0000       0.0000       200.29     -3.01671E-23   240.10       0.0000       233.83      -164.64       8.3620      -279.54      -233.41       0.0000    
  4692.285192       1.0000       0.0000       200.29      5.70399E-24   240.10       0.0000       233.75      -168.92       8.7668      -280.90      -228.02       0.0000    
  4692.570384       1.0000       0.0000       200.29     -1.68319E-26   240.10       0.0000       233.67      -173.42       9.1586      -282.30      -222.34       0.0000    
  4693.000000       1.0000       0.0000       200.29     -8.63473E-24   240.10       0.0000       233.58      -180.58       9.7374      -284.48      -213.30       0.0000    
  4693.000000       1.0000       0.0000       200.29     -8.63473E-24   240.10       0.0000       233.58      -180.58       9.7374      -284.48      -213.30       0.0000    
  4693.228154       1.0000       0.0000       200.29     -3.05499E-22   240.10       0.0000       233.53      -184.37       9.7328      -285.63      -208.35       0.0000    
  4693.456307       1.0000       0.0000       200.29     -5.88669E-20   240.10       0.0000       233.49      -188.16       9.7142      -286.78      -203.30       0.0000    
  4693.912615       1.0000       0.0000       200.29      6.40363E-21   240.10       0.0000       233.43      -195.73       9.6677      -289.15      -193.13       0.0000    
  4694.000000       1.0000       0.0000       200.29      1.89033E-20   240.10       0.0000       233.42      -197.18       9.6585      -289.61      -191.18       0.0000    
  4694.000000       1.0000       0.0000       200.29     -1.68284E-23   240.10       0.0000       233.42      -197.18       9.6585      -289.61      -191.18       0.0000    
  4694.365046       1.0000       0.0000       200.29      8.63869E-22   240.10       0.0000       233.39      -202.85       9.0140      -291.49      -183.04       0.0000    
  4694.730092       1.0000       0.0000       200.29      6.25423E-20   240.10       0.0000       233.38      -208.19       8.3572      -293.37      -175.13       0.0000    
  4695.000000       1.0000       0.0000       200.29      1.08146E-19   240.10       0.0000       233.37      -211.95       7.8707      -294.77      -169.46       0.0000    
  4695.000000       1.0000       0.0000       200.29     -8.78855E-23   240.10       0.0000       233.37      -211.95       7.8706      -294.77      -169.46       0.0000    
  4695.292037       1.0000       0.0000       200.29      2.02571E-19   240.10       0.0000       233.38      -215.69       7.1797      -296.27      -163.57       0.0000    
  4695.584073       1.0000       0.0000       200.29      2.01780E-20   240.10       0.0000       233.40      -219.11       6.4827      -297.77      -157.98       0.0000    
  4696.000000       1.0000       0.0000       197.51     -8.07037E-19   236.77       0.0000       230.18      -218.28       5.5082      -299.26      -148.66       0.0000    
  4696.000000       1.0000       0.0000       197.51      1.16299E-22   236.77       0.0000       230.18      -218.28       5.5070      -299.26      -148.66       0.0000    
  4696.026105       1.0000       0.0000       196.42     -3.68356E-21   235.46       0.0000       228.92      -217.16       5.4371      -299.31      -147.68       0.0000    
  4696.052211       1.0000       0.0000       195.33      6.76606E-21   234.15       0.0000       227.65      -215.90       5.3647      -299.33      -146.63       0.0000    
  4696.104422       1.0000       0.0000       193.15     -3.76273E-21   231.54       0.0000       225.11      -212.95       5.2242      -299.25      -144.37       0.0000    
  4696.104422       1.0000       0.0000       193.15     -2.29157E-24   231.54       0.0000       225.11      -212.95       5.2244      -299.25      -144.37       0.0000    
  4696.125306       1.0000       0.0000       192.28     -3.80215E-21   230.50       0.0000       224.09      -211.72       5.1688      -299.21      -143.43       0.0000    
  4696.146190       1.0000       0.0000       191.41      1.16656E-17   229.45       0.0000       223.08      -210.43       5.1138      -299.15      -142.48       0.0000    
  4696.187959       1.0000       0.0000       189.66      6.58620E-20   227.36       0.0000       221.05      -207.70       5.0056      -298.98      -140.49       0.0000    
  4696.271496       1.0000       0.0000       184.19      6.69789E-18   220.80       0.0000       214.67      -199.07       4.8025      -298.34      -135.29       0.0000    
  4696.438571       1.0000       0.0000       171.50      1.01307E-20   205.59       0.0000       199.86      -176.77       4.4392      -296.10      -122.67       0.0000    
  4696.772720       1.0000       0.0000       134.16     -1.20684E-17   160.83       0.0000       156.29      -107.65       3.9010      -287.62      -86.654       0.0000    
  4697.000000       1.0000       0.0000       100.14     -3.21911E-19   120.05       0.0000       116.61      -44.427       3.6498      -279.36      -54.960       0.0000    
  4697.000000       1.0000       0.0000       100.14      1.27193E-22   120.05       0.0000       116.61      -44.427       3.6495      -279.36      -54.960       0.0000    
  4697.005541       1.0000       0.0000       99.296      1.27193E-22   119.03       0.0000       115.62      -42.865       3.6435      -279.15      -54.179       0.0000    
  4697.011082       1.0000       0.0000       98.448      1.27193E-22   118.02       0.0000       114.64      -41.298       3.6319      -278.95      -53.395       0.0000    
  4697.015515       1.0000       0.0000       97.770      1.27193E-22   117.20       0.0000       113.84      -40.041       3.6212      -278.78      -52.766       0.0000    
  4697.020776       1.0000       0.0000       96.965      1.27193E-22   116.24       0.0000       112.91      -38.545       3.6085      -278.59      -52.018       0.0000    
  4697.026265       1.0000       0.0000       96.125      1.27193E-22   115.23       0.0000       111.93      -36.980       3.5954      -278.38      -51.234       0.0000    
  4697.032897       1.0000       0.0000       95.111      1.27193E-22   114.02       0.0000       110.74      -35.083       3.5796      -278.13      -50.284       0.0000    
  4697.040929       1.0000       0.0000       93.882      8.99354E-21   112.54       0.0000       109.31      -32.776       3.5606      -277.82      -49.129       0.0000    
  4697.052241       1.0000       0.0000       92.151     -2.65362E-18   110.47       0.0000       107.29      -29.512       3.5341      -277.38      -47.494       0.0000    
  4697.066492       1.0000       0.0000       89.971     -2.45952E-20   107.85       0.0000       104.75      -25.377       3.5011      -276.82      -45.419       0.0000    
  4697.083985       1.0000       0.0000       87.294      5.12118E-20   104.65       0.0000       101.63      -20.270       3.4611      -276.12      -42.854       0.0000    
  4697.099706       1.0000       0.0000       84.889     -4.27874E-20   101.76       0.0000       98.829      -15.658       3.4256      -275.48      -40.535       0.0000    
  4697.117629       1.0000       0.0000       82.147      1.21788E-20   98.476       0.0000       95.633      -10.377       3.3856      -274.74      -37.876       0.0000    
  4697.135957       1.0000       0.0000       79.343     -1.26739E-20   95.114       0.0000       92.364      -4.9529       3.3452      -273.98      -35.141       0.0000    
  4697.156831       1.0000       0.0000       76.149     -4.09779E-20   91.286       0.0000       88.642       1.2491       3.2997      -273.10      -32.010       0.0000    
  4697.179759       1.0000       0.0000       72.641      1.91301E-20   87.081       0.0000       84.554       8.0878       3.2503      -272.12      -28.551       0.0000    
  4697.185046       1.0000       0.0000       71.832      6.97948E-28   86.111       0.0000       83.612       9.6798       3.2391      -271.89      -27.750       0.0000    
  4697.195621       1.0000       0.0000       70.214     -2.25065E-20   84.171       0.0000       81.726       12.870       3.2167      -271.43      -26.147       0.0000    
  4697.216771       1.0000       0.0000       67.445      6.46713E-24   80.851       0.0000       78.499       19.408       3.1711      -270.55      -23.110       0.0000    
  4697.246176       1.0000       0.0000       63.764     -1.03205E-21   76.439       0.0000       74.210       28.203       3.1065      -269.35      -19.030       0.0000    
  4697.283119       1.0000       0.0000       59.139      2.35788E-19   70.895       0.0000       68.821       39.017       3.0236      -267.92      -14.012       0.0000    
  4697.329024       1.0000       0.0000       53.393      1.20458E-21   64.006       0.0000       62.127       52.166       2.9186      -266.19      -7.9033       0.0000    
  4697.386985       1.0000       0.0000       46.138      3.71258E-19   55.309       0.0000       53.677       68.425       2.7840      -264.10     -0.33135       0.0000    
  4697.462944       1.0000       0.0000       38.380     -1.02851E-18   46.009       0.0000       44.643       86.724       2.5988      -261.61       8.8170       0.0000    
  4697.567792       1.0000       0.0000       28.172      3.45211E-19   33.772       0.0000       32.761       109.61       2.3311      -258.52       20.821       0.0000    
  4697.567792       1.0000       0.0000       28.172      1.91156E-20   33.772       0.0000       32.761       109.61       2.3310      -258.52       20.821       0.0000    
  4697.571338       1.0000       0.0000       27.826     -7.60219E-21   33.358       0.0000       32.359       110.39       2.3228      -258.42       21.232       0.0000    
  4697.574885       1.0000       0.0000       27.481     -3.66174E-19   32.944       0.0000       31.957       111.17       2.3149      -258.32       21.642       0.0000    
  4697.581978       1.0000       0.0000       26.791      2.19976E-18   32.116       0.0000       31.153       112.71       2.2990      -258.11       22.460       0.0000    
  4697.596165       1.0000       0.0000       25.409      8.00041E-18   30.460       0.0000       29.546       115.78       2.2673      -257.70       24.090       0.0000    
  4697.624538       1.0000       0.0000       23.329     -1.47486E-18   27.967       0.0000       27.126       120.95       2.2016      -256.94       27.011       0.0000    
  4697.681285       1.0000       0.0000       19.383      1.37060E-18   23.236       0.0000       22.534       130.19       2.0645      -255.56       32.502       0.0000    
  4697.794779       1.0000       0.0000       11.490      3.41470E-19   13.774       0.0000       13.356       146.41       1.7765      -253.05       42.982       0.0000    
  4698.000000       1.0000       0.0000       2.7818      1.82196E-17   3.3347       0.0000       3.2327       163.11       1.2043      -249.54       57.803       0.0000    
  4698.000000       1.0000       0.0000       2.7818      6.23719E-20   3.3347       0.0000       3.2327       163.11       1.2037      -249.54       57.803       0.0000    
  4698.090795       1.0000       0.0000       1.5189     -2.66081E-20   1.8208       0.0000       1.7650       166.07       1.0130      -248.37       62.647       0.0000    
  4698.181590       1.0000       0.0000      0.25607     -3.20309E-20  0.30697       0.0000      0.29755       167.88      0.81873      -247.43       66.948       0.0000    
  4698.363179       1.0000       0.0000       0.0000     -4.28763E-20   0.0000       0.0000       0.0000       166.00      0.39089      -246.25       72.965       0.0000    
  4698.636106       1.0000       0.0000       0.0000     -1.56234E-17   0.0000       0.0000       0.0000       160.67     -0.29903      -245.03       79.949       0.0000    
  4698.982042       1.0000       0.0000       0.0000     -3.52284E-19   0.0000       0.0000       0.0000       154.01      -1.2135      -243.75       87.039       0.0000    
  4698.982042       1.0000       0.0000       0.0000     -2.69677E-21   0.0000       0.0000       0.0000       154.01      -1.2132      -243.75       87.039       0.0000    
  4698.991021       1.0000       0.0000       0.0000      3.78351E-20   0.0000       0.0000       0.0000       153.83      -1.2367      -243.72       87.223       0.0000    
  4699.000000       1.0000       0.0000       0.0000     -1.02978E-17   0.0000       0.0000       0.0000       153.66      -1.2602      -243.68       87.405       0.0000    
  4699.000000       1.0000       0.0000       0.0000      3.94979E-21   0.0000       0.0000       0.0000       153.66      -1.2602      -243.68       87.405       0.0000    
  4699.007183       1.0000       0.0000       0.0000     -6.69809E-20   0.0000       0.0000       0.0000       153.52      -1.2789      -243.66       87.550       0.0000    
  4699.014366       1.0000       0.0000       0.0000     -1.66726E-22   0.0000       0.0000       0.0000       153.39      -1.2946      -243.63       87.695       0.0000    
  4699.028732       1.0000       0.0000       0.0000     -4.89316E-20   0.0000       0.0000       0.0000       153.11      -1.3261      -243.58       87.980       0.0000    
  4699.057465       1.0000       0.0000       0.0000     -4.03752E-18   0.0000       0.0000       0.0000       152.56      -1.3891      -243.48       88.541       0.0000    
  4699.114930       1.0000       0.0000       0.0000      9.55498E-19   0.0000       0.0000       0.0000       151.49      -1.5161      -243.27       89.616       0.0000    
  4699.229859       1.0000       0.0000       0.0000     -1.37018E-17   0.0000       0.0000       0.0000       149.44      -1.7726      -242.88       91.605       0.0000    
  4699.459719       1.0000       0.0000       0.0000     -5.39114E-19   0.0000       0.0000       0.0000       145.62      -2.2919      -242.08       95.041       0.0000    
  4699.919438       1.0000       0.0000       0.0000      1.15191E-17   0.0000       0.0000       0.0000       140.33      -3.3454      -240.41       99.581       0.0000    
  4700.000000       1.0000       0.0000       0.0000     -1.04191E-21   0.0000       0.0000       0.0000       139.48      -3.5278      -240.11       100.31       0.0000    
  4700.000000       1.0000       0.0000       0.0000      1.41216E-21   0.0000       0.0000       0.0000       139.48      -3.5278      -240.11       100.31       0.0000    
  4700.367775       1.0000       0.0000       0.0000      1.41216E-21   0.0000       0.0000       0.0000       136.86      -4.3712      -238.77       102.42       0.0000    
  4700.735550       1.0000       0.0000       0.0000      1.63540E-19   0.0000       0.0000       0.0000       135.36      -5.2129      -237.41       103.36       0.0000    
  4701.000000       1.0000       0.0000       0.0000      1.84384E-17   0.0000       0.0000       0.0000       134.82      -5.8133      -236.43       103.48       0.0000    
  4701.000000       1.0000       0.0000       0.0000      1.36434E-18   0.0000       0.0000       0.0000       134.82      -5.8133      -236.43       103.48       0.0000    
  4701.294220       1.0000       0.0000       0.0000      6.73256E-20   0.0000       0.0000       0.0000       134.76      -6.3664      -235.33       102.96       0.0000    
  4701.588440       1.0000       0.0000       0.0000      8.82221E-18   0.0000       0.0000       0.0000       135.28      -6.9069      -234.20       101.76       0.0000    
  4701.848517       1.0000       0.0000       0.0000      2.67323E-19   0.0000       0.0000       0.0000       136.15      -7.3765      -233.17       100.24       0.0000    
  4701.848517       1.0000       0.0000       0.0000      3.01278E-27   0.0000       0.0000       0.0000       136.15      -7.3765      -233.17       100.24       0.0000    
  4701.924259       1.0000       0.0000       0.0000     -5.99871E-18   0.0000       0.0000       0.0000       136.43      -7.5113      -232.87       99.760       0.0000    
  4702.000000       1.0000       0.0000       0.0000     -2.02659E-20   0.0000       0.0000       0.0000       136.75      -7.6455      -232.57       99.252       0.0000    
  4702.000000       1.0000       0.0000       0.0000     -2.21636E-21   0.0000       0.0000       0.0000       136.75      -7.6456      -232.57       99.252       0.0000    
  4702.060593       1.0000       0.0000       0.0000     -6.50726E-19   0.0000       0.0000       0.0000       137.02      -7.7525      -232.33       98.824       0.0000    
  4702.121186       1.0000       0.0000       0.0000     -2.85939E-19   0.0000       0.0000       0.0000       137.32      -7.8591      -232.09       98.376       0.0000    
  4702.242372       1.0000       0.0000       0.0000     -4.74444E-18   0.0000       0.0000       0.0000       137.97      -8.0717      -231.59       97.401       0.0000    
  4702.319484       1.0000       0.0000       0.0000      2.00678E-19   0.0000       0.0000       0.0000       138.42      -8.2061      -231.28       96.751       0.0000    
  4702.319484       1.0000       0.0000       0.0000     -1.58334E-22   0.0000       0.0000       0.0000       138.42      -8.2320      -232.91       96.751       0.0000    
  4702.416433       1.0000       0.0000       0.0000      6.48351E-19   0.0000       0.0000       0.0000       139.25      -8.4910      -231.51       95.989       0.0000    
  4702.513382       1.0000       0.0000       0.0000     -2.26994E-18   0.0000       0.0000       0.0000       140.04      -8.7434      -231.08       95.144       0.0000    
  4702.637131       1.0000       0.0000       0.0000     -6.82519E-17   0.0000       0.0000       0.0000       141.04      -9.0559      -230.54       93.967       0.0000    
  4702.791387       1.0000       0.0000       0.0000     -4.53929E-20   0.0000       0.0000       0.0000       142.34      -9.4320      -229.87       92.381       0.0000    
  4703.000000       1.0000       0.0000       0.0000      1.45678E-19   0.0000       0.0000       0.0000       144.20      -9.9203      -228.96       90.050       0.0000    
