#      time         order        anzahl_ka1   anzahl_kal   anzahl_wa1   anzahl_war   pmv_1        ppd_1     
  4679.000000       1.0000       0.0000       0.0000       0.0000       0.0000       0.0000       0.0000    
  4679.400000       1.0000       0.0000       0.0000       0.0000       0.0000       0.0000       0.0000    
  4679.800000       1.0000       0.0000       0.0000       0.0000       0.0000       0.0000       0.0000    
  4680.000000       1.0000       0.0000       0.0000       0.0000       0.0000       0.0000       0.0000    
  4680.000000       1.0000       0.0000       0.0000       0.0000       0.0000       0.0000       0.0000    
  4680.002746       1.0000       0.0000       0.0000       0.0000       0.0000       0.0000       0.0000    
  4680.005491       1.0000       0.0000       0.0000       0.0000       0.0000       0.0000       0.0000    
  4680.007168       1.0000       0.0000       0.0000       0.0000       0.0000       0.0000       0.0000    
  4680.007168       1.0000       0.0000       0.0000       0.0000       0.0000       0.0000       0.0000    
  4680.009364       1.0000       0.0000       0.0000       0.0000       0.0000       0.0000       0.0000    
  4680.011560       1.0000       0.0000       0.0000       0.0000       0.0000       0.0000       0.0000    
  4680.015953       1.0000       0.0000       0.0000       0.0000       0.0000       0.0000       0.0000    
  4680.024739       1.0000       0.0000       0.0000       0.0000       0.0000       0.0000       0.0000    
  4680.042311       1.0000       0.0000       0.0000       0.0000       0.0000       0.0000       0.0000    
  4680.077454       1.0000       0.0000       0.0000       0.0000       0.0000       0.0000       0.0000    
  4680.147740       1.0000       0.0000       0.0000       0.0000       0.0000       0.0000       0.0000    
  4680.288312       1.0000       0.0000       0.0000       0.0000       0.0000       0.0000       0.0000    
  4680.569457       1.0000       0.0000       0.0000       0.0000       0.0000       0.0000       0.0000    
  4680.676996       1.0000       0.0000       0.0000       0.0000       0.0000       0.0000       0.0000    
  4680.676996       1.0000       0.0000       0.0000       0.0000       0.0000       0.0000       0.0000    
  4680.726040       1.0000       0.0000       0.0000       0.0000       0.0000       0.0000       0.0000    
  4680.775084       1.0000       0.0000       0.0000       0.0000       0.0000       0.0000       0.0000    
  4680.873172       1.0000       0.0000       0.0000       0.0000       0.0000       0.0000       0.0000    
  4681.000000       1.0000       0.0000       0.0000       0.0000       0.0000       0.0000       0.0000    
  4681.000000       1.0000       0.0000       0.0000       0.0000       0.0000       0.0000       0.0000    
  4681.078470       1.0000       0.0000       0.0000       0.0000       0.0000       0.0000       0.0000    
  4681.156941       1.0000       0.0000       0.0000       0.0000       0.0000       0.0000       0.0000    
  4681.313881       1.0000       0.0000       0.0000       0.0000       0.0000       0.0000       0.0000    
  4681.627763       1.0000       0.0000       0.0000       0.0000       0.0000       0.0000       0.0000    
  4682.000000       1.0000       0.0000       0.0000       0.0000       0.0000       0.0000       0.0000    
  4682.000000       1.0000       0.0000       0.0000       0.0000       0.0000       0.0000       0.0000    
  4682.251105       1.0000       0.0000       0.0000       0.0000       0.0000       0.0000       0.0000    
  4682.502210       1.0000       0.0000       0.0000       0.0000       0.0000       0.0000       0.0000    
  4683.000000       1.0000       0.0000       0.0000       0.0000       0.0000       0.0000       0.0000    
  4683.000000       1.0000       0.0000       0.0000       0.0000       0.0000       0.0000       0.0000    
  4683.200884       1.0000       0.0000       0.0000       0.0000       0.0000       0.0000       0.0000    
  4683.401768       1.0000       0.0000       0.0000       0.0000       0.0000       0.0000       0.0000    
  4683.803536       1.0000       0.0000       0.0000       0.0000       0.0000       0.0000       0.0000    
  4684.000000       1.0000       0.0000       0.0000       0.0000       0.0000       0.0000       0.0000    
  4684.000000       1.0000       0.0000       0.0000       0.0000       0.0000       0.0000       0.0000    
  4684.006428       1.0000       0.0000       0.0000       0.0000       0.0000       0.0000       0.0000    
  4684.012857       1.0000       0.0000       0.0000       0.0000       0.0000       0.0000       0.0000    
  4684.023268       1.0000       0.0000       0.0000       0.0000       0.0000       0.0000       0.0000    
  4684.035190       1.0000       0.0000       0.0000       0.0000       0.0000       0.0000       0.0000    
  4684.052835       1.0000       0.0000       0.0000       0.0000       0.0000       0.0000       0.0000    
  4684.076866       1.0000       0.0000       0.0000       0.0000       0.0000       0.0000       0.0000    
  4684.097768       1.0000       0.0000       0.0000       0.0000       0.0000       0.0000       0.0000    
  4684.120418       1.0000       0.0000       0.0000       0.0000       0.0000       0.0000       0.0000    
  4684.139272       1.0000       0.0000       0.0000       0.0000       0.0000       0.0000       0.0000    
  4684.157925       1.0000       0.0000       0.0000       0.0000       0.0000       0.0000       0.0000    
  4684.175121       1.0000       0.0000       0.0000       0.0000       0.0000       0.0000       0.0000    
  4684.192204       1.0000       0.0000       0.0000       0.0000       0.0000       0.0000       0.0000    
  4684.208820       1.0000       0.0000       0.0000       0.0000       0.0000       0.0000       0.0000    
  4684.225481       1.0000       0.0000       0.0000       0.0000       0.0000       0.0000       0.0000    
  4684.242637       1.0000       0.0000       0.0000       0.0000       0.0000       0.0000       0.0000    
  4684.261190       1.0000       0.0000       0.0000       0.0000       0.0000       0.0000       0.0000    
  4684.281348       1.0000       0.0000       0.0000       0.0000       0.0000       0.0000       0.0000    
  4684.303612       1.0000       0.0000       0.0000       0.0000       0.0000       0.0000       0.0000    
  4684.328532       1.0000       0.0000       0.0000       0.0000       0.0000       0.0000       0.0000    
  4684.356755       1.0000       0.0000       0.0000       0.0000       0.0000       0.0000       0.0000    
  4684.389259       1.0000       0.0000       0.0000       0.0000       0.0000       0.0000       0.0000    
  4684.427362       1.0000       0.0000       0.0000       0.0000       0.0000       0.0000       0.0000    
  4684.473142       1.0000       0.0000       0.0000       0.0000       0.0000       0.0000       0.0000    
  4684.529739       1.0000       0.0000       0.0000       0.0000       0.0000       0.0000       0.0000    
  4684.602619       1.0000       0.0000       0.0000       0.0000       0.0000       0.0000       0.0000    
  4684.602619       1.0000       0.0000       0.0000       0.0000       0.0000       0.0000       0.0000    
  4684.610948       1.0000       0.0000       0.0000       0.0000       0.0000       0.0000       0.0000    
  4684.619277       1.0000       0.0000       0.0000       0.0000       0.0000       0.0000       0.0000    
  4684.635936       1.0000       0.0000       0.0000       0.0000       0.0000       0.0000       0.0000    
  4684.669253       1.0000       0.0000       0.0000       0.0000       0.0000       0.0000       0.0000    
  4684.735888       1.0000       0.0000       0.0000       0.0000       0.0000       0.0000       0.0000    
  4684.869156       1.0000       0.0000       0.0000       0.0000       0.0000     -0.20810       5.8982    
  4685.000000       1.0000       0.0000       0.0000       0.0000       0.0000     -0.20762       5.8940    
  4685.000000       1.0000       0.0000       0.0000       0.0000       0.0000     -0.20761       5.8939    
  4685.106615       1.0000       0.0000       0.0000       0.0000       0.0000     -0.20669       5.8860    
  4685.213230       1.0000       0.0000       0.0000       0.0000       0.0000     -0.20558       5.8765    
  4685.426460       1.0000       0.0000       0.0000       0.0000       0.0000     -0.20047       5.8334    
  4685.756670       1.0000       0.0000       0.0000       0.0000       0.0000     -0.18606       5.7177    
  4686.000000       1.0000       0.0000       0.0000       0.0000       0.0000     -0.17088       5.6053    
  4686.000000       1.0000       0.0000       0.0000       0.0000       0.0000     -0.17088       5.6053    
  4686.034117       1.0000       0.0000       0.0000       0.0000       0.0000     -0.16863       5.5894    
  4686.068234       1.0000       0.0000       0.0000       0.0000       0.0000     -0.16628       5.5731    
  4686.077918       1.0000       0.0000       0.0000       0.0000       0.0000     -0.16561       5.5684    
  4686.097287       1.0000       0.0000       0.0000       0.0000       0.0000     -0.16423       5.5590    
  4686.136024       1.0000       0.0000       0.0000       0.0000       0.0000     -0.16139       5.5398    
  4686.181668       1.0000       0.0000       0.0000       0.0000       0.0000     -0.15797       5.5171    
  4686.195836       1.0000       0.0000       0.0000       0.0000       0.0000     -0.15690       5.5102    
  4686.224172       1.0000       0.0000       0.0000       0.0000       0.0000     -0.15484       5.4969    
  4686.280845       1.0000       0.0000       0.0000       0.0000       0.0000     -0.15081       5.4713    
  4686.388561       1.0000       0.0000       0.0000       0.0000       0.0000     -0.14322       5.4250    
  4686.420903       1.0000       0.0000       0.0000       0.0000       0.0000     -0.14104       5.4121    
  4686.485587       1.0000       0.0000       0.0000       0.0000       0.0000     -0.13689       5.3882    
  4686.511461       1.0000       0.0000       0.0000       0.0000       0.0000     -0.13526       5.3790    
  4686.563209       1.0000       0.0000       0.0000       0.0000       0.0000     -0.13208       5.3614    
  4686.666703       1.0000       0.0000       0.0000       0.0000       0.0000     -0.12626       5.3303    
  4686.708101       1.0000       0.0000       0.0000       0.0000       0.0000     -0.12405       5.3188    
  4686.790897       1.0000       0.0000       0.0000       0.0000       0.0000     -0.11985       5.2975    
  4686.956489       1.0000       0.0000       0.0000       0.0000       0.0000     -0.10768       5.2401    
  4686.956723       1.0000       0.0000       0.0000       0.0000       0.0000     -0.10766       5.2401    
  4686.956723       1.0000       0.0000       0.0000       0.0000       0.0000     -0.10766       5.2401    
  4686.964715       1.0000       0.0000       0.0000       0.0000       0.0000     -0.10727       5.2383    
  4686.972707       1.0000       0.0000       0.0000       0.0000       0.0000     -0.10690       5.2367    
  4686.988690       1.0000       0.0000       0.0000       0.0000       0.0000     -0.10620       5.2336    
  4687.000000       1.0000       0.0000       0.0000       0.0000       0.0000     -0.10573       5.2315    
  4687.000000       1.0000       0.0000       0.0000       0.0000       0.0000     -0.10573       5.2315    
  4687.012787       1.0000       0.0000       0.0000       0.0000       0.0000     -0.10525       5.2294    
  4687.025574       1.0000       0.0000       0.0000       0.0000       0.0000     -0.10478       5.2274    
  4687.051147       1.0000       0.0000       0.0000       0.0000       0.0000     -0.10393       5.2237    
  4687.102294       1.0000       0.0000       0.0000       0.0000       0.0000     -0.10247       5.2174    
  4687.105939       1.0000       0.0000       0.0000       0.0000       0.0000     -0.10236       5.2170    
  4687.113229       1.0000       0.0000       0.0000       0.0000       0.0000     -0.10216       5.2161    
  4687.127808       1.0000       0.0000       0.0000       0.0000       0.0000     -0.10177       5.2145    
  4687.133640       1.0000       0.0000       0.0000       0.0000       0.0000     -0.10162       5.2139    
  4687.145304       1.0000       0.0000       0.0000       0.0000       0.0000     -0.10132       5.2126    
  4687.168631       1.0000       0.0000       0.0000       0.0000       0.0000     -0.10074       5.2102    
  4687.214715       1.0000       0.0000       0.0000       0.0000       0.0000     -9.96701E-02   5.2057    
  4687.262542       1.0000       0.0000       0.0000       0.0000       0.0000     -9.86594E-02   5.2016    
  4687.321423       1.0000       0.0000       0.0000       0.0000       0.0000     -9.74498E-02   5.1967    
  4687.385193       1.0000       0.0000       0.0000       0.0000       0.0000     -9.61379E-02   5.1914    
  4687.463568       1.0000       0.0000       0.0000       0.0000       0.0000     -9.44879E-02   5.1849    
  4687.567531       1.0000       0.0000       0.0000       0.0000       0.0000     -9.22152E-02   5.1761    
  4687.691333       1.0000       0.0000       0.0000       0.0000       0.0000     -8.94145E-02   5.1656    
  4687.848171       1.0000       0.0000       0.0000       0.0000       0.0000     -8.57657E-02   5.1523    
  4687.980100       1.0000       0.0000       0.0000       0.0000       0.0000     -8.26519E-02   5.1415    
  4688.000000       1.0000       0.0000       0.0000       0.0000       0.0000     -8.21814E-02   5.1398    
  4688.000000       1.0000       0.0000       0.0000       0.0000       0.0000     -8.21814E-02   5.1398    
  4688.040918       1.0000       0.0000       0.0000       0.0000       0.0000     -8.12125E-02   5.1366    
  4688.081835       1.0000       0.0000       0.0000       0.0000       0.0000     -8.02418E-02   5.1333    
  4688.163671       1.0000       0.0000       0.0000       0.0000       0.0000     -7.82963E-02   5.1269    
  4688.163671       1.0000       0.0000       0.0000       0.0000       0.0000     -7.82963E-02   5.1269    
  4688.196405       1.0000       0.0000       0.0000       0.0000       0.0000     -7.75179E-02   5.1244    
  4688.229139       1.0000       0.0000       0.0000       0.0000       0.0000     -7.67394E-02   5.1219    
  4688.294607       1.0000       0.0000       0.0000       0.0000       0.0000     -7.51672E-02   5.1170    
  4688.381898       1.0000       0.0000       0.0000       0.0000       0.0000     -7.30494E-02   5.1105    
  4688.381898       1.0000       0.0000       0.0000       0.0000       0.0000     -7.30494E-02   5.1105    
  4688.434272       1.0000       0.0000       0.0000       0.0000       0.0000     -7.12697E-02   5.1052    
  4688.486647       1.0000       0.0000       0.0000       0.0000       0.0000     -6.98504E-02   5.1010    
  4688.591396       1.0000       0.0000       0.0000       0.0000       0.0000     -6.70873E-02   5.0932    
  4688.800894       1.0000       0.0000       0.0000       0.0000       0.0000     -6.16144E-02   5.0786    
  4689.000000       1.0000       0.0000       0.0000       0.0000       0.0000     -5.63583E-02   5.0658    
  4689.000000       1.0000       0.0000       0.0000       0.0000       0.0000     -5.63583E-02   5.0658    
  4689.108008       1.0000       0.0000       0.0000       0.0000       0.0000     -5.34800E-02   5.0592    
  4689.216015       1.0000       0.0000       0.0000       0.0000       0.0000     -5.05258E-02   5.0529    
  4689.234810       1.0000       0.0000       0.0000       0.0000       0.0000     -5.00089E-02   5.0518    
  4689.272400       1.0000       0.0000       0.0000       0.0000       0.0000     -4.89694E-02   5.0496    
  4689.272400       1.0000       0.0000       0.0000       0.0000       0.0000     -4.89694E-02   5.0496    
  4689.358806       1.0000       0.0000       0.0000       0.0000       0.0000     -4.65338E-02   5.0448    
  4689.445212       1.0000       0.0000       0.0000       0.0000       0.0000     -4.40729E-02   5.0402    
  4689.618024       1.0000       0.0000       0.0000       0.0000       0.0000     -3.90317E-02   5.0315    
  4689.914416       1.0000       0.0000       0.0000       0.0000       0.0000     -3.00284E-02   5.0187    
  4690.000000       1.0000       0.0000       0.0000       0.0000       0.0000     -2.73788E-02   5.0155    
  4690.000000       1.0000       0.0000       0.0000       0.0000       0.0000     -2.73788E-02   5.0155    
  4690.138250       1.0000       0.0000       0.0000       0.0000       0.0000     -2.30887E-02   5.0110    
  4690.276499       1.0000       0.0000       0.0000       0.0000       0.0000     -1.87686E-02   5.0073    
  4690.552998       1.0000       0.0000       0.0000       0.0000       0.0000     -1.00194E-02   5.0021    
  4690.888597       1.0000       0.0000       0.0000       0.0000       0.0000      7.77758E-04   5.0000    
  4690.888597       1.0000       0.0000       0.0000       0.0000       0.0000      7.77837E-04   5.0000    
  4690.944298       1.0000       0.0000       0.0000       0.0000       0.0000      2.57717E-03   5.0001    
  4691.000000       1.0000       0.0000       0.0000       0.0000       0.0000      4.38112E-03   5.0004    
  4691.000000       1.0000       0.0000       0.0000       0.0000       0.0000      4.38112E-03   5.0004    
  4691.044561       1.0000       0.0000       0.0000       0.0000       0.0000      5.82358E-03   5.0007    
  4691.089123       1.0000       0.0000       0.0000       0.0000       0.0000      7.26572E-03   5.0011    
  4691.178245       1.0000       0.0000       0.0000       0.0000       0.0000      1.01476E-02   5.0021    
  4691.356490       1.0000       0.0000       0.0000       0.0000       0.0000      1.59066E-02   5.0052    
  4691.712980       1.0000       0.0000       0.0000       0.0000       0.0000      2.74762E-02   5.0156    
  4692.000000       1.0000       0.0000       0.0000       0.0000       0.0000      3.68369E-02   5.0281    
  4692.000000       1.0000       0.0000       0.0000       0.0000       0.0000      3.68369E-02   5.0281    
  4692.285192       1.0000       0.0000       0.0000       0.0000       0.0000      4.59640E-02   5.0437    
  4692.570384       1.0000       0.0000       0.0000       0.0000       0.0000      5.49468E-02   5.0625    
  4693.000000       1.0000       0.0000       0.0000       0.0000       0.0000      6.82263E-02   5.0964    
  4693.000000       1.0000       0.0000       0.0000       0.0000       0.0000      6.82263E-02   5.0964    
  4693.228154       1.0000       0.0000       0.0000       0.0000       0.0000      7.49687E-02   5.1164    
  4693.456307       1.0000       0.0000       0.0000       0.0000       0.0000      8.14465E-02   5.1374    
  4693.912615       1.0000       0.0000       0.0000       0.0000       0.0000      9.35937E-02   5.1814    
  4694.000000       1.0000       0.0000       0.0000       0.0000       0.0000      9.58828E-02   5.1904    
  4694.000000       1.0000       0.0000       0.0000       0.0000       0.0000      9.58828E-02   5.1904    
  4694.365046       1.0000       0.0000       0.0000       0.0000       0.0000      0.10427       5.2252    
  4694.730092       1.0000       0.0000       0.0000       0.0000       0.0000      0.11173       5.2585    
  4695.000000       1.0000       0.0000       0.0000       0.0000       0.0000      0.11678       5.2825    
  4695.000000       1.0000       0.0000       0.0000       0.0000       0.0000      0.11678       5.2825    
  4695.292037       1.0000       0.0000       0.0000       0.0000       0.0000      0.12161       5.3063    
  4695.584073       1.0000       0.0000       0.0000       0.0000       0.0000      0.12584       5.3281    
  4696.000000       1.0000       0.0000       0.0000       0.0000       0.0000      0.12827       5.3409    
  4696.000000       1.0000       0.0000       0.0000       0.0000       0.0000      0.12827       5.3409    
  4696.026105       1.0000       0.0000       0.0000       0.0000       0.0000      0.12831       5.3410    
  4696.052211       1.0000       0.0000       0.0000       0.0000       0.0000      0.12829       5.3410    
  4696.104422       1.0000       0.0000       0.0000       0.0000       0.0000      0.12811       5.3400    
  4696.104422       1.0000       0.0000       0.0000       0.0000       0.0000      0.12811       5.3400    
  4696.125306       1.0000       0.0000       0.0000       0.0000       0.0000      0.12802       5.3395    
  4696.146190       1.0000       0.0000       0.0000       0.0000       0.0000      0.12791       5.3389    
  4696.187959       1.0000       0.0000       0.0000       0.0000       0.0000      0.12762       5.3374    
  4696.271496       1.0000       0.0000       0.0000       0.0000       0.0000      0.12641       5.3310    
  4696.438571       1.0000       0.0000       0.0000       0.0000       0.0000      0.12238       5.3103    
  4696.772720       1.0000       0.0000       0.0000       0.0000       0.0000      0.10703       5.2372    
  4697.000000       1.0000       0.0000       0.0000       0.0000       0.0000      9.21526E-02   5.1759    
  4697.000000       1.0000       0.0000       0.0000       0.0000       0.0000      9.21526E-02   5.1759    
  4697.005541       1.0000       0.0000       0.0000       0.0000       0.0000      9.17867E-02   5.1745    
  4697.011082       1.0000       0.0000       0.0000       0.0000       0.0000      9.14232E-02   5.1731    
  4697.015515       1.0000       0.0000       0.0000       0.0000       0.0000      9.11389E-02   5.1720    
  4697.020776       1.0000       0.0000       0.0000       0.0000       0.0000      9.08008E-02   5.1707    
  4697.026265       1.0000       0.0000       0.0000       0.0000       0.0000      9.04470E-02   5.1694    
  4697.032897       1.0000       0.0000       0.0000       0.0000       0.0000      9.00183E-02   5.1678    
  4697.040929       1.0000       0.0000       0.0000       0.0000       0.0000      8.94973E-02   5.1659    
  4697.052241       1.0000       0.0000       0.0000       0.0000       0.0000      8.87609E-02   5.1631    
  4697.066492       1.0000       0.0000       0.0000       0.0000       0.0000      8.78287E-02   5.1597    
  4697.083985       1.0000       0.0000       0.0000       0.0000       0.0000      8.66795E-02   5.1556    
  4697.099706       1.0000       0.0000       0.0000       0.0000       0.0000      8.56442E-02   5.1519    
  4697.117629       1.0000       0.0000       0.0000       0.0000       0.0000      8.44614E-02   5.1477    
  4697.135957       1.0000       0.0000       0.0000       0.0000       0.0000      8.32506E-02   5.1435    
  4697.156831       1.0000       0.0000       0.0000       0.0000       0.0000      8.18712E-02   5.1388    
  4697.179759       1.0000       0.0000       0.0000       0.0000       0.0000      8.03578E-02   5.1337    
  4697.185046       1.0000       0.0000       0.0000       0.0000       0.0000      7.60189E-02   5.1197    
  4697.195621       1.0000       0.0000       0.0000       0.0000       0.0000      7.47911E-02   5.1158    
  4697.216771       1.0000       0.0000       0.0000       0.0000       0.0000      7.25432E-02   5.1090    
  4697.246176       1.0000       0.0000       0.0000       0.0000       0.0000      6.97066E-02   5.1006    
  4697.283119       1.0000       0.0000       0.0000       0.0000       0.0000      6.64793E-02   5.0915    
  4697.329024       1.0000       0.0000       0.0000       0.0000       0.0000      6.28510E-02   5.0818    
  4697.386985       1.0000       0.0000       0.0000       0.0000       0.0000      5.86791E-02   5.0713    
  4697.462944       1.0000       0.0000       0.0000       0.0000       0.0000      5.39864E-02   5.0603    
  4697.567792       1.0000       0.0000       0.0000       0.0000       0.0000      4.81644E-02   5.0480    
  4697.567792       1.0000       0.0000       0.0000       0.0000       0.0000      4.81644E-02   5.0480    
  4697.571338       1.0000       0.0000       0.0000       0.0000       0.0000      4.79679E-02   5.0476    
  4697.574885       1.0000       0.0000       0.0000       0.0000       0.0000      4.77721E-02   5.0472    
  4697.581978       1.0000       0.0000       0.0000       0.0000       0.0000      4.73832E-02   5.0465    
  4697.596165       1.0000       0.0000       0.0000       0.0000       0.0000      4.66101E-02   5.0450    
  4697.624538       1.0000       0.0000       0.0000       0.0000       0.0000      4.51998E-02   5.0423    
  4697.681285       1.0000       0.0000       0.0000       0.0000       0.0000      4.25881E-02   5.0375    
  4697.794779       1.0000       0.0000       0.0000       0.0000       0.0000      3.76927E-02   5.0294    
  4698.000000       1.0000       0.0000       0.0000       0.0000       0.0000      3.06995E-02   5.0195    
  4698.000000       1.0000       0.0000       0.0000       0.0000       0.0000      3.06995E-02   5.0195    
  4698.090795       1.0000       0.0000       0.0000       0.0000       0.0000      2.83317E-02   5.0166    
  4698.181590       1.0000       0.0000       0.0000       0.0000       0.0000      2.62596E-02   5.0143    
  4698.363179       1.0000       0.0000       0.0000       0.0000       0.0000       0.0000       0.0000    
  4698.636106       1.0000       0.0000       0.0000       0.0000       0.0000       0.0000       0.0000    
  4698.982042       1.0000       0.0000       0.0000       0.0000       0.0000       0.0000       0.0000    
  4698.982042       1.0000       0.0000       0.0000       0.0000       0.0000       0.0000       0.0000    
  4698.991021       1.0000       0.0000       0.0000       0.0000       0.0000       0.0000       0.0000    
  4699.000000       1.0000       0.0000       0.0000       0.0000       0.0000       0.0000       0.0000    
  4699.000000       1.0000       0.0000       0.0000       0.0000       0.0000       0.0000       0.0000    
  4699.007183       1.0000       0.0000       0.0000       0.0000       0.0000       0.0000       0.0000    
  4699.014366       1.0000       0.0000       0.0000       0.0000       0.0000       0.0000       0.0000    
  4699.028732       1.0000       0.0000       0.0000       0.0000       0.0000       0.0000       0.0000    
  4699.057465       1.0000       0.0000       0.0000       0.0000       0.0000       0.0000       0.0000    
  4699.114930       1.0000       0.0000       0.0000       0.0000       0.0000       0.0000       0.0000    
  4699.229859       1.0000       0.0000       0.0000       0.0000       0.0000       0.0000       0.0000    
  4699.459719       1.0000       0.0000       0.0000       0.0000       0.0000       0.0000       0.0000    
  4699.919438       1.0000       0.0000       0.0000       0.0000       0.0000       0.0000       0.0000    
  4700.000000       1.0000       0.0000       0.0000       0.0000       0.0000       0.0000       0.0000    
  4700.000000       1.0000       0.0000       0.0000       0.0000       0.0000       0.0000       0.0000    
  4700.367775       1.0000       0.0000       0.0000       0.0000       0.0000       0.0000       0.0000    
  4700.735550       1.0000       0.0000       0.0000       0.0000       0.0000       0.0000       0.0000    
  4701.000000       1.0000       0.0000       0.0000       0.0000       0.0000       0.0000       0.0000    
  4701.000000       1.0000       0.0000       0.0000       0.0000       0.0000       0.0000       0.0000    
  4701.294220       1.0000       0.0000       0.0000       0.0000       0.0000       0.0000       0.0000    
  4701.588440       1.0000       0.0000       0.0000       0.0000       0.0000       0.0000       0.0000    
  4701.848517       1.0000       0.0000       0.0000       0.0000       0.0000       0.0000       0.0000    
  4701.848517       1.0000       0.0000       0.0000       0.0000       0.0000       0.0000       0.0000    
  4701.924259       1.0000       0.0000       0.0000       0.0000       0.0000       0.0000       0.0000    
  4702.000000       1.0000       0.0000       0.0000       0.0000       0.0000       0.0000       0.0000    
  4702.000000       1.0000       0.0000       0.0000       0.0000       0.0000       0.0000       0.0000    
  4702.060593       1.0000       0.0000       0.0000       0.0000       0.0000       0.0000       0.0000    
  4702.121186       1.0000       0.0000       0.0000       0.0000       0.0000       0.0000       0.0000    
  4702.242372       1.0000       0.0000       0.0000       0.0000       0.0000       0.0000       0.0000    
  4702.319484       1.0000       0.0000       0.0000       0.0000       0.0000       0.0000       0.0000    
  4702.319484       1.0000       0.0000       0.0000       0.0000       0.0000       0.0000       0.0000    
  4702.416433       1.0000       0.0000       0.0000       0.0000       0.0000       0.0000       0.0000    
  4702.513382       1.0000       0.0000       0.0000       0.0000       0.0000       0.0000       0.0000    
  4702.637131       1.0000       0.0000       0.0000       0.0000       0.0000       0.0000       0.0000    
  4702.791387       1.0000       0.0000       0.0000       0.0000       0.0000       0.0000       0.0000    
  4703.000000       1.0000       0.0000       0.0000       0.0000       0.0000       0.0000       0.0000    
