#      time         order        t            tair         tout      
  4679.000000       1.0000       17.000       15.297       22.035    
  4679.400000       1.0000       17.000       14.951       21.972    
  4679.800000       1.0000       17.000       14.605       21.910    
  4680.000000       1.0000       17.000       14.432       21.879    
  4680.000000       1.0000       17.000       14.434       21.879    
  4680.002746       1.0000       17.000       14.432       21.879    
  4680.005491       1.0000       17.000       14.429       21.879    
  4680.007168       1.0000       17.000       14.428       21.878    
  4680.007168       1.0000       17.000       14.428       21.878    
  4680.009364       1.0000       17.000       14.427       21.878    
  4680.011560       1.0000       17.000       14.425       21.878    
  4680.015953       1.0000       17.000       14.423       21.877    
  4680.024739       1.0000       17.000       14.418       21.876    
  4680.042311       1.0000       17.000       14.408       21.873    
  4680.077454       1.0000       17.000       14.387       21.867    
  4680.147740       1.0000       17.000       14.347       21.857    
  4680.288312       1.0000       17.000       14.266       21.835    
  4680.569457       1.0000       17.000       14.104       21.793    
  4680.676971       1.0000       17.000       14.042       21.777    
  4680.676971       1.0000       17.000       14.042       21.777    
  4680.726028       1.0000       17.000       14.014       21.770    
  4680.775084       1.0000       17.000       13.986       21.762    
  4680.873198       1.0000       17.000       13.929       21.748    
  4681.000000       1.0000       17.000       13.856       21.729    
  4681.000000       1.0000       17.000       13.856       21.729    
  4681.078491       1.0000       17.000       13.821       21.717    
  4681.156982       1.0000       17.000       13.787       21.706    
  4681.313963       1.0000       17.000       13.719       21.683    
  4681.627927       1.0000       17.000       13.584       21.637    
  4682.000000       1.0000       17.000       13.423       21.583    
  4682.000000       1.0000       17.000       13.423       21.583    
  4682.251171       1.0000       17.000       13.314       21.546    
  4682.502341       1.0000       17.000       13.206       21.510    
  4683.000000       1.0000       17.000       12.991       21.438    
  4683.000000       1.0000       17.000       12.991       21.438    
  4683.200936       1.0000       17.000       12.932       21.409    
  4683.401873       1.0000       17.000       12.874       21.380    
  4683.803746       1.0000       17.000       12.759       21.362    
  4684.000000       1.0000       17.000       12.702       21.360    
  4684.000000       1.0000       17.000       12.702       21.360    
  4684.006430       1.0000       17.000       12.700       21.360    
  4684.012860       1.0000       17.000       12.702       21.360    
  4684.023253       1.0000       17.000       12.705       21.360    
  4684.035152       1.0000       17.000       12.708       21.359    
  4684.052744       1.0000       17.000       12.713       21.357    
  4684.076747       1.0000       17.000       12.720       21.355    
  4684.097601       1.0000       17.000       12.726       21.354    
  4684.120210       1.0000       17.000       12.733       21.353    
  4684.139000       1.0000       17.000       12.738       21.352    
  4684.157579       1.0000       17.000       12.743       21.352    
  4684.174684       1.0000       17.000       12.748       21.352    
  4684.191659       1.0000       17.000       12.753       21.352    
  4684.208147       1.0000       17.000       12.758       21.352    
  4684.224654       1.0000       17.000       12.763       21.352    
  4684.241752       1.0000       17.000       12.768       21.352    
  4684.260203       1.0000       17.000       12.773       21.352    
  4684.280277       1.0000       17.000       12.779       21.353    
  4684.302422       1.0000       17.000       12.785       21.354    
  4684.327206       1.0000       17.000       12.792       21.355    
  4684.355250       1.0000       17.000       12.800       21.356    
  4684.387527       1.0000       17.000       12.810       21.357    
  4684.425324       1.0000       17.000       12.820       21.359    
  4684.470682       1.0000       17.000       12.834       21.361    
  4684.526668       1.0000       17.000       12.850       21.364    
  4684.598608       1.0000       17.000       12.870       21.366    
  4684.598608       1.0000       17.000       12.870       21.366    
  4684.606922       1.0000       17.000       12.873       21.366    
  4684.615236       1.0000       17.000       12.875       21.366    
  4684.631864       1.0000       17.000       12.880       21.367    
  4684.665121       1.0000       17.000       12.890       21.368    
  4684.731633       1.0000       17.000       12.909       21.369    
  4684.864659       1.0000       17.000       12.947       21.372    
  4685.000000       1.0000       17.000       12.986       21.379    
  4685.000000       1.0000       17.000       12.986       21.379    
  4685.106421       1.0000       17.000       13.088       21.390    
  4685.212841       1.0000       17.000       13.196       21.407    
  4685.425683       1.0000       17.000       13.410       21.465    
  4685.756025       1.0000       17.000       13.743       21.621    
  4686.000000       1.0000       17.000       13.989       21.785    
  4686.000000       1.0000       17.000       13.989       21.785    
  4686.034055       1.0000       17.000       14.062       21.809    
  4686.068109       1.0000       17.000       14.146       21.835    
  4686.136219       1.0000       17.000       14.312       21.888    
  4686.216293       1.0000       17.000       14.509       21.953    
  4686.308038       1.0000       17.000       14.733       22.026    
  4686.427983       1.0000       17.000       15.027       22.118    
  4686.602839       1.0000       17.000       15.455       22.240    
  4686.906805       1.0000       17.000       16.199       22.410    
  4686.912496       1.0000       17.203       16.213       22.414    
  4686.912496       1.0000       17.010       16.213       22.414    
  4686.929004       1.0000       17.010       16.253       22.423    
  4686.945513       1.0000       17.010       16.294       22.431    
  4686.978529       1.0000       17.010       16.374       22.447    
  4687.000000       1.0000       17.010       16.427       22.457    
  4687.000000       1.0000       17.010       16.427       22.457    
  4687.026413       1.0000       17.010       16.497       22.469    
  4687.052827       1.0000       17.010       16.570       22.479    
  4687.063392       1.0000       17.010       16.598       22.484    
  4687.084523       1.0000       17.010       16.656       22.491    
  4687.092975       1.0000       17.010       16.679       22.495    
  4687.109880       1.0000       17.010       16.726       22.501    
  4687.143689       1.0000       17.010       16.818       22.511    
  4687.189019       1.0000       17.010       16.942       22.523    
  4687.241589       1.0000       17.010       17.086       22.537    
  4687.299583       1.0000       17.010       17.245       22.551    
  4687.365131       1.0000       17.010       17.424       22.565    
  4687.442218       1.0000       17.010       17.635       22.581    
  4687.543623       1.0000       17.010       17.912       22.602    
  4687.668103       1.0000       17.010       18.253       22.626    
  4687.831894       1.0000       17.010       18.701       22.658    
  4687.966248       1.0000       17.010       19.069       22.683    
  4688.000000       1.0000       17.010       19.161       22.690    
  4688.000000       1.0000       17.010       19.161       22.690    
  4688.021131       1.0000       17.010       19.215       22.693    
  4688.042261       1.0000       17.010       19.266       22.697    
  4688.084523       1.0000       17.010       19.370       22.705    
  4688.169046       1.0000       17.010       19.577       22.721    
  4688.169046       1.0000       17.010       19.577       22.721    
  4688.202855       1.0000       17.010       19.660       22.728    
  4688.236664       1.0000       17.010       19.742       22.734    
  4688.304282       1.0000       17.010       19.908       22.746    
  4688.381898       1.0000       17.010       20.098       22.761    
  4688.381898       1.0000       17.010       20.098       22.761    
  4688.435992       1.0000       17.010       20.230       22.771    
  4688.490087       1.0000       17.010       20.363       22.781    
  4688.598276       1.0000       17.010       20.628       22.801    
  4688.814654       1.0000       17.010       21.157       22.841    
  4689.000000       1.0000       17.010       21.611       22.874    
  4689.000000       1.0000       17.010       21.611       22.874    
  4689.173103       1.0000       17.010       21.987       22.905    
  4689.346205       1.0000       17.010       22.361       22.936    
  4689.676165       1.0000       17.010       23.074       22.994    
  4689.676165       1.0000       17.010       23.074       22.994    
  4689.814647       1.0000       17.010       23.373       23.019    
  4689.953129       1.0000       17.010       23.672       23.043    
  4690.000000       1.0000       17.010       23.773       23.051    
  4690.000000       1.0000       17.010       23.773       23.051    
  4690.110786       1.0000       17.010       23.938       23.067    
  4690.221571       1.0000       17.010       24.097       23.084    
  4690.265886       1.0000       17.010       24.161       23.091    
  4690.354514       1.0000       17.010       24.289       23.105    
  4690.531771       1.0000       17.010       24.544       23.131    
  4690.886285       1.0000       17.010       25.054       23.185    
  4690.886285       1.0000       17.010       25.054       23.185    
  4690.898828       1.0000       17.010       25.072       23.187    
  4690.911371       1.0000       17.010       25.090       23.188    
  4690.936458       1.0000       17.010       25.127       23.192    
  4690.986630       1.0000       17.010       25.199       23.200    
  4691.000000       1.0000       17.010       25.218       23.202    
  4691.000000       1.0000       17.010       25.218       23.202    
  4691.040138       1.0000       17.010       25.266       23.208    
  4691.080275       1.0000       17.010       25.312       23.214    
  4691.160551       1.0000       17.010       25.405       23.226    
  4691.321102       1.0000       17.010       25.590       23.249    
  4691.642204       1.0000       17.010       25.960       23.296    
  4692.000000       1.0000       17.010       26.372       23.348    
  4692.000000       1.0000       17.010       26.372       23.348    
  4692.256882       1.0000       17.010       26.560       23.381    
  4692.513763       1.0000       17.010       26.745       23.414    
  4693.000000       1.0000       17.010       27.095       23.459    
  4693.000000       1.0000       17.010       27.095       23.459    
  4693.205505       1.0000       17.010       27.100       23.478    
  4693.411010       1.0000       17.010       27.100       23.496    
  4693.822021       1.0000       17.010       27.100       23.532    
  4694.000000       1.0000       17.010       27.100       23.548    
  4694.000000       1.0000       17.010       27.100       23.548    
  4694.328808       1.0000       17.010       26.822       23.574    
  4694.657617       1.0000       17.010       26.538       23.599    
  4695.000000       1.0000       17.010       26.242       23.623    
  4695.000000       1.0000       17.010       26.242       23.623    
  4695.263047       1.0000       17.010       25.941       23.640    
  4695.526093       1.0000       17.010       25.638       23.657    
  4696.000000       1.0000       17.010       25.092       23.677    
  4696.000000       1.0000       17.010       25.092       23.677    
  4696.026105       1.0000       17.010       25.056       23.678    
  4696.052211       1.0000       17.010       25.019       23.678    
  4696.104422       1.0000       17.010       24.944       23.677    
  4696.104422       1.0000       17.010       24.944       23.677    
  4696.125306       1.0000       17.010       24.914       23.677    
  4696.146190       1.0000       17.010       24.883       23.676    
  4696.187959       1.0000       17.010       24.823       23.674    
  4696.271496       1.0000       17.010       24.703       23.667    
  4696.438571       1.0000       17.010       24.462       23.643    
  4696.772720       1.0000       17.010       23.981       23.552    
  4696.818176       1.0000       17.010       23.916       23.539    
  4696.909088       1.0000       17.010       23.785       23.508    
  4697.000000       1.0000       17.010       23.654       23.472    
  4697.000000       1.0000       17.010       23.654       23.472    
  4697.004461       1.0000       17.010       23.648       23.470    
  4697.008921       1.0000       17.010       23.640       23.469    
  4697.013149       1.0000       17.010       23.631       23.467    
  4697.017907       1.0000       17.010       23.620       23.465    
  4697.023074       1.0000       17.010       23.609       23.463    
  4697.029092       1.0000       17.010       23.596       23.460    
  4697.036243       1.0000       17.010       23.581       23.457    
  4697.045507       1.0000       17.010       23.561       23.453    
  4697.060682       1.0000       17.010       23.528       23.445    
  4697.076057       1.0000       17.010       23.495       23.437    
  4697.092711       1.0000       17.010       23.459       23.428    
  4697.109222       1.0000       17.010       23.423       23.419    
  4697.127327       1.0000       17.010       23.384       23.408    
  4697.127327       1.0000       17.010       23.384       23.408    
  4697.130709       1.0000       17.010       23.377       23.406    
  4697.134091       1.0000       17.010       23.369       23.404    
  4697.140855       1.0000       17.010       23.355       23.400    
  4697.154383       1.0000       17.010       23.326       23.391    
  4697.175577       1.0000       17.010       23.280       23.378    
  4697.180235       1.0000       17.010       23.270       23.375    
  4697.189553       1.0000       17.010       23.250       23.368    
  4697.193280       1.0000       17.010       23.241       23.365    
  4697.200734       1.0000       17.010       23.225       23.360    
  4697.215642       1.0000       17.010       23.193       23.349    
  4697.245380       1.0000       17.010       23.129       23.328    
  4697.280250       1.0000       17.010       23.054       23.304    
  4697.326977       1.0000       17.010       22.953       23.272    
  4697.384277       1.0000       17.010       22.829       23.234    
  4697.460941       1.0000       17.010       22.663       23.187    
  4697.565750       1.0000       17.010       22.437       23.126    
  4697.723028       1.0000       17.010       22.097       23.046    
  4697.946924       1.0000       17.010       21.614       22.954    
  4698.000000       1.0000       17.010       21.499       22.934    
  4698.000000       1.0000       17.010       21.499       22.934    
  4698.010822       1.0000       17.010       21.478       22.930    
  4698.021645       1.0000       17.010       21.461       22.926    
  4698.043289       1.0000       17.010       21.426       22.919    
  4698.086579       1.0000       17.010       21.358       22.907    
  4698.173157       1.0000       17.010       21.221       22.885    
  4698.346314       1.0000       17.010       20.946       22.852    
  4698.572309       1.0000       17.010       20.588       22.816    
  4698.873218       1.0000       17.010       20.112       22.773    
  4699.000000       1.0000       17.010       19.911       22.755    
  4699.000000       1.0000       17.010       19.911       22.755    
  4699.138526       1.0000       17.010       19.729       22.736    
  4699.277051       1.0000       17.010       19.550       22.717    
  4699.554103       1.0000       17.010       19.191       22.676    
  4700.000000       1.0000       17.010       18.613       22.601    
  4700.000000       1.0000       17.010       18.613       22.601    
  4700.221641       1.0000       17.010       18.326       22.553    
  4700.443282       1.0000       17.010       18.038       22.497    
  4700.886565       1.0000       17.010       17.464       22.396    
  4701.000000       1.0000       17.010       17.317       22.372    
  4701.000000       1.0000       17.010       17.317       22.372    
  4701.354626       1.0000       17.010       16.958       22.305    
  4701.709252       1.0000       17.010       16.600       22.243    
  4701.848517       1.0000       17.010       16.460       22.219    
  4701.848517       1.0000       17.010       16.460       22.219    
  4701.924259       1.0000       17.010       16.383       22.207    
  4702.000000       1.0000       17.010       16.307       22.194    
  4702.000000       1.0000       17.010       16.307       22.194    
  4702.060593       1.0000       17.010       16.246       22.184    
  4702.121186       1.0000       17.010       16.185       22.174    
  4702.242372       1.0000       17.010       16.063       22.154    
  4702.319484       1.0000       17.010       15.985       22.142    
  4702.319484       1.0000       16.985       15.985       22.142    
  4702.416433       1.0000       17.000       15.887       22.125    
  4702.513382       1.0000       17.000       15.789       22.109    
  4702.637292       1.0000       17.000       15.665       22.089    
  4702.791747       1.0000       17.000       15.509       22.064    
  4703.000000       1.0000       17.000       15.299       22.031    
