#      time         order        tairmean     top       
  4679.000000       1.0000       22.364       22.670    
  4679.400000       1.0000       22.280       22.580    
  4679.800000       1.0000       22.198       22.492    
  4680.000000       1.0000       22.157       22.448    
  4680.000000       1.0000       22.157       22.448    
  4680.002746       1.0000       22.156       22.448    
  4680.005491       1.0000       22.156       22.447    
  4680.007168       1.0000       22.155       22.447    
  4680.007168       1.0000       22.155       22.447    
  4680.009364       1.0000       22.155       22.446    
  4680.011560       1.0000       22.154       22.446    
  4680.015953       1.0000       22.154       22.445    
  4680.024739       1.0000       22.152       22.443    
  4680.042311       1.0000       22.148       22.439    
  4680.077454       1.0000       22.141       22.431    
  4680.147740       1.0000       22.127       22.416    
  4680.288312       1.0000       22.099       22.386    
  4680.569457       1.0000       22.044       22.327    
  4680.676971       1.0000       22.022       22.304    
  4680.676971       1.0000       22.022       22.304    
  4680.726028       1.0000       22.013       22.294    
  4680.775084       1.0000       22.003       22.284    
  4680.873198       1.0000       21.984       22.263    
  4681.000000       1.0000       21.960       22.237    
  4681.000000       1.0000       21.960       22.237    
  4681.078491       1.0000       21.945       22.221    
  4681.156982       1.0000       21.930       22.204    
  4681.313963       1.0000       21.900       22.172    
  4681.627927       1.0000       21.842       22.109    
  4682.000000       1.0000       21.773       22.035    
  4682.000000       1.0000       21.773       22.035    
  4682.251171       1.0000       21.727       21.985    
  4682.502341       1.0000       21.681       21.935    
  4683.000000       1.0000       21.591       21.838    
  4683.000000       1.0000       21.591       21.838    
  4683.200936       1.0000       21.555       21.798    
  4683.401873       1.0000       21.519       21.759    
  4683.803746       1.0000       21.541       21.796    
  4684.000000       1.0000       21.591       21.860    
  4684.000000       1.0000       21.591       21.860    
  4684.006430       1.0000       21.592       21.863    
  4684.012860       1.0000       21.594       21.865    
  4684.023253       1.0000       21.597       21.869    
  4684.035152       1.0000       21.594       21.831    
  4684.052744       1.0000       21.591       21.829    
  4684.076747       1.0000       21.587       21.827    
  4684.097601       1.0000       21.584       21.826    
  4684.120210       1.0000       21.582       21.826    
  4684.139000       1.0000       21.581       21.826    
  4684.157579       1.0000       21.581       21.828    
  4684.174684       1.0000       21.581       21.829    
  4684.191659       1.0000       21.581       21.831    
  4684.208147       1.0000       21.582       21.833    
  4684.224654       1.0000       21.584       21.835    
  4684.241752       1.0000       21.585       21.838    
  4684.260203       1.0000       21.588       21.841    
  4684.280277       1.0000       21.591       21.844    
  4684.302422       1.0000       21.594       21.849    
  4684.327206       1.0000       21.599       21.853    
  4684.355250       1.0000       21.604       21.859    
  4684.387527       1.0000       21.610       21.865    
  4684.425324       1.0000       21.617       21.873    
  4684.470682       1.0000       21.626       21.881    
  4684.526668       1.0000       21.636       21.891    
  4684.598608       1.0000       21.646       21.899    
  4684.598608       1.0000       21.646       21.899    
  4684.606922       1.0000       21.647       21.900    
  4684.615236       1.0000       21.648       21.901    
  4684.631864       1.0000       21.650       21.902    
  4684.665121       1.0000       21.654       21.905    
  4684.731633       1.0000       21.660       21.910    
  4684.864659       1.0000       21.667       21.915    
  4685.000000       1.0000       21.674       21.918    
  4685.000000       1.0000       21.674       21.918    
  4685.106421       1.0000       21.684       21.925    
  4685.212841       1.0000       21.697       21.934    
  4685.425683       1.0000       21.745       21.971    
  4685.756025       1.0000       21.885       22.081    
  4686.000000       1.0000       22.035       22.200    
  4686.000000       1.0000       22.035       22.200    
  4686.034055       1.0000       22.057       22.217    
  4686.068109       1.0000       22.080       22.235    
  4686.136219       1.0000       22.129       22.273    
  4686.216293       1.0000       22.189       22.320    
  4686.308038       1.0000       22.256       22.370    
  4686.427983       1.0000       22.341       22.435    
  4686.602839       1.0000       22.451       22.520    
  4686.906805       1.0000       22.617       22.670    
  4686.912496       1.0000       22.621       22.672    
  4686.912496       1.0000       22.621       22.672    
  4686.929004       1.0000       22.630       22.678    
  4686.945513       1.0000       22.637       22.684    
  4686.978529       1.0000       22.652       22.695    
  4687.000000       1.0000       22.660       22.701    
  4687.000000       1.0000       22.660       22.701    
  4687.026413       1.0000       22.670       22.708    
  4687.052827       1.0000       22.679       22.715    
  4687.063392       1.0000       22.682       22.718    
  4687.084523       1.0000       22.688       22.723    
  4687.092975       1.0000       22.691       22.725    
  4687.109880       1.0000       22.695       22.729    
  4687.143689       1.0000       22.704       22.737    
  4687.189019       1.0000       22.715       22.748    
  4687.241589       1.0000       22.727       22.760    
  4687.299583       1.0000       22.739       22.772    
  4687.365131       1.0000       22.752       22.787    
  4687.442218       1.0000       22.768       22.804    
  4687.543623       1.0000       22.789       22.828    
  4687.668103       1.0000       22.815       22.858    
  4687.831894       1.0000       22.852       22.899    
  4687.966248       1.0000       22.883       22.934    
  4688.000000       1.0000       22.891       22.943    
  4688.000000       1.0000       22.891       22.943    
  4688.021131       1.0000       22.896       22.949    
  4688.042261       1.0000       22.901       22.954    
  4688.084523       1.0000       22.911       22.965    
  4688.169046       1.0000       22.931       22.988    
  4688.169046       1.0000       22.931       22.988    
  4688.202855       1.0000       22.939       22.997    
  4688.236664       1.0000       22.947       23.005    
  4688.304282       1.0000       22.963       23.023    
  4688.381898       1.0000       22.981       23.044    
  4688.381898       1.0000       22.981       23.044    
  4688.435992       1.0000       22.995       23.062    
  4688.490087       1.0000       23.009       23.078    
  4688.598276       1.0000       23.037       23.109    
  4688.814654       1.0000       23.090       23.169    
  4689.000000       1.0000       23.134       23.221    
  4689.000000       1.0000       23.134       23.221    
  4689.173103       1.0000       23.175       23.269    
  4689.346205       1.0000       23.216       23.317    
  4689.676165       1.0000       23.299       23.410    
  4689.676165       1.0000       23.299       23.410    
  4689.814647       1.0000       23.334       23.449    
  4689.953129       1.0000       23.370       23.489    
  4690.000000       1.0000       23.382       23.503    
  4690.000000       1.0000       23.382       23.503    
  4690.110786       1.0000       23.411       23.534    
  4690.221571       1.0000       23.440       23.565    
  4690.265886       1.0000       23.452       23.578    
  4690.354514       1.0000       23.475       23.603    
  4690.531771       1.0000       23.520       23.652    
  4690.886285       1.0000       23.611       23.750    
  4690.886285       1.0000       23.611       23.750    
  4690.898828       1.0000       23.614       23.754    
  4690.911371       1.0000       23.618       23.757    
  4690.936458       1.0000       23.624       23.764    
  4690.986630       1.0000       23.637       23.778    
  4691.000000       1.0000       23.640       23.781    
  4691.000000       1.0000       23.640       23.781    
  4691.040138       1.0000       23.651       23.792    
  4691.080275       1.0000       23.661       23.803    
  4691.160551       1.0000       23.681       23.825    
  4691.321102       1.0000       23.722       23.868    
  4691.642204       1.0000       23.802       23.954    
  4692.000000       1.0000       23.890       24.048    
  4692.000000       1.0000       23.890       24.048    
  4692.256882       1.0000       23.952       24.114    
  4692.513763       1.0000       24.006       24.175    
  4693.000000       1.0000       24.000       24.225    
  4693.000000       1.0000       24.000       24.225    
  4693.205505       1.0000       24.000       24.246    
  4693.411010       1.0000       24.000       24.266    
  4693.822021       1.0000       24.000       24.301    
  4694.000000       1.0000       24.000       24.315    
  4694.000000       1.0000       24.000       24.315    
  4694.328808       1.0000       24.000       24.338    
  4694.657617       1.0000       24.000       24.357    
  4695.000000       1.0000       24.000       24.374    
  4695.000000       1.0000       24.000       24.374    
  4695.263047       1.0000       24.000       24.386    
  4695.526093       1.0000       24.000       24.395    
  4696.000000       1.0000       24.000       24.398    
  4696.000000       1.0000       24.000       24.398    
  4696.026105       1.0000       24.000       24.398    
  4696.052211       1.0000       24.000       24.397    
  4696.104422       1.0000       24.000       24.396    
  4696.104422       1.0000       24.000       24.396    
  4696.125306       1.0000       24.000       24.395    
  4696.146190       1.0000       24.000       24.395    
  4696.187959       1.0000       24.000       24.393    
  4696.271496       1.0000       24.000       24.389    
  4696.438571       1.0000       23.999       24.377    
  4696.772720       1.0000       23.999       24.336    
  4696.818176       1.0000       23.999       24.329    
  4696.909088       1.0000       23.999       24.313    
  4697.000000       1.0000       23.992       24.293    
  4697.000000       1.0000       23.992       24.293    
  4697.004461       1.0000       23.991       24.292    
  4697.008921       1.0000       23.991       24.291    
  4697.013149       1.0000       23.990       24.290    
  4697.017907       1.0000       23.989       24.289    
  4697.023074       1.0000       23.988       24.287    
  4697.029092       1.0000       23.987       24.285    
  4697.036243       1.0000       23.985       24.283    
  4697.045507       1.0000       23.982       24.280    
  4697.060682       1.0000       23.977       24.275    
  4697.076057       1.0000       23.971       24.269    
  4697.092711       1.0000       23.964       24.263    
  4697.109222       1.0000       23.957       24.256    
  4697.127327       1.0000       23.948       24.248    
  4697.127327       1.0000       23.948       24.248    
  4697.130709       1.0000       23.946       24.247    
  4697.134091       1.0000       23.945       24.245    
  4697.140855       1.0000       23.941       24.242    
  4697.154383       1.0000       23.934       24.236    
  4697.175577       1.0000       23.922       24.226    
  4697.180235       1.0000       23.920       24.224    
  4697.189553       1.0000       23.911       24.192    
  4697.193280       1.0000       23.907       24.189    
  4697.200734       1.0000       23.901       24.183    
  4697.215642       1.0000       23.887       24.172    
  4697.245380       1.0000       23.861       24.151    
  4697.280250       1.0000       23.832       24.129    
  4697.326977       1.0000       23.796       24.101    
  4697.384277       1.0000       23.754       24.069    
  4697.460941       1.0000       23.705       24.032    
  4697.565750       1.0000       23.645       23.986    
  4697.723028       1.0000       23.568       23.926    
  4697.946924       1.0000       23.482       23.856    
  4698.000000       1.0000       23.464       23.841    
  4698.000000       1.0000       23.464       23.841    
  4698.010822       1.0000       23.460       23.838    
  4698.021645       1.0000       23.456       23.835    
  4698.043289       1.0000       23.450       23.830    
  4698.086579       1.0000       23.438       23.821    
  4698.173157       1.0000       23.419       23.804    
  4698.346314       1.0000       23.391       23.778    
  4698.572309       1.0000       23.362       23.750    
  4698.873218       1.0000       23.331       23.719    
  4699.000000       1.0000       23.320       23.709    
  4699.000000       1.0000       23.320       23.709    
  4699.138526       1.0000       23.310       23.699    
  4699.277051       1.0000       23.300       23.690    
  4699.554103       1.0000       23.278       23.667    
  4700.000000       1.0000       23.243       23.628    
  4700.000000       1.0000       23.243       23.628    
  4700.221641       1.0000       23.166       23.518    
  4700.443282       1.0000       23.064       23.399    
  4700.886565       1.0000       22.890       23.219    
  4701.000000       1.0000       22.849       23.179    
  4701.000000       1.0000       22.849       23.179    
  4701.354626       1.0000       22.747       23.074    
  4701.709252       1.0000       22.657       22.981    
  4701.848517       1.0000       22.623       22.945    
  4701.848517       1.0000       22.623       22.945    
  4701.924259       1.0000       22.605       22.926    
  4702.000000       1.0000       22.587       22.907    
  4702.000000       1.0000       22.587       22.907    
  4702.060593       1.0000       22.573       22.892    
  4702.121186       1.0000       22.559       22.877    
  4702.242372       1.0000       22.531       22.848    
  4702.319484       1.0000       22.514       22.829    
  4702.319484       1.0000       22.514       22.829    
  4702.416433       1.0000       22.492       22.806    
  4702.513382       1.0000       22.470       22.783    
  4702.637292       1.0000       22.443       22.754    
  4702.791747       1.0000       22.409       22.718    
  4703.000000       1.0000       22.364       22.670    
