#      time         order        air_age      relhum       xco2vol   
  4679.000000       1.0000      0.98254      0.58841       401.14    
  4679.400000       1.0000      0.98262      0.59409       400.81    
  4679.800000       1.0000      0.98267      0.59889       400.58    
  4680.000000       1.0000      0.98270      0.60111       400.48    
  4680.000000       1.0000      0.98270      0.60111       400.48    
  4680.002746       1.0000      0.98270      0.60114       400.48    
  4680.005491       1.0000      0.98270      0.60117       400.48    
  4680.007168       1.0000      0.98270      0.60119       400.48    
  4680.007168       1.0000      0.98270      0.60119       400.48    
  4680.009364       1.0000      0.98270      0.60121       400.47    
  4680.011560       1.0000      0.98270      0.60124       400.47    
  4680.015953       1.0000      0.98270      0.60128       400.47    
  4680.024739       1.0000      0.98270      0.60138       400.47    
  4680.042311       1.0000      0.98270      0.60157       400.46    
  4680.077454       1.0000      0.98271      0.60195       400.44    
  4680.147740       1.0000      0.98271      0.60269       400.41    
  4680.288312       1.0000      0.98272      0.60410       400.36    
  4680.569457       1.0000      0.98271      0.60533       400.28    
  4680.676971       1.0000      0.98270      0.60560       400.25    
  4680.676971       1.0000      0.98270      0.60560       400.25    
  4680.726028       1.0000      0.98270      0.60567       400.24    
  4680.775084       1.0000      0.98269      0.60570       400.23    
  4680.873198       1.0000      0.98267      0.60561       400.21    
  4681.000000       1.0000      0.98264      0.60533       400.18    
  4681.000000       1.0000      0.98264      0.60533       400.18    
  4681.078491       1.0000      0.98262      0.60506       400.17    
  4681.156982       1.0000      0.98260      0.60475       400.16    
  4681.313963       1.0000      0.98256      0.60399       400.14    
  4681.627927       1.0000      0.98246      0.60212       400.10    
  4682.000000       1.0000      0.98233      0.59932       400.07    
  4682.000000       1.0000      0.98233      0.59932       400.07    
  4682.251171       1.0000      0.98224      0.59727       400.06    
  4682.502341       1.0000      0.98215      0.59509       400.05    
  4683.000000       1.0000      0.98196      0.59049       400.03    
  4683.000000       1.0000      0.98196      0.59049       400.03    
  4683.200936       1.0000      0.98189      0.58875       400.03    
  4683.401873       1.0000      0.98182      0.58713       400.02    
  4683.803746       1.0000      0.98169      0.58096       400.02    
  4684.000000       1.0000      0.98163      0.57832       400.01    
  4684.000000       1.0000      0.98163      0.57832       400.01    
  4684.006430       1.0000      0.98162      0.57823       400.01    
  4684.012860       1.0000      0.98162      0.57814       400.01    
  4684.023253       1.0000      0.98162      0.57799       400.01    
  4684.035152       1.0000      0.98162      0.57782       400.01    
  4684.052744       1.0000      0.98161      0.57757       400.01    
  4684.076747       1.0000      0.98160      0.57720       400.01    
  4684.097601       1.0000      0.98160      0.57688       400.01    
  4684.120210       1.0000      0.98159      0.57651       400.01    
  4684.139000       1.0000      0.98159      0.57621       400.01    
  4684.157579       1.0000      0.98158      0.57590       400.01    
  4684.174684       1.0000      0.98158      0.57561       400.01    
  4684.191659       1.0000      0.98158      0.57532       400.01    
  4684.208147       1.0000      0.98157      0.57504       400.01    
  4684.224654       1.0000      0.98157      0.57476       400.01    
  4684.241752       1.0000      0.98156      0.57446       400.01    
  4684.260203       1.0000      0.98156      0.57415       400.01    
  4684.280277       1.0000      0.98156      0.57380       400.01    
  4684.302422       1.0000      0.98155      0.57342       400.01    
  4684.327206       1.0000      0.98155      0.57300       400.01    
  4684.355250       1.0000      0.98155      0.57253       400.01    
  4684.387527       1.0000      0.98154      0.57201       400.01    
  4684.425324       1.0000      0.98154      0.57141       400.01    
  4684.470682       1.0000      0.98153      0.57070       400.01    
  4684.526668       1.0000      0.98153      0.56988       400.01    
  4684.598608       1.0000      0.98152      0.56899       400.01    
  4684.598608       1.0000      0.98152      0.56899       400.01    
  4684.606922       1.0000      0.98152      0.56889       400.01    
  4684.615236       1.0000      0.98152      0.56879       400.01    
  4684.631864       1.0000      0.98152      0.56860       400.01    
  4684.665121       1.0000      0.98152      0.56824       400.01    
  4684.731633       1.0000      0.98152      0.56756       400.01    
  4684.864659       1.0000      0.98152      0.56635       400.15    
  4685.000000       1.0000      0.98153      0.56525       400.59    
  4685.000000       1.0000      0.98153      0.56525       400.59    
  4685.106421       1.0000      0.98154      0.56457       401.48    
  4685.212841       1.0000      0.98156      0.56416       402.92    
  4685.425683       1.0000      0.98163      0.56422       409.01    
  4685.756025       1.0000      0.98180      0.56588       428.46    
  4686.000000       1.0000      0.98194      0.56733       449.65    
  4686.000000       1.0000      0.98194      0.56733       449.65    
  4686.034055       1.0000      0.98196      0.56758       452.75    
  4686.068109       1.0000      0.98199      0.56789       455.97    
  4686.136219       1.0000      0.98204      0.56865       462.92    
  4686.216293       1.0000      0.98210      0.56938       471.65    
  4686.308038       1.0000      0.98216      0.57011       482.15    
  4686.427983       1.0000      0.98223      0.57088       496.46    
  4686.602839       1.0000      0.98232      0.57185       517.62    
  4686.906805       1.0000      0.98243      0.57349       551.51    
  4686.912496       1.0000      0.98244      0.57348       552.14    
  4686.912496       1.0000      0.98244      0.57348       552.14    
  4686.929004       1.0000      0.98244      0.57348       553.96    
  4686.945513       1.0000      0.98245      0.57348       555.77    
  4686.978529       1.0000      0.98246      0.57342       559.32    
  4687.000000       1.0000      0.98246      0.57336       561.61    
  4687.000000       1.0000      0.98246      0.57336       561.61    
  4687.026413       1.0000      0.98246      0.57327       564.36    
  4687.052827       1.0000      0.98246      0.57317       567.06    
  4687.063392       1.0000      0.98246      0.57312       568.12    
  4687.084523       1.0000      0.98246      0.57302       570.23    
  4687.092975       1.0000      0.98246      0.57298       571.06    
  4687.109880       1.0000      0.98246      0.57288       572.71    
  4687.143689       1.0000      0.98246      0.57265       575.91    
  4687.189019       1.0000      0.98246      0.57226       580.05    
  4687.241589       1.0000      0.98244      0.57175       584.62    
  4687.299583       1.0000      0.98243      0.57112       589.37    
  4687.365131       1.0000      0.98241      0.57030       594.41    
  4687.442218       1.0000      0.98238      0.56920       599.90    
  4687.543623       1.0000      0.98234      0.56750       606.45    
  4687.668103       1.0000      0.98228      0.56504       613.58    
  4687.831894       1.0000      0.98218      0.56127       621.61    
  4687.966248       1.0000      0.98210      0.55791       627.40    
  4688.000000       1.0000      0.98208      0.55706       628.81    
  4688.000000       1.0000      0.98208      0.55706       628.81    
  4688.021131       1.0000      0.98206      0.55651       629.67    
  4688.042261       1.0000      0.98205      0.55597       630.51    
  4688.084523       1.0000      0.98202      0.55486       632.13    
  4688.169046       1.0000      0.98196      0.55260       635.13    
  4688.169046       1.0000      0.98196      0.55260       635.13    
  4688.202855       1.0000      0.98194      0.55169       636.28    
  4688.236664       1.0000      0.98192      0.55077       637.39    
  4688.304282       1.0000      0.98187      0.54892       639.47    
  4688.381898       1.0000      0.98182      0.54677       641.68    
  4688.381898       1.0000      0.98182      0.54677       641.68    
  4688.435992       1.0000      0.98178      0.54533       643.14    
  4688.490087       1.0000      0.98174      0.54387       644.53    
  4688.598276       1.0000      0.98167      0.54097       647.01    
  4688.814654       1.0000      0.98152      0.53522       651.12    
  4689.000000       1.0000      0.98140      0.53042       654.04    
  4689.000000       1.0000      0.98140      0.53042       654.04    
  4689.173103       1.0000      0.98129      0.52611       656.36    
  4689.346205       1.0000      0.98118      0.52198       658.33    
  4689.676165       1.0000      0.98100      0.51474       661.12    
  4689.676165       1.0000      0.98100      0.51474       661.12    
  4689.814647       1.0000      0.98093      0.51193       662.15    
  4689.953129       1.0000      0.98086      0.50928       663.04    
  4690.000000       1.0000      0.98083      0.50856       663.33    
  4690.000000       1.0000      0.98083      0.50856       663.33    
  4690.110786       1.0000      0.98078      0.50701       663.95    
  4690.221571       1.0000      0.98074      0.50550       664.50    
  4690.265886       1.0000      0.98072      0.50490       664.71    
  4690.354514       1.0000      0.98068      0.50376       665.11    
  4690.531771       1.0000      0.98062      0.50167       665.76    
  4690.886285       1.0000      0.98051      0.49814       666.72    
  4690.886285       1.0000      0.98051      0.49814       666.72    
  4690.898828       1.0000      0.98050      0.49801       666.75    
  4690.911371       1.0000      0.98050      0.49789       666.79    
  4690.936458       1.0000      0.98049      0.49765       666.85    
  4690.986630       1.0000      0.98047      0.49717       666.98    
  4691.000000       1.0000      0.98047      0.49704       667.01    
  4691.000000       1.0000      0.98047      0.49704       667.01    
  4691.040138       1.0000      0.98046      0.49668       667.10    
  4691.080275       1.0000      0.98045      0.49632       667.19    
  4691.160551       1.0000      0.98043      0.49563       667.35    
  4691.321102       1.0000      0.98039      0.49435       667.63    
  4691.642204       1.0000      0.98032      0.49217       668.05    
  4692.000000       1.0000      0.98025      0.49007       668.39    
  4692.000000       1.0000      0.98025      0.49007       668.39    
  4692.256882       1.0000      0.98021      0.48873       668.58    
  4692.513763       1.0000      0.98018      0.48756       668.73    
  4693.000000       1.0000      0.98012      0.48573       668.92    
  4693.000000       1.0000      0.98012      0.48573       668.92    
  4693.205505       1.0000      0.98010      0.48505       668.99    
  4693.411010       1.0000      0.98008      0.48445       669.04    
  4693.822021       1.0000      0.98005      0.48350       669.12    
  4694.000000       1.0000      0.98004      0.48313       669.14    
  4694.000000       1.0000      0.98004      0.48313       669.14    
  4694.328808       1.0000      0.98002      0.48268       669.18    
  4694.657617       1.0000      0.98001      0.48244       669.21    
  4695.000000       1.0000      0.98001      0.48243       669.23    
  4695.000000       1.0000      0.98001      0.48243       669.23    
  4695.263047       1.0000      0.98002      0.48254       669.25    
  4695.526093       1.0000      0.98002      0.48277       669.26    
  4696.000000       1.0000      0.98004      0.48331       668.06    
  4696.000000       1.0000      0.98004      0.48331       668.06    
  4696.026105       1.0000      0.98004      0.48334       667.96    
  4696.052211       1.0000      0.98004      0.48336       667.82    
  4696.104422       1.0000      0.98005      0.48339       667.41    
  4696.104422       1.0000      0.98005      0.48339       667.41    
  4696.125306       1.0000      0.98005      0.48340       667.23    
  4696.146190       1.0000      0.98005      0.48341       667.02    
  4696.187959       1.0000      0.98005      0.48342       666.53    
  4696.271496       1.0000      0.98006      0.48340       665.07    
  4696.438571       1.0000      0.98007      0.48314       660.05    
  4696.772720       1.0000      0.98009      0.48153       639.83    
  4696.818176       1.0000      0.98010      0.48129       636.83    
  4696.909088       1.0000      0.98011      0.48068       629.75    
  4697.000000       1.0000      0.98011      0.47995       621.68    
  4697.000000       1.0000      0.98011      0.47995       621.68    
  4697.004461       1.0000      0.98012      0.47988       621.28    
  4697.008921       1.0000      0.98012      0.47982       620.88    
  4697.013149       1.0000      0.98012      0.47976       620.50    
  4697.017907       1.0000      0.98012      0.47970       620.06    
  4697.023074       1.0000      0.98012      0.47964       619.59    
  4697.029092       1.0000      0.98012      0.47958       619.04    
  4697.036243       1.0000      0.98012      0.47952       618.37    
  4697.045507       1.0000      0.98012      0.47945       617.50    
  4697.060682       1.0000      0.98012      0.47936       616.05    
  4697.076057       1.0000      0.98012      0.47931       614.55    
  4697.092711       1.0000      0.98012      0.47928       612.90    
  4697.109222       1.0000      0.98013      0.47928       611.23    
  4697.127327       1.0000      0.98013      0.47931       609.37    
  4697.127327       1.0000      0.98013      0.47931       609.37    
  4697.130709       1.0000      0.98013      0.47931       609.02    
  4697.134091       1.0000      0.98013      0.47932       608.67    
  4697.140855       1.0000      0.98013      0.47934       607.96    
  4697.154383       1.0000      0.98013      0.47938       606.53    
  4697.175577       1.0000      0.98013      0.47949       604.25    
  4697.180235       1.0000      0.98013      0.47951       603.74    
  4697.189553       1.0000      0.98014      0.47956       602.73    
  4697.193280       1.0000      0.98014      0.47959       602.32    
  4697.200734       1.0000      0.98014      0.47963       601.50    
  4697.215642       1.0000      0.98014      0.47973       599.84    
  4697.245380       1.0000      0.98014      0.47994       596.48    
  4697.280250       1.0000      0.98015      0.48022       592.48    
  4697.326977       1.0000      0.98016      0.48062       587.01    
  4697.384277       1.0000      0.98017      0.48116       580.14    
  4697.460941       1.0000      0.98018      0.48187       570.83    
  4697.565750       1.0000      0.98020      0.48287       558.02    
  4697.723028       1.0000      0.98025      0.48435       539.24    
  4697.946924       1.0000      0.98031      0.48653       514.61    
  4698.000000       1.0000      0.98033      0.48704       508.91    
  4698.000000       1.0000      0.98033      0.48704       508.91    
  4698.010822       1.0000      0.98033      0.48715       507.76    
  4698.021645       1.0000      0.98034      0.48725       506.62    
  4698.043289       1.0000      0.98034      0.48744       504.38    
  4698.086579       1.0000      0.98036      0.48781       500.05    
  4698.173157       1.0000      0.98039      0.48854       491.98    
  4698.346314       1.0000      0.98044      0.49011       478.18    
  4698.572309       1.0000      0.98053      0.49263       463.53    
  4698.873218       1.0000      0.98064      0.49675       448.62    
  4699.000000       1.0000      0.98069      0.49864       443.05    
  4699.000000       1.0000      0.98069      0.49864       443.05    
  4699.138526       1.0000      0.98074      0.50081       437.73    
  4699.277051       1.0000      0.98080      0.50310       433.06    
  4699.554103       1.0000      0.98091      0.50808       425.78    
  4700.000000       1.0000      0.98110      0.51707       417.73    
  4700.000000       1.0000      0.98110      0.51707       417.73    
  4700.221641       1.0000      0.98120      0.52181       414.46    
  4700.443282       1.0000      0.98130      0.52680       411.80    
  4700.886565       1.0000      0.98152      0.53760       408.13    
  4701.000000       1.0000      0.98158      0.54042       407.29    
  4701.000000       1.0000      0.98158      0.54042       407.29    
  4701.354626       1.0000      0.98177      0.54923       405.35    
  4701.709252       1.0000      0.98195      0.55824       403.93    
  4701.848517       1.0000      0.98203      0.56183       403.45    
  4701.848517       1.0000      0.98203      0.56183       403.45    
  4701.924259       1.0000      0.98207      0.56380       403.20    
  4702.000000       1.0000      0.98211      0.56579       402.97    
  4702.000000       1.0000      0.98211      0.56579       402.97    
  4702.060593       1.0000      0.98214      0.56739       402.80    
  4702.121186       1.0000      0.98218      0.56900       402.64    
  4702.242372       1.0000      0.98224      0.57229       402.35    
  4702.319484       1.0000      0.98229      0.57440       402.18    
  4702.319484       1.0000      0.98229      0.57440       402.18    
  4702.416433       1.0000      0.98234      0.57684       401.98    
  4702.513382       1.0000      0.98238      0.57912       401.80    
  4702.637292       1.0000      0.98243      0.58179       401.60    
  4702.791747       1.0000      0.98248      0.58481       401.38    
  4703.000000       1.0000      0.98254      0.58842       401.14    
