#      time         order        anzahl_ka1   anzahl_kal   anzahl_wa1   anzahl_war   pmv_1        ppd_1     
  4679.000000       1.0000       0.0000       0.0000       0.0000       0.0000       0.0000       0.0000    
  4679.400000       1.0000       0.0000       0.0000       0.0000       0.0000       0.0000       0.0000    
  4679.800000       1.0000       0.0000       0.0000       0.0000       0.0000       0.0000       0.0000    
  4680.000000       1.0000       0.0000       0.0000       0.0000       0.0000       0.0000       0.0000    
  4680.000000       1.0000       0.0000       0.0000       0.0000       0.0000       0.0000       0.0000    
  4680.002746       1.0000       0.0000       0.0000       0.0000       0.0000       0.0000       0.0000    
  4680.005491       1.0000       0.0000       0.0000       0.0000       0.0000       0.0000       0.0000    
  4680.007168       1.0000       0.0000       0.0000       0.0000       0.0000       0.0000       0.0000    
  4680.007168       1.0000       0.0000       0.0000       0.0000       0.0000       0.0000       0.0000    
  4680.009364       1.0000       0.0000       0.0000       0.0000       0.0000       0.0000       0.0000    
  4680.011560       1.0000       0.0000       0.0000       0.0000       0.0000       0.0000       0.0000    
  4680.015953       1.0000       0.0000       0.0000       0.0000       0.0000       0.0000       0.0000    
  4680.024739       1.0000       0.0000       0.0000       0.0000       0.0000       0.0000       0.0000    
  4680.042311       1.0000       0.0000       0.0000       0.0000       0.0000       0.0000       0.0000    
  4680.077454       1.0000       0.0000       0.0000       0.0000       0.0000       0.0000       0.0000    
  4680.147740       1.0000       0.0000       0.0000       0.0000       0.0000       0.0000       0.0000    
  4680.288312       1.0000       0.0000       0.0000       0.0000       0.0000       0.0000       0.0000    
  4680.569457       1.0000       0.0000       0.0000       0.0000       0.0000       0.0000       0.0000    
  4680.676971       1.0000       0.0000       0.0000       0.0000       0.0000       0.0000       0.0000    
  4680.676971       1.0000       0.0000       0.0000       0.0000       0.0000       0.0000       0.0000    
  4680.726028       1.0000       0.0000       0.0000       0.0000       0.0000       0.0000       0.0000    
  4680.775084       1.0000       0.0000       0.0000       0.0000       0.0000       0.0000       0.0000    
  4680.873198       1.0000       0.0000       0.0000       0.0000       0.0000       0.0000       0.0000    
  4681.000000       1.0000       0.0000       0.0000       0.0000       0.0000       0.0000       0.0000    
  4681.000000       1.0000       0.0000       0.0000       0.0000       0.0000       0.0000       0.0000    
  4681.078491       1.0000       0.0000       0.0000       0.0000       0.0000       0.0000       0.0000    
  4681.156982       1.0000       0.0000       0.0000       0.0000       0.0000       0.0000       0.0000    
  4681.313963       1.0000       0.0000       0.0000       0.0000       0.0000       0.0000       0.0000    
  4681.627927       1.0000       0.0000       0.0000       0.0000       0.0000       0.0000       0.0000    
  4682.000000       1.0000       0.0000       0.0000       0.0000       0.0000       0.0000       0.0000    
  4682.000000       1.0000       0.0000       0.0000       0.0000       0.0000       0.0000       0.0000    
  4682.251171       1.0000       0.0000       0.0000       0.0000       0.0000       0.0000       0.0000    
  4682.502341       1.0000       0.0000       0.0000       0.0000       0.0000       0.0000       0.0000    
  4683.000000       1.0000       0.0000       0.0000       0.0000       0.0000       0.0000       0.0000    
  4683.000000       1.0000       0.0000       0.0000       0.0000       0.0000       0.0000       0.0000    
  4683.200936       1.0000       0.0000       0.0000       0.0000       0.0000       0.0000       0.0000    
  4683.401873       1.0000       0.0000       0.0000       0.0000       0.0000       0.0000       0.0000    
  4683.803746       1.0000       0.0000       0.0000       0.0000       0.0000       0.0000       0.0000    
  4684.000000       1.0000       0.0000       0.0000       0.0000       0.0000       0.0000       0.0000    
  4684.000000       1.0000       0.0000       0.0000       0.0000       0.0000       0.0000       0.0000    
  4684.006430       1.0000       0.0000       0.0000       0.0000       0.0000       0.0000       0.0000    
  4684.012860       1.0000       0.0000       0.0000       0.0000       0.0000       0.0000       0.0000    
  4684.023253       1.0000       0.0000       0.0000       0.0000       0.0000       0.0000       0.0000    
  4684.035152       1.0000       0.0000       0.0000       0.0000       0.0000       0.0000       0.0000    
  4684.052744       1.0000       0.0000       0.0000       0.0000       0.0000       0.0000       0.0000    
  4684.076747       1.0000       0.0000       0.0000       0.0000       0.0000       0.0000       0.0000    
  4684.097601       1.0000       0.0000       0.0000       0.0000       0.0000       0.0000       0.0000    
  4684.120210       1.0000       0.0000       0.0000       0.0000       0.0000       0.0000       0.0000    
  4684.139000       1.0000       0.0000       0.0000       0.0000       0.0000       0.0000       0.0000    
  4684.157579       1.0000       0.0000       0.0000       0.0000       0.0000       0.0000       0.0000    
  4684.174684       1.0000       0.0000       0.0000       0.0000       0.0000       0.0000       0.0000    
  4684.191659       1.0000       0.0000       0.0000       0.0000       0.0000       0.0000       0.0000    
  4684.208147       1.0000       0.0000       0.0000       0.0000       0.0000       0.0000       0.0000    
  4684.224654       1.0000       0.0000       0.0000       0.0000       0.0000       0.0000       0.0000    
  4684.241752       1.0000       0.0000       0.0000       0.0000       0.0000       0.0000       0.0000    
  4684.260203       1.0000       0.0000       0.0000       0.0000       0.0000       0.0000       0.0000    
  4684.280277       1.0000       0.0000       0.0000       0.0000       0.0000       0.0000       0.0000    
  4684.302422       1.0000       0.0000       0.0000       0.0000       0.0000       0.0000       0.0000    
  4684.327206       1.0000       0.0000       0.0000       0.0000       0.0000       0.0000       0.0000    
  4684.355250       1.0000       0.0000       0.0000       0.0000       0.0000       0.0000       0.0000    
  4684.387527       1.0000       0.0000       0.0000       0.0000       0.0000       0.0000       0.0000    
  4684.425324       1.0000       0.0000       0.0000       0.0000       0.0000       0.0000       0.0000    
  4684.470682       1.0000       0.0000       0.0000       0.0000       0.0000       0.0000       0.0000    
  4684.526668       1.0000       0.0000       0.0000       0.0000       0.0000       0.0000       0.0000    
  4684.598608       1.0000       0.0000       0.0000       0.0000       0.0000       0.0000       0.0000    
  4684.598608       1.0000       0.0000       0.0000       0.0000       0.0000       0.0000       0.0000    
  4684.606922       1.0000       0.0000       0.0000       0.0000       0.0000       0.0000       0.0000    
  4684.615236       1.0000       0.0000       0.0000       0.0000       0.0000       0.0000       0.0000    
  4684.631864       1.0000       0.0000       0.0000       0.0000       0.0000       0.0000       0.0000    
  4684.665121       1.0000       0.0000       0.0000       0.0000       0.0000       0.0000       0.0000    
  4684.731633       1.0000       0.0000       0.0000       0.0000       0.0000       0.0000       0.0000    
  4684.864659       1.0000       0.0000       0.0000       0.0000       0.0000     -0.23440       6.1400    
  4685.000000       1.0000       0.0000       0.0000       0.0000       0.0000     -0.23536       6.1494    
  4685.000000       1.0000       0.0000       0.0000       0.0000       0.0000     -0.23520       6.1479    
  4685.106421       1.0000       0.0000       0.0000       0.0000       0.0000     -0.23454       6.1414    
  4685.212841       1.0000       0.0000       0.0000       0.0000       0.0000     -0.23318       6.1282    
  4685.425683       1.0000       0.0000       0.0000       0.0000       0.0000     -0.22669       6.0662    
  4685.756025       1.0000       0.0000       0.0000       0.0000       0.0000     -0.20689       5.8877    
  4686.000000       1.0000       0.0000       0.0000       0.0000       0.0000     -0.18581       5.7158    
  4686.000000       1.0000       0.0000       0.0000       0.0000       0.0000     -0.18581       5.7158    
  4686.034055       1.0000       0.0000       0.0000       0.0000       0.0000     -0.18270       5.6920    
  4686.068109       1.0000       0.0000       0.0000       0.0000       0.0000     -0.17945       5.6675    
  4686.136219       1.0000       0.0000       0.0000       0.0000       0.0000     -0.17254       5.6170    
  4686.216293       1.0000       0.0000       0.0000       0.0000       0.0000     -0.16422       5.5589    
  4686.308038       1.0000       0.0000       0.0000       0.0000       0.0000     -0.15500       5.4979    
  4686.427983       1.0000       0.0000       0.0000       0.0000       0.0000     -0.14315       5.4246    
  4686.602839       1.0000       0.0000       0.0000       0.0000       0.0000     -0.12712       5.3348    
  4686.906805       1.0000       0.0000       0.0000       0.0000       0.0000     -0.10419       5.2248    
  4686.912496       1.0000       0.0000       0.0000       0.0000       0.0000     -0.10369       5.2227    
  4686.912496       1.0000       0.0000       0.0000       0.0000       0.0000     -0.10369       5.2227    
  4686.929004       1.0000       0.0000       0.0000       0.0000       0.0000     -0.10255       5.2178    
  4686.945513       1.0000       0.0000       0.0000       0.0000       0.0000     -0.10143       5.2131    
  4686.978529       1.0000       0.0000       0.0000       0.0000       0.0000     -9.92737E-02   5.2041    
  4687.000000       1.0000       0.0000       0.0000       0.0000       0.0000     -9.79017E-02   5.1985    
  4687.000000       1.0000       0.0000       0.0000       0.0000       0.0000     -9.79016E-02   5.1985    
  4687.026413       1.0000       0.0000       0.0000       0.0000       0.0000     -9.63602E-02   5.1923    
  4687.052827       1.0000       0.0000       0.0000       0.0000       0.0000     -9.48660E-02   5.1864    
  4687.063392       1.0000       0.0000       0.0000       0.0000       0.0000     -9.42762E-02   5.1841    
  4687.084523       1.0000       0.0000       0.0000       0.0000       0.0000     -9.31187E-02   5.1796    
  4687.092975       1.0000       0.0000       0.0000       0.0000       0.0000     -9.26630E-02   5.1778    
  4687.109880       1.0000       0.0000       0.0000       0.0000       0.0000     -9.17651E-02   5.1744    
  4687.143689       1.0000       0.0000       0.0000       0.0000       0.0000     -9.30382E-02   5.1793    
  4687.189019       1.0000       0.0000       0.0000       0.0000       0.0000     -9.16434E-02   5.1739    
  4687.241589       1.0000       0.0000       0.0000       0.0000       0.0000     -8.99930E-02   5.1677    
  4687.299583       1.0000       0.0000       0.0000       0.0000       0.0000     -8.81250E-02   5.1608    
  4687.365131       1.0000       0.0000       0.0000       0.0000       0.0000     -8.59702E-02   5.1530    
  4687.442218       1.0000       0.0000       0.0000       0.0000       0.0000     -8.34314E-02   5.1441    
  4687.543623       1.0000       0.0000       0.0000       0.0000       0.0000     -8.01691E-02   5.1331    
  4687.668103       1.0000       0.0000       0.0000       0.0000       0.0000     -7.63405E-02   5.1207    
  4687.831894       1.0000       0.0000       0.0000       0.0000       0.0000     -7.16626E-02   5.1063    
  4687.966248       1.0000       0.0000       0.0000       0.0000       0.0000     -6.80507E-02   5.0959    
  4688.000000       1.0000       0.0000       0.0000       0.0000       0.0000     -6.71524E-02   5.0934    
  4688.000000       1.0000       0.0000       0.0000       0.0000       0.0000     -6.71524E-02   5.0934    
  4688.021131       1.0000       0.0000       0.0000       0.0000       0.0000     -6.65891E-02   5.0918    
  4688.042261       1.0000       0.0000       0.0000       0.0000       0.0000     -6.60235E-02   5.0903    
  4688.084523       1.0000       0.0000       0.0000       0.0000       0.0000     -6.48831E-02   5.0872    
  4688.169046       1.0000       0.0000       0.0000       0.0000       0.0000     -6.26087E-02   5.0812    
  4688.169046       1.0000       0.0000       0.0000       0.0000       0.0000     -6.26088E-02   5.0812    
  4688.202855       1.0000       0.0000       0.0000       0.0000       0.0000     -6.17000E-02   5.0788    
  4688.236664       1.0000       0.0000       0.0000       0.0000       0.0000     -6.07900E-02   5.0765    
  4688.304282       1.0000       0.0000       0.0000       0.0000       0.0000     -5.89619E-02   5.0720    
  4688.381898       1.0000       0.0000       0.0000       0.0000       0.0000     -5.68460E-02   5.0669    
  4688.381898       1.0000       0.0000       0.0000       0.0000       0.0000     -5.68460E-02   5.0669    
  4688.435992       1.0000       0.0000       0.0000       0.0000       0.0000     -5.53994E-02   5.0635    
  4688.490087       1.0000       0.0000       0.0000       0.0000       0.0000     -5.39207E-02   5.0602    
  4688.598276       1.0000       0.0000       0.0000       0.0000       0.0000     -5.09191E-02   5.0537    
  4688.814654       1.0000       0.0000       0.0000       0.0000       0.0000     -4.47169E-02   5.0414    
  4689.000000       1.0000       0.0000       0.0000       0.0000       0.0000     -3.92913E-02   5.0320    
  4689.000000       1.0000       0.0000       0.0000       0.0000       0.0000     -3.92913E-02   5.0320    
  4689.173103       1.0000       0.0000       0.0000       0.0000       0.0000     -3.41478E-02   5.0241    
  4689.346205       1.0000       0.0000       0.0000       0.0000       0.0000     -2.89060E-02   5.0173    
  4689.676165       1.0000       0.0000       0.0000       0.0000       0.0000     -1.85235E-02   5.0071    
  4689.676165       1.0000       0.0000       0.0000       0.0000       0.0000     -1.85235E-02   5.0071    
  4689.814647       1.0000       0.0000       0.0000       0.0000       0.0000     -1.40483E-02   5.0041    
  4689.953129       1.0000       0.0000       0.0000       0.0000       0.0000     -9.48970E-03   5.0019    
  4690.000000       1.0000       0.0000       0.0000       0.0000       0.0000     -7.93739E-03   5.0013    
  4690.000000       1.0000       0.0000       0.0000       0.0000       0.0000     -7.93739E-03   5.0013    
  4690.110786       1.0000       0.0000       0.0000       0.0000       0.0000     -4.25496E-03   5.0004    
  4690.221571       1.0000       0.0000       0.0000       0.0000       0.0000     -5.60695E-04   5.0000    
  4690.265886       1.0000       0.0000       0.0000       0.0000       0.0000      9.17566E-04   5.0000    
  4690.354514       1.0000       0.0000       0.0000       0.0000       0.0000      3.87960E-03   5.0003    
  4690.531771       1.0000       0.0000       0.0000       0.0000       0.0000      9.83603E-03   5.0020    
  4690.886285       1.0000       0.0000       0.0000       0.0000       0.0000      2.18857E-02   5.0099    
  4690.886285       1.0000       0.0000       0.0000       0.0000       0.0000      2.18857E-02   5.0099    
  4690.898828       1.0000       0.0000       0.0000       0.0000       0.0000      2.23129E-02   5.0103    
  4690.911371       1.0000       0.0000       0.0000       0.0000       0.0000      2.27401E-02   5.0107    
  4690.936458       1.0000       0.0000       0.0000       0.0000       0.0000      2.35945E-02   5.0115    
  4690.986630       1.0000       0.0000       0.0000       0.0000       0.0000      2.53042E-02   5.0133    
  4691.000000       1.0000       0.0000       0.0000       0.0000       0.0000      2.57600E-02   5.0137    
  4691.000000       1.0000       0.0000       0.0000       0.0000       0.0000      2.57600E-02   5.0137    
  4691.040138       1.0000       0.0000       0.0000       0.0000       0.0000      2.71262E-02   5.0152    
  4691.080275       1.0000       0.0000       0.0000       0.0000       0.0000      2.84906E-02   5.0168    
  4691.160551       1.0000       0.0000       0.0000       0.0000       0.0000      3.12121E-02   5.0202    
  4691.321102       1.0000       0.0000       0.0000       0.0000       0.0000      3.66250E-02   5.0278    
  4691.642204       1.0000       0.0000       0.0000       0.0000       0.0000      4.73522E-02   5.0464    
  4692.000000       1.0000       0.0000       0.0000       0.0000       0.0000      5.91169E-02   5.0724    
  4692.000000       1.0000       0.0000       0.0000       0.0000       0.0000      5.91169E-02   5.0724    
  4692.256882       1.0000       0.0000       0.0000       0.0000       0.0000      6.73007E-02   5.0938    
  4692.513763       1.0000       0.0000       0.0000       0.0000       0.0000      7.52125E-02   5.1171    
  4693.000000       1.0000       0.0000       0.0000       0.0000       0.0000      8.93039E-02   5.1651    
  4693.000000       1.0000       0.0000       0.0000       0.0000       0.0000      8.93039E-02   5.1651    
  4693.205505       1.0000       0.0000       0.0000       0.0000       0.0000      9.49233E-02   5.1866    
  4693.411010       1.0000       0.0000       0.0000       0.0000       0.0000      0.10022       5.2080    
  4693.822021       1.0000       0.0000       0.0000       0.0000       0.0000      0.10976       5.2495    
  4694.000000       1.0000       0.0000       0.0000       0.0000       0.0000      0.11367       5.2676    
  4694.000000       1.0000       0.0000       0.0000       0.0000       0.0000      0.11367       5.2676    
  4694.328808       1.0000       0.0000       0.0000       0.0000       0.0000      0.11989       5.2977    
  4694.657617       1.0000       0.0000       0.0000       0.0000       0.0000      0.12521       5.3248    
  4695.000000       1.0000       0.0000       0.0000       0.0000       0.0000      0.12988       5.3495    
  4695.000000       1.0000       0.0000       0.0000       0.0000       0.0000      0.12988       5.3495    
  4695.263047       1.0000       0.0000       0.0000       0.0000       0.0000      0.13291       5.3659    
  4695.526093       1.0000       0.0000       0.0000       0.0000       0.0000      0.13544       5.3800    
  4696.000000       1.0000       0.0000       0.0000       0.0000       0.0000      0.13693       5.3885    
  4696.000000       1.0000       0.0000       0.0000       0.0000       0.0000      0.13693       5.3885    
  4696.026105       1.0000       0.0000       0.0000       0.0000       0.0000      0.13681       5.3878    
  4696.052211       1.0000       0.0000       0.0000       0.0000       0.0000      0.13662       5.3867    
  4696.104422       1.0000       0.0000       0.0000       0.0000       0.0000      0.13607       5.3836    
  4696.104422       1.0000       0.0000       0.0000       0.0000       0.0000      0.13607       5.3836    
  4696.125306       1.0000       0.0000       0.0000       0.0000       0.0000      0.13582       5.3822    
  4696.146190       1.0000       0.0000       0.0000       0.0000       0.0000      0.13555       5.3807    
  4696.187959       1.0000       0.0000       0.0000       0.0000       0.0000      0.13494       5.3772    
  4696.271496       1.0000       0.0000       0.0000       0.0000       0.0000      0.13288       5.3658    
  4696.438571       1.0000       0.0000       0.0000       0.0000       0.0000      0.12681       5.3331    
  4696.772720       1.0000       0.0000       0.0000       0.0000       0.0000      0.10554       5.2307    
  4696.818176       1.0000       0.0000       0.0000       0.0000       0.0000      0.10226       5.2166    
  4696.909088       1.0000       0.0000       0.0000       0.0000       0.0000      9.82269E-02   5.1998    
  4697.000000       1.0000       0.0000       0.0000       0.0000       0.0000      9.01635E-02   5.1683    
  4697.000000       1.0000       0.0000       0.0000       0.0000       0.0000      9.01635E-02   5.1683    
  4697.004461       1.0000       0.0000       0.0000       0.0000       0.0000      8.97668E-02   5.1669    
  4697.008921       1.0000       0.0000       0.0000       0.0000       0.0000      8.93670E-02   5.1654    
  4697.013149       1.0000       0.0000       0.0000       0.0000       0.0000      8.89919E-02   5.1640    
  4697.017907       1.0000       0.0000       0.0000       0.0000       0.0000      8.85673E-02   5.1624    
  4697.023074       1.0000       0.0000       0.0000       0.0000       0.0000      8.81030E-02   5.1607    
  4697.029092       1.0000       0.0000       0.0000       0.0000       0.0000      8.75580E-02   5.1588    
  4697.036243       1.0000       0.0000       0.0000       0.0000       0.0000      8.69048E-02   5.1564    
  4697.045507       1.0000       0.0000       0.0000       0.0000       0.0000      8.60503E-02   5.1533    
  4697.060682       1.0000       0.0000       0.0000       0.0000       0.0000      8.46306E-02   5.1483    
  4697.076057       1.0000       0.0000       0.0000       0.0000       0.0000      8.31748E-02   5.1433    
  4697.092711       1.0000       0.0000       0.0000       0.0000       0.0000      8.15805E-02   5.1378    
  4697.109222       1.0000       0.0000       0.0000       0.0000       0.0000      7.99853E-02   5.1325    
  4697.127327       1.0000       0.0000       0.0000       0.0000       0.0000      7.82230E-02   5.1267    
  4697.127327       1.0000       0.0000       0.0000       0.0000       0.0000      7.82230E-02   5.1267    
  4697.130709       1.0000       0.0000       0.0000       0.0000       0.0000      7.78933E-02   5.1256    
  4697.134091       1.0000       0.0000       0.0000       0.0000       0.0000      7.75632E-02   5.1246    
  4697.140855       1.0000       0.0000       0.0000       0.0000       0.0000      7.69012E-02   5.1225    
  4697.154383       1.0000       0.0000       0.0000       0.0000       0.0000      7.55719E-02   5.1183    
  4697.175577       1.0000       0.0000       0.0000       0.0000       0.0000      7.34769E-02   5.1118    
  4697.180235       1.0000       0.0000       0.0000       0.0000       0.0000      7.30160E-02   5.1104    
  4697.189553       1.0000       0.0000       0.0000       0.0000       0.0000      7.20922E-02   5.1076    
  4697.193280       1.0000       0.0000       0.0000       0.0000       0.0000      7.17225E-02   5.1065    
  4697.200734       1.0000       0.0000       0.0000       0.0000       0.0000      7.09851E-02   5.1043    
  4697.215642       1.0000       0.0000       0.0000       0.0000       0.0000      6.95740E-02   5.1002    
  4697.245380       1.0000       0.0000       0.0000       0.0000       0.0000      6.68012E-02   5.0924    
  4697.280250       1.0000       0.0000       0.0000       0.0000       0.0000      6.35959E-02   5.0837    
  4697.326977       1.0000       0.0000       0.0000       0.0000       0.0000      5.93593E-02   5.0730    
  4697.384277       1.0000       0.0000       0.0000       0.0000       0.0000      5.42192E-02   5.0609    
  4697.460941       1.0000       0.0000       0.0000       0.0000       0.0000      4.78612E-02   5.0474    
  4697.565750       1.0000       0.0000       0.0000       0.0000       0.0000      3.95948E-02   5.0325    
  4697.723028       1.0000       0.0000       0.0000       0.0000       0.0000      2.86068E-02   5.0169    
  4697.946924       1.0000       0.0000       0.0000       0.0000       0.0000      1.56135E-02   5.0050    
  4698.000000       1.0000       0.0000       0.0000       0.0000       0.0000      1.27332E-02   5.0034    
  4698.000000       1.0000       0.0000       0.0000       0.0000       0.0000      1.27332E-02   5.0034    
  4698.010822       1.0000       0.0000       0.0000       0.0000       0.0000      1.22001E-02   5.0031    
  4698.021645       1.0000       0.0000       0.0000       0.0000       0.0000      1.16800E-02   5.0028    
  4698.043289       1.0000       0.0000       0.0000       0.0000       0.0000      1.06827E-02   5.0024    
  4698.086579       1.0000       0.0000       0.0000       0.0000       0.0000      8.81307E-03   5.0016    
  4698.173157       1.0000       0.0000       0.0000       0.0000       0.0000      5.39592E-03   5.0006    
  4698.346314       1.0000       0.0000       0.0000       0.0000       0.0000       0.0000       0.0000    
  4698.572309       1.0000       0.0000       0.0000       0.0000       0.0000       0.0000       0.0000    
  4698.873218       1.0000       0.0000       0.0000       0.0000       0.0000       0.0000       0.0000    
  4699.000000       1.0000       0.0000       0.0000       0.0000       0.0000       0.0000       0.0000    
  4699.000000       1.0000       0.0000       0.0000       0.0000       0.0000       0.0000       0.0000    
  4699.138526       1.0000       0.0000       0.0000       0.0000       0.0000       0.0000       0.0000    
  4699.277051       1.0000       0.0000       0.0000       0.0000       0.0000       0.0000       0.0000    
  4699.554103       1.0000       0.0000       0.0000       0.0000       0.0000       0.0000       0.0000    
  4700.000000       1.0000       0.0000       0.0000       0.0000       0.0000       0.0000       0.0000    
  4700.000000       1.0000       0.0000       0.0000       0.0000       0.0000       0.0000       0.0000    
  4700.221641       1.0000       0.0000       0.0000       0.0000       0.0000       0.0000       0.0000    
  4700.443282       1.0000       0.0000       0.0000       0.0000       0.0000       0.0000       0.0000    
  4700.886565       1.0000       0.0000       0.0000       0.0000       0.0000       0.0000       0.0000    
  4701.000000       1.0000       0.0000       0.0000       0.0000       0.0000       0.0000       0.0000    
  4701.000000       1.0000       0.0000       0.0000       0.0000       0.0000       0.0000       0.0000    
  4701.354626       1.0000       0.0000       0.0000       0.0000       0.0000       0.0000       0.0000    
  4701.709252       1.0000       0.0000       0.0000       0.0000       0.0000       0.0000       0.0000    
  4701.848517       1.0000       0.0000       0.0000       0.0000       0.0000       0.0000       0.0000    
  4701.848517       1.0000       0.0000       0.0000       0.0000       0.0000       0.0000       0.0000    
  4701.924259       1.0000       0.0000       0.0000       0.0000       0.0000       0.0000       0.0000    
  4702.000000       1.0000       0.0000       0.0000       0.0000       0.0000       0.0000       0.0000    
  4702.000000       1.0000       0.0000       0.0000       0.0000       0.0000       0.0000       0.0000    
  4702.060593       1.0000       0.0000       0.0000       0.0000       0.0000       0.0000       0.0000    
  4702.121186       1.0000       0.0000       0.0000       0.0000       0.0000       0.0000       0.0000    
  4702.242372       1.0000       0.0000       0.0000       0.0000       0.0000       0.0000       0.0000    
  4702.319484       1.0000       0.0000       0.0000       0.0000       0.0000       0.0000       0.0000    
  4702.319484       1.0000       0.0000       0.0000       0.0000       0.0000       0.0000       0.0000    
  4702.416433       1.0000       0.0000       0.0000       0.0000       0.0000       0.0000       0.0000    
  4702.513382       1.0000       0.0000       0.0000       0.0000       0.0000       0.0000       0.0000    
  4702.637292       1.0000       0.0000       0.0000       0.0000       0.0000       0.0000       0.0000    
  4702.791747       1.0000       0.0000       0.0000       0.0000       0.0000       0.0000       0.0000    
  4703.000000       1.0000       0.0000       0.0000       0.0000       0.0000       0.0000       0.0000    
