#      time         order        tairma       togactive    togpassiv    toper        tug       
  4679.000000       1.0000       19.378       26.500       28.195       22.670       20.695    
  4679.400000       1.0000       19.388       26.500       28.198       22.580       20.698    
  4679.800000       1.0000       19.394       26.500       28.200       22.492       20.700    
  4680.000000       1.0000       19.397       26.500       28.201       22.448       20.701    
  4680.000000       1.0000       19.397       26.500       28.201       22.448       20.701    
  4680.002746       1.0000       19.397       26.500       28.201       22.448       20.701    
  4680.005491       1.0000       19.397       26.500       28.201       22.447       20.701    
  4680.007168       1.0000       19.397       26.500       28.201       22.447       20.701    
  4680.007168       1.0000       19.397       26.500       28.201       22.447       20.701    
  4680.009364       1.0000       19.397       26.500       28.201       22.446       20.701    
  4680.011560       1.0000       19.397       26.500       28.201       22.446       20.701    
  4680.015953       1.0000       19.397       26.500       28.201       22.445       20.701    
  4680.024739       1.0000       19.397       26.500       28.201       22.443       20.701    
  4680.042311       1.0000       19.397       26.500       28.201       22.439       20.701    
  4680.077454       1.0000       19.397       26.500       28.201       22.431       20.701    
  4680.147740       1.0000       19.398       26.500       28.201       22.416       20.701    
  4680.288312       1.0000       19.399       26.500       28.202       22.386       20.702    
  4680.569457       1.0000       19.400       26.500       28.202       22.327       20.702    
  4680.676971       1.0000       19.401       26.500       28.202       22.304       20.702    
  4680.676971       1.0000       19.401       26.500       28.202       22.304       20.702    
  4680.726028       1.0000       19.401       26.500       28.202       22.294       20.702    
  4680.775084       1.0000       19.401       26.500       28.202       22.284       20.702    
  4680.873198       1.0000       19.401       26.500       28.202       22.263       20.702    
  4681.000000       1.0000       19.400       26.500       28.202       22.237       20.702    
  4681.000000       1.0000       19.400       26.500       28.202       22.237       20.702    
  4681.078491       1.0000       19.400       26.500       28.202       22.221       20.702    
  4681.156982       1.0000       19.400       26.500       28.202       22.204       20.702    
  4681.313963       1.0000       19.399       26.500       28.202       22.172       20.702    
  4681.627927       1.0000       19.397       26.500       28.201       22.109       20.701    
  4682.000000       1.0000       19.394       26.500       28.200       22.035       20.700    
  4682.000000       1.0000       19.394       26.500       28.200       22.035       20.700    
  4682.251171       1.0000       19.391       26.500       28.199       21.985       20.699    
  4682.502341       1.0000       19.387       26.500       28.198       21.935       20.698    
  4683.000000       1.0000       19.378       26.500       28.195       21.838       20.695    
  4683.000000       1.0000       19.378       26.500       28.195       21.838       20.695    
  4683.200936       1.0000       19.375       26.500       28.194       21.798       20.694    
  4683.401873       1.0000       19.372       26.500       28.193       21.759       20.693    
  4683.803746       1.0000       19.366       26.500       28.191       21.796       20.691    
  4684.000000       1.0000       19.362       26.500       28.190       21.860       20.690    
  4684.000000       1.0000       19.362       26.500       28.190       21.860       20.690    
  4684.006430       1.0000       19.362       26.500       28.190       21.863       20.690    
  4684.012860       1.0000       19.362       26.500       28.189       21.865       20.690    
  4684.023253       1.0000       19.362       26.500       28.189       21.869       20.689    
  4684.035152       1.0000       19.362       26.500       28.189       21.831       20.689    
  4684.052744       1.0000       19.361       26.500       28.189       21.829       20.689    
  4684.076747       1.0000       19.361       26.500       28.189       21.827       20.689    
  4684.097601       1.0000       19.360       26.500       28.189       21.826       20.689    
  4684.120210       1.0000       19.360       26.500       28.189       21.826       20.689    
  4684.139000       1.0000       19.360       26.500       28.189       21.826       20.689    
  4684.157579       1.0000       19.359       26.500       28.189       21.828       20.689    
  4684.174684       1.0000       19.359       26.500       28.189       21.829       20.689    
  4684.191659       1.0000       19.359       26.500       28.188       21.831       20.688    
  4684.208147       1.0000       19.359       26.500       28.188       21.833       20.688    
  4684.224654       1.0000       19.358       26.500       28.188       21.835       20.688    
  4684.241752       1.0000       19.358       26.500       28.188       21.838       20.688    
  4684.260203       1.0000       19.358       26.500       28.188       21.841       20.688    
  4684.280277       1.0000       19.357       26.500       28.188       21.844       20.688    
  4684.302422       1.0000       19.357       26.500       28.188       21.849       20.688    
  4684.327206       1.0000       19.357       26.500       28.188       21.853       20.688    
  4684.355250       1.0000       19.356       26.500       28.187       21.859       20.688    
  4684.387527       1.0000       19.356       26.500       28.187       21.865       20.687    
  4684.425324       1.0000       19.355       26.500       28.187       21.873       20.687    
  4684.470682       1.0000       19.354       26.500       28.187       21.881       20.687    
  4684.526668       1.0000       19.353       26.500       28.187       21.891       20.687    
  4684.598608       1.0000       19.352       26.500       28.186       21.899       20.686    
  4684.598608       1.0000       19.352       26.500       28.186       21.899       20.686    
  4684.606922       1.0000       19.352       26.500       28.186       21.900       20.686    
  4684.615236       1.0000       19.352       26.500       28.186       21.901       20.686    
  4684.631864       1.0000       19.352       26.500       28.186       21.902       20.686    
  4684.665121       1.0000       19.351       26.500       28.186       21.905       20.686    
  4684.731633       1.0000       19.350       26.500       28.186       21.910       20.686    
  4684.864659       1.0000       19.348       26.500       28.185       21.915       20.685    
  4685.000000       1.0000       19.347       26.500       28.184       21.918       20.684    
  4685.000000       1.0000       19.347       26.500       28.184       21.918       20.684    
  4685.106421       1.0000       19.345       26.500       28.184       21.925       20.684    
  4685.212841       1.0000       19.344       26.500       28.184       21.934       20.684    
  4685.425683       1.0000       19.343       26.500       28.183       21.971       20.683    
  4685.756025       1.0000       19.343       26.500       28.183       22.081       20.683    
  4686.000000       1.0000       19.344       26.500       28.184       22.200       20.684    
  4686.000000       1.0000       19.344       26.500       28.184       22.200       20.684    
  4686.034055       1.0000       19.345       26.500       28.184       22.217       20.684    
  4686.068109       1.0000       19.345       26.500       28.184       22.235       20.684    
  4686.136219       1.0000       19.346       26.500       28.184       22.273       20.684    
  4686.216293       1.0000       19.347       26.500       28.185       22.320       20.685    
  4686.308038       1.0000       19.349       26.500       28.185       22.370       20.685    
  4686.427983       1.0000       19.352       26.500       28.186       22.435       20.686    
  4686.602839       1.0000       19.358       26.500       28.188       22.520       20.688    
  4686.906805       1.0000       19.373       26.500       28.193       22.670       20.693    
  4686.912496       1.0000       19.373       26.500       28.193       22.672       20.693    
  4686.912496       1.0000       19.373       26.500       28.193       22.672       20.693    
  4686.929004       1.0000       19.374       26.500       28.193       22.678       20.693    
  4686.945513       1.0000       19.375       26.500       28.194       22.684       20.694    
  4686.978529       1.0000       19.377       26.500       28.194       22.695       20.694    
  4687.000000       1.0000       19.378       26.500       28.195       22.701       20.695    
  4687.000000       1.0000       19.378       26.500       28.195       22.701       20.695    
  4687.026413       1.0000       19.375       26.500       28.194       22.708       20.694    
  4687.052827       1.0000       19.373       26.500       28.193       22.715       20.693    
  4687.063392       1.0000       19.371       26.500       28.193       22.718       20.693    
  4687.084523       1.0000       19.369       26.500       28.192       22.723       20.692    
  4687.092975       1.0000       19.369       26.500       28.192       22.725       20.692    
  4687.109880       1.0000       19.367       26.500       28.191       22.729       20.691    
  4687.143689       1.0000       19.364       26.500       28.190       22.737       20.690    
  4687.189019       1.0000       19.360       26.500       28.189       22.748       20.689    
  4687.241589       1.0000       19.355       26.500       28.187       22.760       20.687    
  4687.299583       1.0000       19.350       26.500       28.185       22.772       20.685    
  4687.365131       1.0000       19.344       26.500       28.184       22.787       20.684    
  4687.442218       1.0000       19.338       26.500       28.182       22.804       20.682    
  4687.543623       1.0000       19.331       26.500       28.179       22.828       20.679    
  4687.668103       1.0000       19.322       26.500       28.176       22.858       20.676    
  4687.831894       1.0000       19.312       26.500       28.173       22.899       20.673    
  4687.966248       1.0000       19.305       26.500       28.171       22.934       20.671    
  4688.000000       1.0000       19.304       26.500       28.170       22.943       20.670    
  4688.000000       1.0000       19.304       26.500       28.170       22.943       20.670    
  4688.021131       1.0000       19.303       26.500       28.170       22.949       20.670    
  4688.042261       1.0000       19.302       26.500       28.170       22.954       20.670    
  4688.084523       1.0000       19.300       26.500       28.169       22.965       20.669    
  4688.169046       1.0000       19.297       26.500       28.168       22.988       20.668    
  4688.169046       1.0000       19.297       26.500       28.168       22.988       20.668    
  4688.202855       1.0000       19.296       26.500       28.168       22.997       20.668    
  4688.236664       1.0000       19.295       26.500       28.167       23.005       20.667    
  4688.304282       1.0000       19.292       26.500       28.167       23.023       20.667    
  4688.381898       1.0000       19.290       26.500       28.166       23.044       20.666    
  4688.381898       1.0000       19.290       26.500       28.166       23.044       20.666    
  4688.435992       1.0000       19.289       26.500       28.165       23.062       20.665    
  4688.490087       1.0000       19.288       26.500       28.165       23.078       20.665    
  4688.598276       1.0000       19.286       26.500       28.164       23.109       20.664    
  4688.814654       1.0000       19.284       26.500       28.164       23.169       20.664    
  4689.000000       1.0000       19.284       26.500       28.164       23.221       20.664    
  4689.000000       1.0000       19.284       26.500       28.164       23.221       20.664    
  4689.173103       1.0000       19.286       26.500       28.164       23.269       20.664    
  4689.346205       1.0000       19.289       26.500       28.165       23.317       20.665    
  4689.676165       1.0000       19.298       26.500       28.168       23.410       20.668    
  4689.676165       1.0000       19.298       26.500       28.168       23.410       20.668    
  4689.814647       1.0000       19.304       26.500       28.170       23.449       20.670    
  4689.953129       1.0000       19.310       26.500       28.172       23.489       20.672    
  4690.000000       1.0000       19.312       26.500       28.173       23.503       20.673    
  4690.000000       1.0000       19.312       26.500       28.173       23.503       20.673    
  4690.110786       1.0000       19.318       26.500       28.175       23.534       20.675    
  4690.221571       1.0000       19.324       26.500       28.177       23.565       20.677    
  4690.265886       1.0000       19.327       26.500       28.178       23.578       20.678    
  4690.354514       1.0000       19.332       26.500       28.180       23.603       20.680    
  4690.531771       1.0000       19.343       26.500       28.183       23.652       20.683    
  4690.886285       1.0000       19.369       26.500       28.192       23.750       20.692    
  4690.886285       1.0000       19.369       26.500       28.192       23.750       20.692    
  4690.898828       1.0000       19.370       26.500       28.192       23.754       20.692    
  4690.911371       1.0000       19.371       26.500       28.192       23.757       20.692    
  4690.936458       1.0000       19.373       26.500       28.193       23.764       20.693    
  4690.986630       1.0000       19.377       26.500       28.194       23.778       20.694    
  4691.000000       1.0000       19.378       26.500       28.195       23.781       20.695    
  4691.000000       1.0000       19.378       26.500       28.195       23.781       20.695    
  4691.040138       1.0000       19.377       26.500       28.194       23.792       20.694    
  4691.080275       1.0000       19.376       26.500       28.194       23.803       20.694    
  4691.160551       1.0000       19.374       26.500       28.193       23.825       20.693    
  4691.321102       1.0000       19.370       26.500       28.192       23.868       20.692    
  4691.642204       1.0000       19.365       26.500       28.190       23.954       20.690    
  4692.000000       1.0000       19.362       26.500       28.189       24.048       20.689    
  4692.000000       1.0000       19.362       26.500       28.189       24.048       20.689    
  4692.256882       1.0000       19.361       26.500       28.189       24.114       20.689    
  4692.513763       1.0000       19.361       26.500       28.189       24.175       20.689    
  4693.000000       1.0000       19.365       26.500       28.190       24.225       20.690    
  4693.000000       1.0000       19.365       26.500       28.190       24.225       20.690    
  4693.205505       1.0000       19.367       26.500       28.191       24.246       20.691    
  4693.411010       1.0000       19.369       26.500       28.192       24.266       20.692    
  4693.822021       1.0000       19.374       26.500       28.193       24.301       20.693    
  4694.000000       1.0000       19.376       26.500       28.194       24.315       20.694    
  4694.000000       1.0000       19.376       26.500       28.194       24.315       20.694    
  4694.328808       1.0000       19.378       26.500       28.195       24.338       20.695    
  4694.657617       1.0000       19.379       26.500       28.195       24.357       20.695    
  4695.000000       1.0000       19.378       26.500       28.195       24.374       20.695    
  4695.000000       1.0000       19.378       26.500       28.195       24.374       20.695    
  4695.263047       1.0000       19.393       26.500       28.200       24.386       20.700    
  4695.526093       1.0000       19.406       26.500       28.204       24.395       20.704    
  4696.000000       1.0000       19.427       26.500       28.211       24.398       20.711    
  4696.000000       1.0000       19.427       26.500       28.211       24.398       20.711    
  4696.026105       1.0000       19.428       26.500       28.211       24.398       20.711    
  4696.052211       1.0000       19.428       26.500       28.211       24.397       20.711    
  4696.104422       1.0000       19.430       26.500       28.212       24.396       20.712    
  4696.104422       1.0000       19.430       26.500       28.212       24.396       20.712    
  4696.125306       1.0000       19.431       26.500       28.212       24.395       20.712    
  4696.146190       1.0000       19.432       26.500       28.212       24.395       20.712    
  4696.187959       1.0000       19.433       26.500       28.213       24.393       20.713    
  4696.271496       1.0000       19.435       26.500       28.214       24.389       20.714    
  4696.438571       1.0000       19.440       26.500       28.215       24.377       20.715    
  4696.772720       1.0000       19.446       26.500       28.217       24.336       20.717    
  4696.818176       1.0000       19.447       26.500       28.217       24.329       20.717    
  4696.909088       1.0000       19.448       26.500       28.218       24.313       20.718    
  4697.000000       1.0000       19.448       26.500       28.218       24.293       20.718    
  4697.000000       1.0000       19.448       26.500       28.218       24.293       20.718    
  4697.004461       1.0000       19.448       26.500       28.218       24.292       20.718    
  4697.008921       1.0000       19.448       26.500       28.218       24.291       20.718    
  4697.013149       1.0000       19.448       26.500       28.218       24.290       20.718    
  4697.017907       1.0000       19.448       26.500       28.218       24.289       20.718    
  4697.023074       1.0000       19.448       26.500       28.218       24.287       20.718    
  4697.029092       1.0000       19.448       26.500       28.218       24.285       20.718    
  4697.036243       1.0000       19.449       26.500       28.218       24.283       20.718    
  4697.045507       1.0000       19.449       26.500       28.218       24.280       20.718    
  4697.060682       1.0000       19.449       26.500       28.218       24.275       20.718    
  4697.076057       1.0000       19.449       26.500       28.218       24.269       20.718    
  4697.092711       1.0000       19.449       26.500       28.218       24.263       20.718    
  4697.109222       1.0000       19.449       26.500       28.218       24.256       20.718    
  4697.127327       1.0000       19.449       26.500       28.218       24.248       20.718    
  4697.127327       1.0000       19.449       26.500       28.218       24.248       20.718    
  4697.130709       1.0000       19.449       26.500       28.218       24.247       20.718    
  4697.134091       1.0000       19.449       26.500       28.218       24.245       20.718    
  4697.140855       1.0000       19.449       26.500       28.218       24.242       20.718    
  4697.154383       1.0000       19.449       26.500       28.218       24.236       20.718    
  4697.175577       1.0000       19.449       26.500       28.218       24.226       20.718    
  4697.180235       1.0000       19.449       26.500       28.218       24.224       20.718    
  4697.189553       1.0000       19.449       26.500       28.218       24.192       20.718    
  4697.193280       1.0000       19.449       26.500       28.218       24.189       20.718    
  4697.200734       1.0000       19.449       26.500       28.218       24.183       20.718    
  4697.215642       1.0000       19.449       26.500       28.218       24.172       20.718    
  4697.245380       1.0000       19.449       26.500       28.218       24.151       20.718    
  4697.280250       1.0000       19.448       26.500       28.218       24.129       20.718    
  4697.326977       1.0000       19.448       26.500       28.218       24.101       20.718    
  4697.384277       1.0000       19.448       26.500       28.218       24.069       20.718    
  4697.460941       1.0000       19.447       26.500       28.217       24.032       20.717    
  4697.565750       1.0000       19.445       26.500       28.217       23.986       20.717    
  4697.723028       1.0000       19.441       26.500       28.216       23.926       20.716    
  4697.946924       1.0000       19.435       26.500       28.213       23.856       20.713    
  4698.000000       1.0000       19.433       26.500       28.213       23.841       20.713    
  4698.000000       1.0000       19.433       26.500       28.213       23.841       20.713    
  4698.010822       1.0000       19.432       26.500       28.213       23.838       20.713    
  4698.021645       1.0000       19.432       26.500       28.212       23.835       20.713    
  4698.043289       1.0000       19.431       26.500       28.212       23.830       20.712    
  4698.086579       1.0000       19.429       26.500       28.212       23.821       20.712    
  4698.173157       1.0000       19.426       26.500       28.210       23.804       20.710    
  4698.346314       1.0000       19.417       26.500       28.208       23.778       20.708    
  4698.572309       1.0000       19.405       26.500       28.204       23.750       20.704    
  4698.873218       1.0000       19.387       26.500       28.198       23.719       20.698    
  4699.000000       1.0000       19.378       26.500       28.195       23.709       20.695    
  4699.000000       1.0000       19.378       26.500       28.195       23.709       20.695    
  4699.138526       1.0000       19.385       26.500       28.197       23.699       20.697    
  4699.277051       1.0000       19.391       26.500       28.199       23.690       20.699    
  4699.554103       1.0000       19.402       26.500       28.203       23.667       20.703    
  4700.000000       1.0000       19.415       26.500       28.207       23.628       20.707    
  4700.000000       1.0000       19.415       26.500       28.207       23.628       20.707    
  4700.221641       1.0000       19.420       26.500       28.209       23.518       20.709    
  4700.443282       1.0000       19.423       26.500       28.210       23.399       20.710    
  4700.886565       1.0000       19.426       26.500       28.211       23.219       20.711    
  4701.000000       1.0000       19.426       26.500       28.211       23.179       20.711    
  4701.000000       1.0000       19.426       26.500       28.211       23.179       20.711    
  4701.354626       1.0000       19.424       26.500       28.210       23.074       20.710    
  4701.709252       1.0000       19.418       26.500       28.208       22.981       20.708    
  4701.848517       1.0000       19.416       26.500       28.207       22.945       20.707    
  4701.848517       1.0000       19.416       26.500       28.207       22.945       20.707    
  4701.924259       1.0000       19.414       26.500       28.207       22.926       20.707    
  4702.000000       1.0000       19.412       26.500       28.206       22.907       20.706    
  4702.000000       1.0000       19.412       26.500       28.206       22.907       20.706    
  4702.060593       1.0000       19.411       26.500       28.206       22.892       20.706    
  4702.121186       1.0000       19.409       26.500       28.205       22.877       20.705    
  4702.242372       1.0000       19.406       26.500       28.204       22.848       20.704    
  4702.319484       1.0000       19.404       26.500       28.203       22.829       20.703    
  4702.319484       1.0000       19.404       26.500       28.203       22.829       20.703    
  4702.416433       1.0000       19.401       26.500       28.202       22.806       20.702    
  4702.513382       1.0000       19.397       26.500       28.201       22.783       20.701    
  4702.637292       1.0000       19.393       26.500       28.200       22.754       20.700    
  4702.791747       1.0000       19.387       26.500       28.198       22.718       20.698    
  4703.000000       1.0000       19.378       26.500       28.195       22.670       20.695    
