#      time         order        qbridges     qcdwalls2z   qdaylite     qequip2zon   qhc2zone     qlcwinds2z   qlite        qloss        qocc2zone    qterm2zone
  4679.000000       1.0000       0.0000       280.48       0.0000       0.0000      3.82262E-20   0.0000       0.0000       0.0000       0.0000      -256.17    
  4679.400000       1.0000       0.0000       279.02       0.0000       0.0000      3.28077E-18   0.0000       0.0000       0.0000       0.0000      -263.44    
  4679.800000       1.0000       0.0000       277.50       0.0000       0.0000     -9.72382E-17   0.0000       0.0000       0.0000       0.0000      -268.13    
  4680.000000       1.0000       0.0000       276.73       0.0000       0.0000      3.92731E-17   0.0000       0.0000       0.0000       0.0000      -269.95    
  4680.000000       1.0000       0.0000       276.73       0.0000       0.0000      4.20264E-20   0.0000       0.0000       0.0000       0.0000      -269.94    
  4680.002746       1.0000       0.0000       276.72       0.0000       0.0000     -1.16209E-15   0.0000       0.0000       0.0000       0.0000      -269.97    
  4680.005491       1.0000       0.0000       276.71       0.0000       0.0000     -2.06563E-18   0.0000       0.0000       0.0000       0.0000      -269.99    
  4680.007168       1.0000       0.0000       276.71       0.0000       0.0000      3.75172E-19   0.0000       0.0000       0.0000       0.0000      -270.01    
  4680.007168       1.0000       0.0000       276.71       0.0000       0.0000     -6.43428E-23   0.0000       0.0000       0.0000       0.0000      -270.01    
  4680.009364       1.0000       0.0000       276.70       0.0000       0.0000      3.15435E-15   0.0000       0.0000       0.0000       0.0000      -270.03    
  4680.011560       1.0000       0.0000       276.69       0.0000       0.0000     -5.07294E-20   0.0000       0.0000       0.0000       0.0000      -270.05    
  4680.015953       1.0000       0.0000       276.67       0.0000       0.0000      3.09049E-18   0.0000       0.0000       0.0000       0.0000      -270.08    
  4680.024739       1.0000       0.0000       276.64       0.0000       0.0000      1.74793E-17   0.0000       0.0000       0.0000       0.0000      -270.15    
  4680.042311       1.0000       0.0000       276.57       0.0000       0.0000      2.42076E-17   0.0000       0.0000       0.0000       0.0000      -270.29    
  4680.077454       1.0000       0.0000       276.43       0.0000       0.0000     -1.94047E-17   0.0000       0.0000       0.0000       0.0000      -270.57    
  4680.147740       1.0000       0.0000       276.14       0.0000       0.0000     -1.06498E-17   0.0000       0.0000       0.0000       0.0000      -271.04    
  4680.288312       1.0000       0.0000       275.54       0.0000       0.0000      2.35135E-16   0.0000       0.0000       0.0000       0.0000      -271.84    
  4680.569457       1.0000       0.0000       274.46       0.0000       0.0000      1.31611E-19   0.0000       0.0000       0.0000       0.0000      -285.97    
  4680.676971       1.0000       0.0000       274.10       0.0000       0.0000     -5.04784E-16   0.0000       0.0000       0.0000       0.0000      -291.12    
  4680.676971       1.0000       0.0000       274.10       0.0000       0.0000     -5.07484E-22   0.0000       0.0000       0.0000       0.0000      -291.12    
  4680.726028       1.0000       0.0000       273.90       0.0000       0.0000     -3.45028E-19   0.0000       0.0000       0.0000       0.0000      -293.35    
  4680.775084       1.0000       0.0000       273.70       0.0000       0.0000     -1.87460E-16   0.0000       0.0000       0.0000       0.0000      -295.46    
  4680.873198       1.0000       0.0000       273.32       0.0000       0.0000     -6.36355E-17   0.0000       0.0000       0.0000       0.0000      -299.22    
  4681.000000       1.0000       0.0000       272.82       0.0000       0.0000      5.48914E-17   0.0000       0.0000       0.0000       0.0000      -303.57    
  4681.000000       1.0000       0.0000       272.82       0.0000       0.0000     -3.62242E-17   0.0000       0.0000       0.0000       0.0000      -303.57    
  4681.078491       1.0000       0.0000       272.46       0.0000       0.0000      8.52294E-18   0.0000       0.0000       0.0000       0.0000      -304.88    
  4681.156982       1.0000       0.0000       272.09       0.0000       0.0000     -9.19960E-17   0.0000       0.0000       0.0000       0.0000      -305.95    
  4681.313963       1.0000       0.0000       271.34       0.0000       0.0000     -2.50172E-18   0.0000       0.0000       0.0000       0.0000      -307.66    
  4681.627927       1.0000       0.0000       269.84       0.0000       0.0000     -2.38559E-16   0.0000       0.0000       0.0000       0.0000      -310.02    
  4682.000000       1.0000       0.0000       267.84       0.0000       0.0000      1.08762E-17   0.0000       0.0000       0.0000       0.0000      -311.15    
  4682.000000       1.0000       0.0000       267.84       0.0000       0.0000      9.47222E-20   0.0000       0.0000       0.0000       0.0000      -311.15    
  4682.251171       1.0000       0.0000       266.53       0.0000       0.0000     -4.65980E-17   0.0000       0.0000       0.0000       0.0000      -311.41    
  4682.502341       1.0000       0.0000       265.21       0.0000       0.0000      2.56850E-19   0.0000       0.0000       0.0000       0.0000      -311.29    
  4683.000000       1.0000       0.0000       262.56       0.0000       0.0000      1.00838E-17   0.0000       0.0000       0.0000       0.0000      -310.08    
  4683.000000       1.0000       0.0000       262.56       0.0000       0.0000      6.53447E-21   0.0000       0.0000       0.0000       0.0000      -310.08    
  4683.200936       1.0000       0.0000       261.43       0.0000       0.0000      3.89759E-18   0.0000       0.0000       0.0000       0.0000      -306.96    
  4683.401873       1.0000       0.0000       260.27       0.0000       0.0000      8.75982E-20   0.0000       0.0000       0.0000       0.0000      -304.07    
  4683.803746       1.0000       0.0000       257.94       0.0000       0.0000     -1.87979E-20   0.0000       0.0000       0.0000       0.0000      -299.26    
  4684.000000       1.0000       0.0000       256.80       0.0000       0.0000     -4.73585E-27   0.0000       0.0000       0.0000       0.0000      -297.09    
  4684.000000       1.0000       0.0000       256.80       0.0000       0.0000      6.33305E-22   0.0000       0.0000       0.0000       0.0000      -297.09    
  4684.006430       1.0000       0.0000       256.76       0.0000       0.0000     -2.21659E-21   0.0000       0.0000       0.0000       0.0000      -297.02    
  4684.012860       1.0000       0.0000       256.72       0.0000       0.0000     -1.23698E-22   0.0000       0.0000       0.0000       0.0000      -296.61    
  4684.023253       1.0000       0.0000       256.66       0.0000       0.0000      8.43227E-20   0.0000       0.0000       0.0000       0.0000      -295.88    
  4684.035152       1.0000       0.0000       256.59       0.0000       0.0000      8.29246E-27   0.0000       0.0000       0.0000       0.0000      -295.05    
  4684.052744       1.0000       0.0000       256.48       0.0000       0.0000     -1.41472E-20   0.0000       0.0000       0.0000       0.0000      -293.84    
  4684.076747       1.0000       0.0000       256.32       0.0000       0.0000     -1.33047E-18   0.0000       0.0000       0.0000       0.0000      -292.23    
  4684.097601       1.0000       0.0000       256.18       0.0000       0.0000     -8.52796E-19   0.0000       0.0000       0.0000       0.0000      -290.86    
  4684.120210       1.0000       0.0000       256.02       0.0000       0.0000     -1.06810E-20   0.0000       0.0000       0.0000       0.0000      -289.41    
  4684.139000       1.0000       0.0000       255.89       0.0000       0.0000      5.27086E-19   0.0000       0.0000       0.0000       0.0000      -288.22    
  4684.157579       1.0000       0.0000       255.76       0.0000       0.0000      5.72427E-19   0.0000       0.0000       0.0000       0.0000      -287.06    
  4684.174684       1.0000       0.0000       255.64       0.0000       0.0000      4.52043E-19   0.0000       0.0000       0.0000       0.0000      -286.01    
  4684.191659       1.0000       0.0000       255.52       0.0000       0.0000      6.56828E-19   0.0000       0.0000       0.0000       0.0000      -284.98    
  4684.208147       1.0000       0.0000       255.40       0.0000       0.0000     -1.17032E-19   0.0000       0.0000       0.0000       0.0000      -284.00    
  4684.224654       1.0000       0.0000       255.28       0.0000       0.0000      7.29466E-19   0.0000       0.0000       0.0000       0.0000      -283.03    
  4684.241752       1.0000       0.0000       255.16       0.0000       0.0000     -1.77150E-19   0.0000       0.0000       0.0000       0.0000      -282.05    
  4684.260203       1.0000       0.0000       255.03       0.0000       0.0000     -1.82729E-19   0.0000       0.0000       0.0000       0.0000      -281.00    
  4684.280277       1.0000       0.0000       254.88       0.0000       0.0000      4.59709E-19   0.0000       0.0000       0.0000       0.0000      -279.88    
  4684.302422       1.0000       0.0000       254.72       0.0000       0.0000      1.14592E-19   0.0000       0.0000       0.0000       0.0000      -278.66    
  4684.327206       1.0000       0.0000       254.54       0.0000       0.0000     -1.89292E-18   0.0000       0.0000       0.0000       0.0000      -277.34    
  4684.355250       1.0000       0.0000       254.33       0.0000       0.0000      1.31811E-19   0.0000       0.0000       0.0000       0.0000      -275.87    
  4684.387527       1.0000       0.0000       254.10       0.0000       0.0000     -4.02298E-18   0.0000       0.0000       0.0000       0.0000      -274.23    
  4684.425324       1.0000       0.0000       253.82       0.0000       0.0000     -7.81956E-19   0.0000       0.0000       0.0000       0.0000      -272.37    
  4684.470682       1.0000       0.0000       253.49       0.0000       0.0000      3.10741E-18   0.0000       0.0000       0.0000       0.0000      -270.22    
  4684.526668       1.0000       0.0000       253.08       0.0000       0.0000     -5.22539E-19   0.0000       0.0000       0.0000       0.0000      -267.69    
  4684.598608       1.0000       0.0000       252.56       0.0000       0.0000     -2.07511E-17   0.0000       0.0000       0.0000       0.0000      -264.62    
  4684.598608       1.0000       0.0000       252.56       0.0000       0.0000      1.95781E-21   0.0000       0.0000       0.0000       0.0000      -264.62    
  4684.606922       1.0000       0.0000       252.50       0.0000       0.0000     -9.44177E-21   0.0000       0.0000       0.0000       0.0000      -264.27    
  4684.615236       1.0000       0.0000       252.44       0.0000       0.0000      1.60043E-18   0.0000       0.0000       0.0000       0.0000      -263.92    
  4684.631864       1.0000       0.0000       252.32       0.0000       0.0000     -2.05768E-19   0.0000       0.0000       0.0000       0.0000      -263.23    
  4684.665121       1.0000       0.0000       252.08       0.0000       0.0000     -2.51366E-19   0.0000       0.0000       0.0000       0.0000      -261.89    
  4684.731633       1.0000       0.0000       251.61       0.0000       0.0000     -3.14710E-17   0.0000       0.0000       0.0000       0.0000      -259.35    
  4684.864659       1.0000       0.0000       247.76       0.0000      0.89934     -3.85740E-20   0.0000       2.2002       0.0000       1.5301      -254.96    
  4685.000000       1.0000       0.0000       240.23       0.0000       2.7818      1.63846E-19   0.0000       6.8056       0.0000       4.7327      -251.30    
  4685.000000       1.0000       0.0000       240.23       0.0000       2.7818     -4.84663E-19   0.0000       6.8056       0.0000       4.7327      -251.30    
  4685.106421       1.0000       0.0000       224.52       0.0000       7.2223      3.44067E-21   0.0000       17.669       0.0000       12.287      -242.49    
  4685.212841       1.0000       0.0000       205.84       0.0000       12.020      3.35823E-20   0.0000       29.407       0.0000       20.450      -234.57    
  4685.425683       1.0000       0.0000       145.07       0.0000       27.536      9.38655E-20   0.0000       67.368       0.0000       46.846      -224.78    
  4685.756025       1.0000       0.0000      0.55493       0.0000       64.040      1.87429E-19   0.0000       156.67       0.0000       108.94      -223.84    
  4686.000000       1.0000       0.0000      -140.82       0.0000       100.14      1.42885E-20   0.0000       245.00       0.0000       170.34      -231.71    
  4686.000000       1.0000       0.0000      -140.82       0.0000       100.14     -9.69996E-23   0.0000       245.00       0.0000       170.34      -231.71    
  4686.034055       1.0000       0.0000      -161.27       0.0000       105.35      1.31805E-21   0.0000       257.75       0.0000       179.20      -228.71    
  4686.068109       1.0000       0.0000      -182.03       0.0000       110.56      4.29584E-19   0.0000       270.49       0.0000       188.07      -224.87    
  4686.136219       1.0000       0.0000      -224.36       0.0000       120.98      3.58412E-21   0.0000       295.99       0.0000       205.79      -224.17    
  4686.216293       1.0000       0.0000      -273.46       0.0000       132.78      7.93337E-18   0.0000       324.85       0.0000       225.85      -237.74    
  4686.308038       1.0000       0.0000      -323.89       0.0000       144.27     -1.25785E-21   0.0000       352.95       0.0000       245.37      -252.75    
  4686.427983       1.0000       0.0000      -386.06       0.0000       158.50      6.81072E-18   0.0000       387.78       0.0000       269.58      -271.45    
  4686.602839       1.0000       0.0000      -462.16       0.0000       175.45     -7.45742E-19   0.0000       429.23       0.0000       298.38      -296.26    
  4686.906805       1.0000       0.0000      -548.31       0.0000       193.62      8.83215E-24   0.0000       473.68       0.0000       329.25      -331.00    
  4686.912496       1.0000       0.0000      -550.08       0.0000       193.85     -7.56114E-21   0.0000       474.26       0.0000       329.66      -318.27    
  4686.912496       1.0000       0.0000      -550.08       0.0000       193.85     -1.79710E-29   0.0000       474.26       0.0000       329.66      -344.43    
  4686.929004       1.0000       0.0000      -553.97       0.0000       194.54     -1.79710E-29   0.0000       475.95       0.0000       330.83      -349.39    
  4686.945513       1.0000       0.0000      -557.75       0.0000       195.23     -1.01330E-20   0.0000       477.63       0.0000       332.00      -353.62    
  4686.978529       1.0000       0.0000      -564.96       0.0000       196.61     -1.10829E-21   0.0000       481.00       0.0000       334.34      -361.69    
  4687.000000       1.0000       0.0000      -569.52       0.0000       197.51     -4.43348E-18   0.0000       483.19       0.0000       335.86      -366.77    
  4687.000000       1.0000       0.0000      -569.52       0.0000       197.51      2.38552E-21   0.0000       483.19       0.0000       335.86      -366.77    
  4687.026413       1.0000       0.0000      -573.16       0.0000       197.87     -1.41434E-21   0.0000       484.09       0.0000       336.48      -373.09    
  4687.052827       1.0000       0.0000      -576.49       0.0000       198.24      4.91876E-21   0.0000       484.99       0.0000       337.11      -379.25    
  4687.063392       1.0000       0.0000      -577.77       0.0000       198.39      7.45200E-21   0.0000       485.35       0.0000       337.36      -381.65    
  4687.084523       1.0000       0.0000      -580.19       0.0000       198.68      1.25185E-20   0.0000       486.07       0.0000       337.86      -386.29    
  4687.092975       1.0000       0.0000      -581.12       0.0000       198.80      9.56088E-20   0.0000       486.36       0.0000       338.06      -388.09    
  4687.109880       1.0000       0.0000      -582.90       0.0000       199.03      5.86044E-19   0.0000       486.93       0.0000       338.45      -391.59    
  4687.143689       1.0000       0.0000      -586.13       0.0000       199.50     -6.77364E-29   0.0000       488.08       0.0000       339.25      -398.15    
  4687.189019       1.0000       0.0000      -590.04       0.0000       200.13     -3.80425E-19   0.0000       489.63       0.0000       340.33      -406.20    
  4687.241589       1.0000       0.0000      -592.61       0.0000       200.29      2.24720E-22   0.0000       490.00       0.0000       340.58      -414.50    
  4687.299583       1.0000       0.0000      -594.36       0.0000       200.29      5.82275E-19   0.0000       490.00       0.0000       340.58      -422.56    
  4687.365131       1.0000       0.0000      -595.70       0.0000       200.29     -5.57181E-21   0.0000       490.00       0.0000       340.58      -430.53    
  4687.442218       1.0000       0.0000      -596.70       0.0000       200.29      1.13749E-19   0.0000       490.00       0.0000       340.59      -438.77    
  4687.543623       1.0000       0.0000      -597.40       0.0000       200.29      3.00537E-20   0.0000       490.00       0.0000       340.59      -448.33    
  4687.668103       1.0000       0.0000      -597.76       0.0000       200.29      1.95391E-18   0.0000       490.00       0.0000       340.59      -458.57    
  4687.831894       1.0000       0.0000      -597.81       0.0000       200.29      7.16247E-21   0.0000       490.00       0.0000       340.60      -469.67    
  4687.966248       1.0000       0.0000      -597.71       0.0000       200.29     -8.60141E-19   0.0000       490.00       0.0000       340.61      -477.06    
  4688.000000       1.0000       0.0000      -597.67       0.0000       200.29      5.68692E-20   0.0000       490.00       0.0000       340.61      -478.76    
  4688.000000       1.0000       0.0000      -597.67       0.0000       200.29     -1.02721E-22   0.0000       490.00       0.0000       340.61      -478.76    
  4688.021131       1.0000       0.0000      -597.65       0.0000       200.29     -1.13313E-25   0.0000       490.00       0.0000       340.61      -479.67    
  4688.042261       1.0000       0.0000      -597.62       0.0000       200.29      4.58731E-22   0.0000       490.00       0.0000       340.61      -480.48    
  4688.084523       1.0000       0.0000      -597.56       0.0000       200.29      1.37642E-21   0.0000       490.00       0.0000       340.61      -482.02    
  4688.169046       1.0000       0.0000      -597.41       0.0000       200.29      3.21180E-21   0.0000       490.00       0.0000       340.62      -484.73    
  4688.169046       1.0000       0.0000      -597.41       0.0000       200.29     -1.06272E-28   0.0000       490.00       0.0000       340.62      -484.73    
  4688.202855       1.0000       0.0000      -597.34       0.0000       200.29      3.41987E-20   0.0000       490.00       0.0000       340.62      -485.70    
  4688.236664       1.0000       0.0000      -597.28       0.0000       200.29      5.14564E-22   0.0000       490.00       0.0000       340.62      -486.61    
  4688.304282       1.0000       0.0000      -597.13       0.0000       200.29     -1.47918E-19   0.0000       490.00       0.0000       340.63      -488.16    
  4688.381898       1.0000       0.0000      -596.97       0.0000       200.29     -1.77744E-18   0.0000       490.00       0.0000       340.63      -489.60    
  4688.381898       1.0000       0.0000      -596.97       0.0000       200.29      8.93044E-22   0.0000       490.00       0.0000       340.63      -489.60    
  4688.435992       1.0000       0.0000      -596.85       0.0000       200.29      4.92503E-24   0.0000       490.00       0.0000       340.63      -490.42    
  4688.490087       1.0000       0.0000      -596.73       0.0000       200.29      1.23466E-23   0.0000       490.00       0.0000       340.64      -491.09    
  4688.598276       1.0000       0.0000      -596.48       0.0000       200.29     -1.21568E-19   0.0000       490.00       0.0000       340.64      -491.95    
  4688.814654       1.0000       0.0000      -595.99       0.0000       200.29     -7.98472E-18   0.0000       490.00       0.0000       340.66      -492.39    
  4689.000000       1.0000       0.0000      -595.58       0.0000       200.29     -4.52947E-19   0.0000       490.00       0.0000       340.67      -491.89    
  4689.000000       1.0000       0.0000      -595.58       0.0000       200.29      1.18519E-22   0.0000       490.00       0.0000       340.67      -491.89    
  4689.173103       1.0000       0.0000      -595.15       0.0000       200.29      1.97683E-22   0.0000       490.00       0.0000       340.68      -490.36    
  4689.346205       1.0000       0.0000      -594.70       0.0000       200.29      1.95642E-23   0.0000       490.00       0.0000       340.69      -488.76    
  4689.676165       1.0000       0.0000      -593.80       0.0000       200.29     -2.35117E-18   0.0000       490.00       0.0000       340.71      -485.74    
  4689.676165       1.0000       0.0000      -593.80       0.0000       200.29     -2.27926E-21   0.0000       490.00       0.0000       340.71      -485.74    
  4689.814647       1.0000       0.0000      -593.44       0.0000       200.29     -2.30927E-23   0.0000       490.00       0.0000       340.72      -481.99    
  4689.953129       1.0000       0.0000      -593.07       0.0000       200.29     -7.89989E-21   0.0000       490.00       0.0000       340.72      -479.55    
  4690.000000       1.0000       0.0000      -592.94       0.0000       200.29     -7.13636E-20   0.0000       490.00       0.0000       340.73      -478.75    
  4690.000000       1.0000       0.0000      -592.94       0.0000       200.29     -1.63252E-22   0.0000       490.00       0.0000       340.73      -478.75    
  4690.110786       1.0000       0.0000      -592.60       0.0000       200.29     -3.56286E-20   0.0000       490.00       0.0000       340.73      -476.70    
  4690.221571       1.0000       0.0000      -592.21       0.0000       200.29     -8.40879E-23   0.0000       490.00       0.0000       340.74      -474.81    
  4690.265886       1.0000       0.0000      -592.05       0.0000       200.29     -3.71480E-18   0.0000       490.00       0.0000       340.74      -474.07    
  4690.354514       1.0000       0.0000      -591.72       0.0000       200.29     -4.43813E-19   0.0000       490.00       0.0000       340.74      -472.63    
  4690.531771       1.0000       0.0000      -591.04       0.0000       200.29     -1.03545E-18   0.0000       490.00       0.0000       340.75      -470.00    
  4690.886285       1.0000       0.0000      -589.63       0.0000       200.29      2.80722E-18   0.0000       490.00       0.0000       340.76      -465.70    
  4690.886285       1.0000       0.0000      -589.63       0.0000       200.29     -1.06920E-20   0.0000       490.00       0.0000       340.76      -465.70    
  4690.898828       1.0000       0.0000      -589.58       0.0000       200.29     -4.45053E-23   0.0000       490.00       0.0000       340.76      -465.55    
  4690.911371       1.0000       0.0000      -589.53       0.0000       200.29     -1.51524E-19   0.0000       490.00       0.0000       340.76      -465.40    
  4690.936458       1.0000       0.0000      -589.43       0.0000       200.29     -1.02193E-18   0.0000       490.00       0.0000       340.76      -465.11    
  4690.986630       1.0000       0.0000      -589.23       0.0000       200.29     -6.55085E-19   0.0000       490.00       0.0000       340.76      -464.53    
  4691.000000       1.0000       0.0000      -589.17       0.0000       200.29     -1.61115E-18   0.0000       490.00       0.0000       340.76      -464.38    
  4691.000000       1.0000       0.0000      -589.17       0.0000       200.29     -1.29283E-24   0.0000       490.00       0.0000       340.76      -464.38    
  4691.040138       1.0000       0.0000      -589.01       0.0000       200.29     -1.17175E-20   0.0000       490.00       0.0000       340.76      -463.91    
  4691.080275       1.0000       0.0000      -588.84       0.0000       200.29     -4.56300E-18   0.0000       490.00       0.0000       340.76      -463.45    
  4691.160551       1.0000       0.0000      -588.50       0.0000       200.29     -7.76440E-19   0.0000       490.00       0.0000       340.77      -462.61    
  4691.321102       1.0000       0.0000      -587.77       0.0000       200.29      6.83962E-20   0.0000       490.00       0.0000       340.77      -461.20    
  4691.642204       1.0000       0.0000      -586.28       0.0000       200.29     -8.61809E-18   0.0000       490.00       0.0000       340.78      -459.24    
  4692.000000       1.0000       0.0000      -584.56       0.0000       200.29     -1.79489E-19   0.0000       490.00       0.0000       340.78      -457.89    
  4692.000000       1.0000       0.0000      -584.56       0.0000       200.29     -2.62455E-22   0.0000       490.00       0.0000       340.78      -457.89    
  4692.256882       1.0000       0.0000      -583.20       0.0000       200.29      6.57828E-24   0.0000       490.00       0.0000       340.79      -457.09    
  4692.513763       1.0000       0.0000      -581.77       0.0000       200.29     -3.60959E-23   0.0000       490.00       0.0000       340.79      -456.71    
  4693.000000       1.0000       0.0000      -578.96       0.0000       200.29     -4.45967E-19   0.0000       490.00       0.0000       340.80      -456.86    
  4693.000000       1.0000       0.0000      -578.96       0.0000       200.29      1.14975E-21   0.0000       490.00       0.0000       340.80      -456.86    
  4693.205505       1.0000       0.0000      -577.63       0.0000       200.29     -4.13736E-22   0.0000       490.00       0.0000       340.80      -456.82    
  4693.411010       1.0000       0.0000      -576.23       0.0000       200.29     -1.02103E-20   0.0000       490.00       0.0000       340.80      -457.03    
  4693.822021       1.0000       0.0000      -573.34       0.0000       200.29     -7.81192E-18   0.0000       490.00       0.0000       340.80      -457.94    
  4694.000000       1.0000       0.0000      -572.08       0.0000       200.29     -9.76253E-19   0.0000       490.00       0.0000       340.81      -458.41    
  4694.000000       1.0000       0.0000      -572.08       0.0000       200.29     -4.59407E-26   0.0000       490.00       0.0000       340.81      -458.41    
  4694.328808       1.0000       0.0000      -569.43       0.0000       200.29     -2.96910E-22   0.0000       490.00       0.0000       340.81      -459.09    
  4694.657617       1.0000       0.0000      -566.70       0.0000       200.29     -4.11256E-20   0.0000       490.00       0.0000       340.81      -459.77    
  4695.000000       1.0000       0.0000      -563.84       0.0000       200.29     -9.81128E-18   0.0000       490.00       0.0000       340.81      -460.56    
  4695.000000       1.0000       0.0000      -563.84       0.0000       200.29      2.87166E-23   0.0000       490.00       0.0000       340.81      -460.59    
  4695.263047       1.0000       0.0000      -561.57       0.0000       200.29     -8.10350E-20   0.0000       490.00       0.0000       340.81      -461.39    
  4695.526093       1.0000       0.0000      -559.29       0.0000       200.29     -1.01042E-20   0.0000       490.00       0.0000       340.81      -462.31    
  4696.000000       1.0000       0.0000      -545.03       0.0000       197.51      2.79812E-19   0.0000       483.19       0.0000       336.07      -463.41    
  4696.000000       1.0000       0.0000      -545.03       0.0000       197.51      3.24757E-22   0.0000       483.19       0.0000       336.07      -463.51    
  4696.026105       1.0000       0.0000      -541.94       0.0000       196.42      3.24757E-22   0.0000       480.53       0.0000       334.22      -463.46    
  4696.052211       1.0000       0.0000      -538.60       0.0000       195.33      1.14077E-20   0.0000       477.86       0.0000       332.36      -463.35    
  4696.104422       1.0000       0.0000      -531.17       0.0000       193.15      4.44127E-21   0.0000       472.53       0.0000       328.66      -462.95    
  4696.104422       1.0000       0.0000      -531.17       0.0000       193.15     -2.47357E-25   0.0000       472.53       0.0000       328.66      -462.94    
  4696.125306       1.0000       0.0000      -528.10       0.0000       192.28     -2.47357E-25   0.0000       470.40       0.0000       327.17      -462.74    
  4696.146190       1.0000       0.0000      -524.94       0.0000       191.41     -1.03762E-17   0.0000       468.27       0.0000       325.69      -462.53    
  4696.187959       1.0000       0.0000      -518.34       0.0000       189.66      1.01327E-20   0.0000       464.01       0.0000       322.73      -462.01    
  4696.271496       1.0000       0.0000      -498.71       0.0000       184.19      3.27295E-18   0.0000       450.61       0.0000       313.41      -460.36    
  4696.438571       1.0000       0.0000      -449.83       0.0000       171.50     -2.53349E-21   0.0000       419.56       0.0000       291.82      -455.05    
  4696.772720       1.0000       0.0000      -303.01       0.0000       134.16     -4.44913E-17   0.0000       328.22       0.0000       228.28      -435.26    
  4696.818176       1.0000       0.0000      -279.81       0.0000       127.96      5.15733E-22   0.0000       313.06       0.0000       217.74      -432.29    
  4696.909088       1.0000       0.0000      -226.92       0.0000       114.05      7.24750E-21   0.0000       279.03       0.0000       194.08      -425.23    
  4697.000000       1.0000       0.0000      -170.54       0.0000       100.14      1.25605E-22   0.0000       245.00       0.0000       170.41      -417.41    
  4697.000000       1.0000       0.0000      -170.54       0.0000       100.14      6.30274E-22   0.0000       245.00       0.0000       170.41      -417.41    
  4697.004461       1.0000       0.0000      -167.68       0.0000       99.461      2.69126E-20   0.0000       243.33       0.0000       169.25      -417.03    
  4697.008921       1.0000       0.0000      -164.82       0.0000       98.779      7.92200E-23   0.0000       241.66       0.0000       168.09      -416.64    
  4697.013149       1.0000       0.0000      -162.11       0.0000       98.132     -1.92351E-23   0.0000       240.08       0.0000       166.98      -416.25    
  4697.017907       1.0000       0.0000      -159.05       0.0000       97.404     -1.30060E-22   0.0000       238.30       0.0000       165.75      -415.82    
  4697.023074       1.0000       0.0000      -155.72       0.0000       96.614     -5.00021E-21   0.0000       236.36       0.0000       164.40      -415.34    
  4697.029092       1.0000       0.0000      -151.85       0.0000       95.693      4.34746E-20   0.0000       234.11       0.0000       162.83      -414.78    
  4697.036243       1.0000       0.0000      -147.23       0.0000       94.599      2.27771E-21   0.0000       231.43       0.0000       160.97      -414.12    
  4697.045507       1.0000       0.0000      -141.25       0.0000       93.181      3.44094E-19   0.0000       227.97       0.0000       158.56      -413.24    
  4697.060682       1.0000       0.0000      -131.42       0.0000       90.859     -1.49814E-19   0.0000       222.29       0.0000       154.61      -411.80    
  4697.076057       1.0000       0.0000      -121.44       0.0000       88.507     -4.22385E-20   0.0000       216.53       0.0000       150.61      -410.33    
  4697.092711       1.0000       0.0000      -110.58       0.0000       85.959      1.79689E-18   0.0000       210.30       0.0000       146.27      -408.71    
  4697.109222       1.0000       0.0000      -99.776       0.0000       83.433     -6.81688E-20   0.0000       204.12       0.0000       141.97      -407.09    
  4697.127327       1.0000       0.0000      -87.904       0.0000       80.663      1.33194E-18   0.0000       197.34       0.0000       137.26      -404.75    
  4697.127327       1.0000       0.0000      -87.904       0.0000       80.663     -1.70399E-22   0.0000       197.34       0.0000       137.26      -404.74    
  4697.130709       1.0000       0.0000      -85.682       0.0000       80.146      1.16992E-19   0.0000       196.07       0.0000       136.38      -404.60    
  4697.134091       1.0000       0.0000      -83.459       0.0000       79.628     -3.11409E-22   0.0000       194.81       0.0000       135.50      -404.22    
  4697.140855       1.0000       0.0000      -79.013       0.0000       78.593      5.42302E-21   0.0000       192.28       0.0000       133.74      -403.43    
  4697.154383       1.0000       0.0000      -70.117       0.0000       76.524     -4.18826E-19   0.0000       187.21       0.0000       130.22      -401.83    
  4697.175577       1.0000       0.0000      -56.172       0.0000       73.281      7.67407E-20   0.0000       179.28       0.0000       124.70      -399.32    
  4697.180235       1.0000       0.0000      -53.102       0.0000       72.568      7.07401E-22   0.0000       177.54       0.0000       123.49      -398.75    
  4697.189553       1.0000       0.0000      -46.960       0.0000       71.143     -1.67273E-26   0.0000       174.05       0.0000       121.06      -397.64    
  4697.193280       1.0000       0.0000      -44.502       0.0000       70.572      2.59585E-25   0.0000       172.65       0.0000       120.09      -397.20    
  4697.200734       1.0000       0.0000      -39.630       0.0000       69.452      4.10868E-20   0.0000       169.91       0.0000       118.18      -396.31    
  4697.215642       1.0000       0.0000      -30.767       0.0000       67.586     -3.00631E-21   0.0000       165.35       0.0000       115.01      -394.54    
  4697.245380       1.0000       0.0000      -13.412       0.0000       63.864     -3.09275E-21   0.0000       156.24       0.0000       108.67      -391.06    
  4697.280250       1.0000       0.0000       6.5979       0.0000       59.499      1.50927E-20   0.0000       145.56       0.0000       101.25      -387.02    
  4697.326977       1.0000       0.0000       32.550       0.0000       53.649      1.79294E-20   0.0000       131.25       0.0000       91.294      -381.63    
  4697.384277       1.0000       0.0000       63.077       0.0000       46.477     -1.34757E-17   0.0000       113.70       0.0000       79.089      -375.00    
  4697.460941       1.0000       0.0000       98.958       0.0000       38.575     -3.29807E-21   0.0000       94.373       0.0000       65.643      -366.35    
  4697.565750       1.0000       0.0000       144.68       0.0000       28.371      5.00086E-19   0.0000       69.408       0.0000       48.279      -354.87    
  4697.723028       1.0000       0.0000       199.90       0.0000       16.480     -4.15487E-20   0.0000       40.318       0.0000       28.045      -338.94    
  4697.946924       1.0000       0.0000       254.92       0.0000       4.9965     -8.12603E-19   0.0000       12.224       0.0000       8.5027      -319.17    
  4698.000000       1.0000       0.0000       266.12       0.0000       2.7818     -3.02220E-20   0.0000       6.8056       0.0000       4.7339      -314.60    
  4698.000000       1.0000       0.0000       266.12       0.0000       2.7818     -1.70059E-21   0.0000       6.8056       0.0000       4.7339      -314.61    
  4698.010822       1.0000       0.0000       267.72       0.0000       2.6312      5.05601E-19   0.0000       6.4373       0.0000       4.4777      -313.75    
  4698.021645       1.0000       0.0000       269.25       0.0000       2.4807     -9.83220E-21   0.0000       6.0690       0.0000       4.2215      -312.99    
  4698.043289       1.0000       0.0000       272.01       0.0000       2.1797     -1.09426E-23   0.0000       5.3325       0.0000       3.7092      -311.53    
  4698.086579       1.0000       0.0000       276.76       0.0000       1.5776      6.50408E-19   0.0000       3.8595       0.0000       2.6846      -308.79    
  4698.173157       1.0000       0.0000       284.30       0.0000      0.37335      1.34379E-19   0.0000      0.91340       0.0000      0.63535      -303.81    
  4698.346314       1.0000       0.0000       289.45       0.0000       0.0000     -6.08576E-18   0.0000       0.0000       0.0000       0.0000      -295.66    
  4698.572309       1.0000       0.0000       291.10       0.0000       0.0000     -3.82777E-18   0.0000       0.0000       0.0000       0.0000      -286.96    
  4698.873218       1.0000       0.0000       291.27       0.0000       0.0000      1.77274E-18   0.0000       0.0000       0.0000       0.0000      -277.39    
  4699.000000       1.0000       0.0000       291.17       0.0000       0.0000     -8.29060E-20   0.0000       0.0000       0.0000       0.0000      -273.49    
  4699.000000       1.0000       0.0000       291.17       0.0000       0.0000     -1.52565E-21   0.0000       0.0000       0.0000       0.0000      -273.47    
  4699.138526       1.0000       0.0000       290.94       0.0000       0.0000     -2.46449E-17   0.0000       0.0000       0.0000       0.0000      -270.61    
  4699.277051       1.0000       0.0000       290.64       0.0000       0.0000     -1.63653E-19   0.0000       0.0000       0.0000       0.0000      -267.95    
  4699.554103       1.0000       0.0000       289.95       0.0000       0.0000      7.29421E-18   0.0000       0.0000       0.0000       0.0000      -263.22    
  4700.000000       1.0000       0.0000       288.72       0.0000       0.0000     -6.12380E-21   0.0000       0.0000       0.0000       0.0000      -256.40    
  4700.000000       1.0000       0.0000       288.72       0.0000       0.0000     -1.37398E-21   0.0000       0.0000       0.0000       0.0000      -256.40    
  4700.221641       1.0000       0.0000       288.10       0.0000       0.0000     -1.37398E-21   0.0000       0.0000       0.0000       0.0000      -252.79    
  4700.443282       1.0000       0.0000       287.47       0.0000       0.0000      8.22239E-26   0.0000       0.0000       0.0000       0.0000      -249.18    
  4700.886565       1.0000       0.0000       286.17       0.0000       0.0000     -5.54565E-19   0.0000       0.0000       0.0000       0.0000      -242.28    
  4701.000000       1.0000       0.0000       285.83       0.0000       0.0000     -6.96477E-19   0.0000       0.0000       0.0000       0.0000      -240.19    
  4701.000000       1.0000       0.0000       285.83       0.0000       0.0000     -5.29824E-21   0.0000       0.0000       0.0000       0.0000      -240.19    
  4701.354626       1.0000       0.0000       284.64       0.0000       0.0000     -3.29553E-19   0.0000       0.0000       0.0000       0.0000      -238.07    
  4701.709252       1.0000       0.0000       283.40       0.0000       0.0000     -2.89021E-19   0.0000       0.0000       0.0000       0.0000      -235.12    
  4701.848517       1.0000       0.0000       282.91       0.0000       0.0000     -2.73104E-19   0.0000       0.0000       0.0000       0.0000      -233.63    
  4701.848517       1.0000       0.0000       282.91       0.0000       0.0000     -6.00831E-27   0.0000       0.0000       0.0000       0.0000      -233.63    
  4701.924259       1.0000       0.0000       282.64       0.0000       0.0000      3.24255E-19   0.0000       0.0000       0.0000       0.0000      -232.75    
  4702.000000       1.0000       0.0000       282.36       0.0000       0.0000      3.24255E-19   0.0000       0.0000       0.0000       0.0000      -231.84    
  4702.000000       1.0000       0.0000       282.36       0.0000       0.0000     -2.05826E-21   0.0000       0.0000       0.0000       0.0000      -231.84    
  4702.060593       1.0000       0.0000       282.14       0.0000       0.0000     -1.62333E-18   0.0000       0.0000       0.0000       0.0000      -231.08    
  4702.121186       1.0000       0.0000       281.92       0.0000       0.0000     -3.75236E-20   0.0000       0.0000       0.0000       0.0000      -230.30    
  4702.242372       1.0000       0.0000       281.48       0.0000       0.0000     -7.24206E-18   0.0000       0.0000       0.0000       0.0000      -228.70    
  4702.319484       1.0000       0.0000       281.19       0.0000       0.0000     -1.45023E-18   0.0000       0.0000       0.0000       0.0000      -227.62    
  4702.319484       1.0000       0.0000       281.19       0.0000       0.0000      1.10829E-21   0.0000       0.0000       0.0000       0.0000      -231.02    
  4702.416433       1.0000       0.0000       281.14       0.0000       0.0000      1.13600E-18   0.0000       0.0000       0.0000       0.0000      -234.92    
  4702.513382       1.0000       0.0000       280.98       0.0000       0.0000      8.21720E-20   0.0000       0.0000       0.0000       0.0000      -239.31    
  4702.637292       1.0000       0.0000       280.68       0.0000       0.0000      4.02399E-17   0.0000       0.0000       0.0000       0.0000      -244.27    
  4702.791747       1.0000       0.0000       280.24       0.0000       0.0000     -3.08856E-18   0.0000       0.0000       0.0000       0.0000      -249.53    
  4703.000000       1.0000       0.0000       279.58       0.0000       0.0000      2.15004E-17   0.0000       0.0000       0.0000       0.0000      -255.26    
