#      time         order        tairmean     top       
  4679.000000       1.0000       22.424       22.734    
  4679.400000       1.0000       22.351       22.656    
  4679.800000       1.0000       22.279       22.579    
  4680.000000       1.0000       22.243       22.540    
  4680.000000       1.0000       22.243       22.540    
  4680.002746       1.0000       22.242       22.540    
  4680.005491       1.0000       22.242       22.539    
  4680.007168       1.0000       22.241       22.539    
  4680.007168       1.0000       22.241       22.539    
  4680.009364       1.0000       22.241       22.539    
  4680.011560       1.0000       22.241       22.538    
  4680.015953       1.0000       22.240       22.537    
  4680.024739       1.0000       22.238       22.536    
  4680.042311       1.0000       22.235       22.532    
  4680.077454       1.0000       22.229       22.525    
  4680.147740       1.0000       22.216       22.512    
  4680.288312       1.0000       22.192       22.485    
  4680.569457       1.0000       22.142       22.433    
  4680.676971       1.0000       22.123       22.412    
  4680.676971       1.0000       22.123       22.412    
  4680.726028       1.0000       22.115       22.403    
  4680.775084       1.0000       22.106       22.394    
  4680.873198       1.0000       22.089       22.376    
  4681.000000       1.0000       22.067       22.352    
  4681.000000       1.0000       22.067       22.352    
  4681.078491       1.0000       22.054       22.337    
  4681.156982       1.0000       22.040       22.323    
  4681.313963       1.0000       22.014       22.294    
  4681.627927       1.0000       21.960       22.236    
  4682.000000       1.0000       21.898       22.168    
  4682.000000       1.0000       21.898       22.168    
  4682.251171       1.0000       21.856       22.123    
  4682.502341       1.0000       21.814       22.077    
  4683.000000       1.0000       21.730       21.987    
  4683.000000       1.0000       21.730       21.987    
  4683.200936       1.0000       21.697       21.950    
  4683.401873       1.0000       21.664       21.914    
  4683.803746       1.0000       21.689       21.954    
  4684.000000       1.0000       21.694       21.952    
  4684.000000       1.0000       21.694       21.952    
  4684.006430       1.0000       21.694       21.952    
  4684.012860       1.0000       21.694       21.953    
  4684.023253       1.0000       21.695       21.954    
  4684.035152       1.0000       21.695       21.956    
  4684.052744       1.0000       21.697       21.958    
  4684.076747       1.0000       21.700       21.962    
  4684.097601       1.0000       21.703       21.967    
  4684.120210       1.0000       21.706       21.972    
  4684.139000       1.0000       21.710       21.976    
  4684.157579       1.0000       21.714       21.981    
  4684.174684       1.0000       21.718       21.985    
  4684.191659       1.0000       21.722       21.990    
  4684.208147       1.0000       21.726       21.995    
  4684.224654       1.0000       21.730       22.000    
  4684.241752       1.0000       21.735       22.006    
  4684.260203       1.0000       21.740       22.012    
  4684.280277       1.0000       21.746       22.019    
  4684.302422       1.0000       21.752       22.026    
  4684.327206       1.0000       21.760       22.035    
  4684.355250       1.0000       21.769       22.045    
  4684.387527       1.0000       21.779       22.057    
  4684.425324       1.0000       21.791       22.071    
  4684.470682       1.0000       21.806       22.089    
  4684.526668       1.0000       21.825       22.111    
  4684.598608       1.0000       21.846       22.135    
  4684.598608       1.0000       21.846       22.135    
  4684.606922       1.0000       21.848       22.138    
  4684.615236       1.0000       21.851       22.141    
  4684.631864       1.0000       21.855       22.146    
  4684.665121       1.0000       21.864       22.157    
  4684.731633       1.0000       21.883       22.178    
  4684.864659       1.0000       21.921       22.220    
  4685.000000       1.0000       21.963       22.264    
  4685.000000       1.0000       21.963       22.264    
  4685.106421       1.0000       22.002       22.303    
  4685.212841       1.0000       22.046       22.345    
  4685.425683       1.0000       22.154       22.443    
  4685.756025       1.0000       22.372       22.635    
  4686.000000       1.0000       22.578       22.813    
  4686.000000       1.0000       22.578       22.813    
  4686.034055       1.0000       22.607       22.839    
  4686.068109       1.0000       22.637       22.865    
  4686.136219       1.0000       22.700       22.918    
  4686.216293       1.0000       22.775       22.982    
  4686.308038       1.0000       22.859       23.052    
  4686.427983       1.0000       22.967       23.141    
  4686.602839       1.0000       23.110       23.261    
  4686.906805       1.0000       23.308       23.428    
  4686.912496       1.0000       23.313       23.432    
  4686.912496       1.0000       23.313       23.432    
  4686.929004       1.0000       23.323       23.440    
  4686.945513       1.0000       23.333       23.449    
  4686.978529       1.0000       23.353       23.465    
  4687.000000       1.0000       23.365       23.475    
  4687.000000       1.0000       23.365       23.475    
  4687.026413       1.0000       23.379       23.487    
  4687.052827       1.0000       23.392       23.498    
  4687.063392       1.0000       23.398       23.502    
  4687.084523       1.0000       23.408       23.511    
  4687.092975       1.0000       23.412       23.514    
  4687.109880       1.0000       23.419       23.521    
  4687.143689       1.0000       23.433       23.533    
  4687.189019       1.0000       23.452       23.549    
  4687.241589       1.0000       23.471       23.566    
  4687.299583       1.0000       23.490       23.584    
  4687.365131       1.0000       23.510       23.602    
  4687.442218       1.0000       23.531       23.622    
  4687.543623       1.0000       23.558       23.649    
  4687.668103       1.0000       23.590       23.682    
  4687.831894       1.0000       23.631       23.725    
  4687.966248       1.0000       23.664       23.759    
  4688.000000       1.0000       23.672       23.768    
  4688.000000       1.0000       23.672       23.768    
  4688.021131       1.0000       23.677       23.773    
  4688.042261       1.0000       23.682       23.778    
  4688.084523       1.0000       23.692       23.789    
  4688.169046       1.0000       23.712       23.809    
  4688.169046       1.0000       23.712       23.809    
  4688.202855       1.0000       23.720       23.818    
  4688.236664       1.0000       23.728       23.826    
  4688.304282       1.0000       23.743       23.841    
  4688.381898       1.0000       23.760       23.859    
  4688.381898       1.0000       23.760       23.859    
  4688.435992       1.0000       23.770       23.868    
  4688.490087       1.0000       23.780       23.879    
  4688.598276       1.0000       23.800       23.900    
  4688.814654       1.0000       23.839       23.940    
  4689.000000       1.0000       23.870       23.974    
  4689.000000       1.0000       23.870       23.974    
  4689.173103       1.0000       23.898       24.003    
  4689.346205       1.0000       23.924       24.031    
  4689.676165       1.0000       23.968       24.079    
  4689.676165       1.0000       23.968       24.079    
  4689.814647       1.0000       23.985       24.098    
  4689.953129       1.0000       24.001       24.116    
  4690.000000       1.0000       24.002       24.119    
  4690.000000       1.0000       24.002       24.119    
  4690.110786       1.0000       24.000       24.125    
  4690.221571       1.0000       24.000       24.131    
  4690.265886       1.0000       24.000       24.133    
  4690.354514       1.0000       24.000       24.137    
  4690.531771       1.0000       24.000       24.145    
  4690.886285       1.0000       24.000       24.157    
  4690.886285       1.0000       24.000       24.157    
  4690.898828       1.0000       24.000       24.157    
  4690.911371       1.0000       24.000       24.157    
  4690.936458       1.0000       24.000       24.158    
  4690.986630       1.0000       24.000       24.160    
  4691.000000       1.0000       24.000       24.160    
  4691.000000       1.0000       24.000       24.160    
  4691.040138       1.0000       24.000       24.161    
  4691.080275       1.0000       24.000       24.162    
  4691.160551       1.0000       24.000       24.164    
  4691.321102       1.0000       24.000       24.167    
  4691.642204       1.0000       24.000       24.172    
  4692.000000       1.0000       24.000       24.173    
  4692.000000       1.0000       24.000       24.173    
  4692.256882       1.0000       24.001       24.225    
  4692.513763       1.0000       24.000       24.242    
  4693.000000       1.0000       24.000       24.279    
  4693.000000       1.0000       24.000       24.279    
  4693.205505       1.0000       24.000       24.295    
  4693.411010       1.0000       24.000       24.310    
  4693.822021       1.0000       24.000       24.337    
  4694.000000       1.0000       24.000       24.349    
  4694.000000       1.0000       24.000       24.349    
  4694.328808       1.0000       24.000       24.367    
  4694.657617       1.0000       24.000       24.383    
  4695.000000       1.0000       24.000       24.398    
  4695.000000       1.0000       24.000       24.398    
  4695.263047       1.0000       24.000       24.407    
  4695.526093       1.0000       24.000       24.415    
  4696.000000       1.0000       24.000       24.418    
  4696.000000       1.0000       24.000       24.418    
  4696.026105       1.0000       24.000       24.417    
  4696.052211       1.0000       24.000       24.416    
  4696.104422       1.0000       24.000       24.415    
  4696.104422       1.0000       24.000       24.415    
  4696.125306       1.0000       24.000       24.414    
  4696.146190       1.0000       24.000       24.414    
  4696.187959       1.0000       24.000       24.413    
  4696.271496       1.0000       24.000       24.408    
  4696.438571       1.0000       23.999       24.396    
  4696.772720       1.0000       23.999       24.355    
  4696.818176       1.0000       23.999       24.349    
  4696.909088       1.0000       23.999       24.333    
  4697.000000       1.0000       23.999       24.317    
  4697.000000       1.0000       23.999       24.317    
  4697.004461       1.0000       24.000       24.317    
  4697.008921       1.0000       24.001       24.317    
  4697.013149       1.0000       24.002       24.316    
  4697.017907       1.0000       24.002       24.316    
  4697.023074       1.0000       24.003       24.315    
  4697.029092       1.0000       24.003       24.315    
  4697.036243       1.0000       24.003       24.313    
  4697.045507       1.0000       24.003       24.312    
  4697.060682       1.0000       24.002       24.308    
  4697.076057       1.0000       23.999       24.304    
  4697.092711       1.0000       23.995       24.298    
  4697.109222       1.0000       23.989       24.292    
  4697.127327       1.0000       23.983       24.285    
  4697.127327       1.0000       23.983       24.285    
  4697.130709       1.0000       23.981       24.284    
  4697.134091       1.0000       23.980       24.283    
  4697.140855       1.0000       23.977       24.280    
  4697.154383       1.0000       23.971       24.274    
  4697.175577       1.0000       23.961       24.264    
  4697.180235       1.0000       23.958       24.262    
  4697.189553       1.0000       23.954       24.257    
  4697.193280       1.0000       23.952       24.256    
  4697.200734       1.0000       23.948       24.252    
  4697.215642       1.0000       23.939       24.245    
  4697.245380       1.0000       23.922       24.230    
  4697.280250       1.0000       23.902       24.213    
  4697.326977       1.0000       23.873       24.189    
  4697.384277       1.0000       23.836       24.158    
  4697.460941       1.0000       23.789       24.118    
  4697.565750       1.0000       23.726       24.065    
  4697.723028       1.0000       23.641       23.992    
  4697.946924       1.0000       23.538       23.901    
  4698.000000       1.0000       23.515       23.880    
  4698.000000       1.0000       23.515       23.880    
  4698.010822       1.0000       23.511       23.876    
  4698.021645       1.0000       23.506       23.872    
  4698.043289       1.0000       23.498       23.865    
  4698.086579       1.0000       23.483       23.852    
  4698.173157       1.0000       23.456       23.826    
  4698.346314       1.0000       23.412       23.782    
  4698.572309       1.0000       23.358       23.725    
  4698.873218       1.0000       23.290       23.653    
  4699.000000       1.0000       23.262       23.622    
  4699.000000       1.0000       23.262       23.622    
  4699.138526       1.0000       23.231       23.589    
  4699.277051       1.0000       23.200       23.556    
  4699.554103       1.0000       23.138       23.489    
  4700.000000       1.0000       23.035       23.380    
  4700.000000       1.0000       23.035       23.380    
  4700.221641       1.0000       22.983       23.325    
  4700.443282       1.0000       22.932       23.271    
  4700.886565       1.0000       22.832       23.167    
  4701.000000       1.0000       22.808       23.141    
  4701.000000       1.0000       22.808       23.141    
  4701.354626       1.0000       22.736       23.065    
  4701.709252       1.0000       22.667       22.992    
  4701.848517       1.0000       22.640       22.964    
  4701.848517       1.0000       22.640       22.964    
  4701.924259       1.0000       22.626       22.948    
  4702.000000       1.0000       22.611       22.933    
  4702.000000       1.0000       22.611       22.933    
  4702.060593       1.0000       22.600       22.921    
  4702.121186       1.0000       22.588       22.909    
  4702.242372       1.0000       22.566       22.884    
  4702.319484       1.0000       22.551       22.869    
  4702.319484       1.0000       22.551       22.869    
  4702.416433       1.0000       22.533       22.849    
  4702.513382       1.0000       22.514       22.830    
  4702.637292       1.0000       22.491       22.805    
  4702.791747       1.0000       22.462       22.775    
  4703.000000       1.0000       22.424       22.734    
