#      time         order        air_age      relhum       xco2vol   
  4679.000000       1.0000      0.98254      0.60582       401.14    
  4679.400000       1.0000      0.98262      0.61127       400.81    
  4679.800000       1.0000      0.98267      0.61582       400.58    
  4680.000000       1.0000      0.98270      0.61791       400.48    
  4680.000000       1.0000      0.98270      0.61791       400.48    
  4680.002746       1.0000      0.98270      0.61794       400.48    
  4680.005491       1.0000      0.98270      0.61797       400.48    
  4680.007168       1.0000      0.98270      0.61799       400.48    
  4680.007168       1.0000      0.98270      0.61799       400.48    
  4680.009364       1.0000      0.98270      0.61801       400.47    
  4680.011560       1.0000      0.98270      0.61804       400.47    
  4680.015953       1.0000      0.98270      0.61808       400.47    
  4680.024739       1.0000      0.98270      0.61817       400.47    
  4680.042311       1.0000      0.98270      0.61835       400.46    
  4680.077454       1.0000      0.98271      0.61871       400.44    
  4680.147740       1.0000      0.98271      0.61940       400.41    
  4680.288312       1.0000      0.98272      0.62072       400.36    
  4680.569457       1.0000      0.98271      0.62173       400.28    
  4680.676971       1.0000      0.98270      0.62190       400.25    
  4680.676971       1.0000      0.98270      0.62190       400.25    
  4680.726028       1.0000      0.98270      0.62193       400.24    
  4680.775084       1.0000      0.98269      0.62191       400.23    
  4680.873198       1.0000      0.98267      0.62174       400.21    
  4681.000000       1.0000      0.98264      0.62133       400.18    
  4681.000000       1.0000      0.98264      0.62133       400.18    
  4681.078491       1.0000      0.98262      0.62099       400.17    
  4681.156982       1.0000      0.98260      0.62061       400.16    
  4681.313963       1.0000      0.98256      0.61969       400.14    
  4681.627927       1.0000      0.98246      0.61750       400.10    
  4682.000000       1.0000      0.98233      0.61432       400.07    
  4682.000000       1.0000      0.98233      0.61432       400.07    
  4682.251171       1.0000      0.98224      0.61202       400.06    
  4682.502341       1.0000      0.98215      0.60959       400.05    
  4683.000000       1.0000      0.98196      0.60449       400.03    
  4683.000000       1.0000      0.98196      0.60449       400.03    
  4683.200936       1.0000      0.98189      0.60256       400.03    
  4683.401873       1.0000      0.98182      0.60075       400.02    
  4683.803746       1.0000      0.98169      0.59718       400.02    
  4684.000000       1.0000      0.98163      0.59546       400.01    
  4684.000000       1.0000      0.98163      0.59546       400.01    
  4684.006430       1.0000      0.98162      0.59540       400.01    
  4684.012860       1.0000      0.98162      0.59534       400.01    
  4684.023253       1.0000      0.98162      0.59526       400.01    
  4684.035152       1.0000      0.98162      0.59516       400.01    
  4684.052744       1.0000      0.98161      0.59502       400.01    
  4684.076747       1.0000      0.98160      0.59484       400.01    
  4684.097601       1.0000      0.98160      0.59470       400.01    
  4684.120210       1.0000      0.98159      0.59455       400.01    
  4684.139000       1.0000      0.98159      0.59444       400.01    
  4684.157579       1.0000      0.98158      0.59433       400.01    
  4684.174684       1.0000      0.98158      0.59424       400.01    
  4684.191659       1.0000      0.98158      0.59415       400.01    
  4684.208147       1.0000      0.98157      0.59407       400.01    
  4684.224654       1.0000      0.98157      0.59400       400.01    
  4684.241752       1.0000      0.98156      0.59392       400.01    
  4684.260203       1.0000      0.98156      0.59385       400.01    
  4684.280277       1.0000      0.98156      0.59378       400.01    
  4684.302422       1.0000      0.98155      0.59370       400.01    
  4684.327206       1.0000      0.98155      0.59363       400.01    
  4684.355250       1.0000      0.98155      0.59357       400.01    
  4684.387527       1.0000      0.98154      0.59350       400.01    
  4684.425324       1.0000      0.98154      0.59345       400.01    
  4684.470682       1.0000      0.98153      0.59341       400.01    
  4684.526668       1.0000      0.98153      0.59341       400.01    
  4684.598608       1.0000      0.98152      0.59347       400.01    
  4684.598608       1.0000      0.98152      0.59347       400.01    
  4684.606922       1.0000      0.98152      0.59348       400.01    
  4684.615236       1.0000      0.98152      0.59349       400.01    
  4684.631864       1.0000      0.98152      0.59351       400.01    
  4684.665121       1.0000      0.98152      0.59357       400.01    
  4684.731633       1.0000      0.98152      0.59372       400.01    
  4684.864659       1.0000      0.98152      0.59415       400.15    
  4685.000000       1.0000      0.98153      0.59465       400.59    
  4685.000000       1.0000      0.98153      0.59465       400.59    
  4685.106421       1.0000      0.98154      0.59519       401.48    
  4685.212841       1.0000      0.98156      0.59597       402.92    
  4685.425683       1.0000      0.98163      0.59818       409.01    
  4685.756025       1.0000      0.98180      0.60256       428.46    
  4686.000000       1.0000      0.98194      0.60568       449.65    
  4686.000000       1.0000      0.98194      0.60568       449.65    
  4686.034055       1.0000      0.98196      0.60615       452.75    
  4686.068109       1.0000      0.98199      0.60667       455.97    
  4686.136219       1.0000      0.98204      0.60781       462.92    
  4686.216293       1.0000      0.98210      0.60894       471.65    
  4686.308038       1.0000      0.98216      0.61009       482.15    
  4686.427983       1.0000      0.98223      0.61141       496.46    
  4686.602839       1.0000      0.98232      0.61311       517.62    
  4686.906805       1.0000      0.98243      0.61578       551.51    
  4686.912496       1.0000      0.98244      0.61579       552.14    
  4686.912496       1.0000      0.98244      0.61579       552.14    
  4686.929004       1.0000      0.98244      0.61584       553.96    
  4686.945513       1.0000      0.98245      0.61588       555.77    
  4686.978529       1.0000      0.98246      0.61591       559.32    
  4687.000000       1.0000      0.98246      0.61591       561.61    
  4687.000000       1.0000      0.98246      0.61591       561.61    
  4687.026413       1.0000      0.98246      0.61588       564.36    
  4687.052827       1.0000      0.98246      0.61583       567.06    
  4687.063392       1.0000      0.98246      0.61580       568.12    
  4687.084523       1.0000      0.98246      0.61574       570.23    
  4687.092975       1.0000      0.98246      0.61570       571.06    
  4687.109880       1.0000      0.98246      0.61563       572.71    
  4687.143689       1.0000      0.98246      0.61565       575.91    
  4687.189019       1.0000      0.98246      0.61554       580.05    
  4687.241589       1.0000      0.98244      0.61526       584.62    
  4687.299583       1.0000      0.98243      0.61479       589.37    
  4687.365131       1.0000      0.98241      0.61407       594.41    
  4687.442218       1.0000      0.98238      0.61299       599.90    
  4687.543623       1.0000      0.98234      0.61123       606.45    
  4687.668103       1.0000      0.98228      0.60867       613.58    
  4687.831894       1.0000      0.98218      0.60478       621.61    
  4687.966248       1.0000      0.98210      0.60133       627.40    
  4688.000000       1.0000      0.98208      0.60045       628.81    
  4688.000000       1.0000      0.98208      0.60045       628.81    
  4688.021131       1.0000      0.98206      0.59989       629.67    
  4688.042261       1.0000      0.98205      0.59932       630.51    
  4688.084523       1.0000      0.98202      0.59815       632.13    
  4688.169046       1.0000      0.98196      0.59575       635.13    
  4688.169046       1.0000      0.98196      0.59575       635.13    
  4688.202855       1.0000      0.98194      0.59477       636.28    
  4688.236664       1.0000      0.98192      0.59379       637.39    
  4688.304282       1.0000      0.98187      0.59177       639.47    
  4688.381898       1.0000      0.98182      0.58942       641.68    
  4688.381898       1.0000      0.98182      0.58942       641.68    
  4688.435992       1.0000      0.98178      0.58777       643.14    
  4688.490087       1.0000      0.98174      0.58610       644.53    
  4688.598276       1.0000      0.98167      0.58272       647.01    
  4688.814654       1.0000      0.98152      0.57593       651.12    
  4689.000000       1.0000      0.98140      0.57019       654.04    
  4689.000000       1.0000      0.98140      0.57019       654.04    
  4689.173103       1.0000      0.98129      0.56498       656.36    
  4689.346205       1.0000      0.98118      0.55991       658.33    
  4689.676165       1.0000      0.98100      0.55071       661.12    
  4689.676165       1.0000      0.98100      0.55071       661.12    
  4689.814647       1.0000      0.98093      0.54705       662.15    
  4689.953129       1.0000      0.98086      0.54354       663.04    
  4690.000000       1.0000      0.98083      0.54237       663.33    
  4690.000000       1.0000      0.98083      0.54237       663.33    
  4690.110786       1.0000      0.98078      0.53970       663.95    
  4690.221571       1.0000      0.98074      0.53714       664.50    
  4690.265886       1.0000      0.98072      0.53614       664.71    
  4690.354514       1.0000      0.98068      0.53417       665.11    
  4690.531771       1.0000      0.98062      0.53050       665.76    
  4690.886285       1.0000      0.98051      0.52391       666.72    
  4690.886285       1.0000      0.98051      0.52391       666.72    
  4690.898828       1.0000      0.98050      0.52368       666.75    
  4690.911371       1.0000      0.98050      0.52345       666.79    
  4690.936458       1.0000      0.98049      0.52300       666.85    
  4690.986630       1.0000      0.98047      0.52210       666.98    
  4691.000000       1.0000      0.98047      0.52186       667.01    
  4691.000000       1.0000      0.98047      0.52186       667.01    
  4691.040138       1.0000      0.98046      0.52116       667.10    
  4691.080275       1.0000      0.98045      0.52046       667.19    
  4691.160551       1.0000      0.98043      0.51912       667.35    
  4691.321102       1.0000      0.98039      0.51658       667.63    
  4691.642204       1.0000      0.98032      0.51196       668.05    
  4692.000000       1.0000      0.98025      0.50730       668.39    
  4692.000000       1.0000      0.98025      0.50730       668.39    
  4692.256882       1.0000      0.98021      0.50425       668.58    
  4692.513763       1.0000      0.98018      0.50145       668.73    
  4693.000000       1.0000      0.98012      0.49684       668.92    
  4693.000000       1.0000      0.98012      0.49684       668.92    
  4693.205505       1.0000      0.98010      0.49508       668.99    
  4693.411010       1.0000      0.98008      0.49349       669.04    
  4693.822021       1.0000      0.98005      0.49084       669.12    
  4694.000000       1.0000      0.98004      0.48979       669.14    
  4694.000000       1.0000      0.98004      0.48979       669.14    
  4694.328808       1.0000      0.98002      0.48832       669.18    
  4694.657617       1.0000      0.98001      0.48727       669.21    
  4695.000000       1.0000      0.98001      0.48659       669.23    
  4695.000000       1.0000      0.98001      0.48659       669.23    
  4695.263047       1.0000      0.98002      0.48631       669.25    
  4695.526093       1.0000      0.98002      0.48624       669.26    
  4696.000000       1.0000      0.98004      0.48684       668.06    
  4696.000000       1.0000      0.98004      0.48684       668.06    
  4696.026105       1.0000      0.98004      0.48689       667.96    
  4696.052211       1.0000      0.98004      0.48696       667.82    
  4696.104422       1.0000      0.98005      0.48713       667.41    
  4696.104422       1.0000      0.98005      0.48713       667.41    
  4696.125306       1.0000      0.98005      0.48721       667.23    
  4696.146190       1.0000      0.98005      0.48729       667.02    
  4696.187959       1.0000      0.98005      0.48747       666.53    
  4696.271496       1.0000      0.98006      0.48794       665.07    
  4696.438571       1.0000      0.98007      0.48914       660.05    
  4696.772720       1.0000      0.98009      0.49250       639.83    
  4696.818176       1.0000      0.98010      0.49300       636.83    
  4696.909088       1.0000      0.98011      0.49385       629.75    
  4697.000000       1.0000      0.98011      0.49493       621.68    
  4697.000000       1.0000      0.98011      0.49493       621.68    
  4697.004461       1.0000      0.98012      0.49499       621.28    
  4697.008921       1.0000      0.98012      0.49504       620.88    
  4697.013149       1.0000      0.98012      0.49509       620.50    
  4697.017907       1.0000      0.98012      0.49515       620.06    
  4697.023074       1.0000      0.98012      0.49522       619.59    
  4697.029092       1.0000      0.98012      0.49529       619.04    
  4697.036243       1.0000      0.98012      0.49538       618.37    
  4697.045507       1.0000      0.98012      0.49550       617.50    
  4697.060682       1.0000      0.98012      0.49570       616.05    
  4697.076057       1.0000      0.98012      0.49591       614.55    
  4697.092711       1.0000      0.98012      0.49613       612.90    
  4697.109222       1.0000      0.98013      0.49635       611.23    
  4697.127327       1.0000      0.98013      0.49660       609.37    
  4697.127327       1.0000      0.98013      0.49660       609.37    
  4697.130709       1.0000      0.98013      0.49665       609.02    
  4697.134091       1.0000      0.98013      0.49669       608.67    
  4697.140855       1.0000      0.98013      0.49679       607.96    
  4697.154383       1.0000      0.98013      0.49698       606.53    
  4697.175577       1.0000      0.98013      0.49727       604.25    
  4697.180235       1.0000      0.98013      0.49734       603.74    
  4697.189553       1.0000      0.98014      0.49747       602.73    
  4697.193280       1.0000      0.98014      0.49752       602.32    
  4697.200734       1.0000      0.98014      0.49763       601.50    
  4697.215642       1.0000      0.98014      0.49784       599.84    
  4697.245380       1.0000      0.98014      0.49824       596.48    
  4697.280250       1.0000      0.98015      0.49869       592.48    
  4697.326977       1.0000      0.98016      0.49928       587.01    
  4697.384277       1.0000      0.98017      0.49999       580.14    
  4697.460941       1.0000      0.98018      0.50087       570.83    
  4697.565750       1.0000      0.98020      0.50202       558.02    
  4697.723028       1.0000      0.98025      0.50362       539.24    
  4697.946924       1.0000      0.98031      0.50586       514.61    
  4698.000000       1.0000      0.98033      0.50638       508.91    
  4698.000000       1.0000      0.98033      0.50638       508.91    
  4698.010822       1.0000      0.98033      0.50649       507.76    
  4698.021645       1.0000      0.98034      0.50659       506.62    
  4698.043289       1.0000      0.98034      0.50678       504.38    
  4698.086579       1.0000      0.98036      0.50715       500.05    
  4698.173157       1.0000      0.98039      0.50787       491.98    
  4698.346314       1.0000      0.98044      0.50938       478.18    
  4698.572309       1.0000      0.98053      0.51178       463.53    
  4698.873218       1.0000      0.98064      0.51577       448.62    
  4699.000000       1.0000      0.98069      0.51760       443.05    
  4699.000000       1.0000      0.98069      0.51760       443.05    
  4699.138526       1.0000      0.98074      0.51971       437.73    
  4699.277051       1.0000      0.98080      0.52193       433.06    
  4699.554103       1.0000      0.98091      0.52678       425.78    
  4700.000000       1.0000      0.98110      0.53555       417.73    
  4700.000000       1.0000      0.98110      0.53555       417.73    
  4700.221641       1.0000      0.98120      0.54017       414.46    
  4700.443282       1.0000      0.98130      0.54504       411.80    
  4700.886565       1.0000      0.98152      0.55566       408.13    
  4701.000000       1.0000      0.98158      0.55845       407.29    
  4701.000000       1.0000      0.98158      0.55845       407.29    
  4701.354626       1.0000      0.98177      0.56719       405.35    
  4701.709252       1.0000      0.98195      0.57612       403.93    
  4701.848517       1.0000      0.98203      0.57968       403.45    
  4701.848517       1.0000      0.98203      0.57968       403.45    
  4701.924259       1.0000      0.98207      0.58163       403.20    
  4702.000000       1.0000      0.98211      0.58360       402.97    
  4702.000000       1.0000      0.98211      0.58360       402.97    
  4702.060593       1.0000      0.98214      0.58519       402.80    
  4702.121186       1.0000      0.98218      0.58680       402.64    
  4702.242372       1.0000      0.98224      0.59006       402.35    
  4702.319484       1.0000      0.98229      0.59216       402.18    
  4702.319484       1.0000      0.98229      0.59216       402.18    
  4702.416433       1.0000      0.98234      0.59458       401.98    
  4702.513382       1.0000      0.98238      0.59683       401.80    
  4702.637292       1.0000      0.98243      0.59946       401.60    
  4702.791747       1.0000      0.98248      0.60242       401.38    
  4703.000000       1.0000      0.98254      0.60592       401.14    
