#      time         order        q_cool       q_equip      q_heat       q_light      q_loss       q_occ        qintw        ql_a         qventil      qwcb         qwind     
  4679.000000       1.0000       0.0000       0.0000       0.0000       0.0000       0.0000       0.0000       357.99      -13.504      -348.12       115.35      -122.65    
  4679.400000       1.0000       0.0000       0.0000       0.0000       0.0000       0.0000       0.0000       357.33      -14.216      -344.06       116.54      -126.28    
  4679.800000       1.0000       0.0000       0.0000       0.0000       0.0000       0.0000       0.0000       357.30      -14.887      -340.07       116.83      -129.72    
  4680.000000       1.0000       0.0000       0.0000       0.0000       0.0000       0.0000       0.0000       357.45      -15.214      -338.08       116.78      -131.41    
  4680.000000       1.0000       0.0000       0.0000       0.0000       0.0000       0.0000       0.0000       357.45      -15.211      -338.08       116.78      -131.41    
  4680.002746       1.0000       0.0000       0.0000       0.0000       0.0000       0.0000       0.0000       357.45      -15.216      -338.05       116.78      -131.43    
  4680.005491       1.0000       0.0000       0.0000       0.0000       0.0000       0.0000       0.0000       357.45      -15.220      -338.03       116.78      -131.45    
  4680.007168       1.0000       0.0000       0.0000       0.0000       0.0000       0.0000       0.0000       357.45      -15.223      -338.01       116.78      -131.47    
  4680.007168       1.0000       0.0000       0.0000       0.0000       0.0000       0.0000       0.0000       357.45      -15.223      -338.01       116.78      -131.47    
  4680.009364       1.0000       0.0000       0.0000       0.0000       0.0000       0.0000       0.0000       357.45      -15.225      -337.99       116.77      -131.49    
  4680.011560       1.0000       0.0000       0.0000       0.0000       0.0000       0.0000       0.0000       357.45      -15.228      -337.97       116.77      -131.50    
  4680.015953       1.0000       0.0000       0.0000       0.0000       0.0000       0.0000       0.0000       357.46      -15.232      -337.92       116.77      -131.54    
  4680.024739       1.0000       0.0000       0.0000       0.0000       0.0000       0.0000       0.0000       357.46      -15.242      -337.84       116.77      -131.61    
  4680.042311       1.0000       0.0000       0.0000       0.0000       0.0000       0.0000       0.0000       357.47      -15.260      -337.66       116.76      -131.75    
  4680.077454       1.0000       0.0000       0.0000       0.0000       0.0000       0.0000       0.0000       357.50      -15.297      -337.31       116.73      -132.03    
  4680.147740       1.0000       0.0000       0.0000       0.0000       0.0000       0.0000       0.0000       357.54      -15.370      -336.62       116.63      -132.53    
  4680.288312       1.0000       0.0000       0.0000       0.0000       0.0000       0.0000       0.0000       357.64      -15.513      -335.25       116.32      -133.45    
  4680.569457       1.0000       0.0000       0.0000       0.0000       0.0000       0.0000       0.0000       358.03      -15.993      -332.52       115.30      -135.04    
  4680.676971       1.0000       0.0000       0.0000       0.0000       0.0000       0.0000       0.0000       358.27      -16.173      -331.46       114.90      -135.63    
  4680.676971       1.0000       0.0000       0.0000       0.0000       0.0000       0.0000       0.0000       358.27      -16.173      -331.46       114.90      -135.63    
  4680.726028       1.0000       0.0000       0.0000       0.0000       0.0000       0.0000       0.0000       358.34      -16.253      -330.99       114.69      -135.89    
  4680.775084       1.0000       0.0000       0.0000       0.0000       0.0000       0.0000       0.0000       358.43      -16.331      -330.52       114.46      -136.15    
  4680.873198       1.0000       0.0000       0.0000       0.0000       0.0000       0.0000       0.0000       358.67      -16.480      -329.57       114.00      -136.67    
  4681.000000       1.0000       0.0000       0.0000       0.0000       0.0000       0.0000       0.0000       359.00      -16.665      -328.34       113.35      -137.33    
  4681.000000       1.0000       0.0000       0.0000       0.0000       0.0000       0.0000       0.0000       359.00      -16.665      -328.34       113.35      -137.33    
  4681.078491       1.0000       0.0000       0.0000       0.0000       0.0000       0.0000       0.0000       359.17      -16.738      -327.60       112.89      -137.71    
  4681.156982       1.0000       0.0000       0.0000       0.0000       0.0000       0.0000       0.0000       359.34      -16.805      -326.85       112.40      -138.07    
  4681.313963       1.0000       0.0000       0.0000       0.0000       0.0000       0.0000       0.0000       359.72      -16.932      -325.37       111.34      -138.72    
  4681.627927       1.0000       0.0000       0.0000       0.0000       0.0000       0.0000       0.0000       360.66      -17.171      -322.40       108.97      -139.88    
  4682.000000       1.0000       0.0000       0.0000       0.0000       0.0000       0.0000       0.0000       361.90      -17.430      -318.92       105.76      -141.16    
  4682.000000       1.0000       0.0000       0.0000       0.0000       0.0000       0.0000       0.0000       361.90      -17.430      -318.92       105.76      -141.16    
  4682.251171       1.0000       0.0000       0.0000       0.0000       0.0000       0.0000       0.0000       362.85      -17.597      -316.57       103.48      -142.00    
  4682.502341       1.0000       0.0000       0.0000       0.0000       0.0000       0.0000       0.0000       363.89      -17.758      -314.23       101.10      -142.84    
  4683.000000       1.0000       0.0000       0.0000       0.0000       0.0000       0.0000       0.0000       366.22      -18.062      -309.57       96.066      -144.49    
  4683.000000       1.0000       0.0000       0.0000       0.0000       0.0000       0.0000       0.0000       366.22      -18.062      -309.57       96.066      -144.49    
  4683.200936       1.0000       0.0000       0.0000       0.0000       0.0000       0.0000       0.0000       367.10      -18.091      -307.71       93.931      -145.02    
  4683.401873       1.0000       0.0000       0.0000       0.0000       0.0000       0.0000       0.0000       367.96      -18.121      -305.85       91.719      -145.45    
  4683.803746       1.0000       0.0000       0.0000       0.0000       0.0000       0.0000       0.0000       357.69      -18.208      -302.51       79.458      -125.18    
  4684.000000       1.0000       0.0000       0.0000       0.0000       0.0000       0.0000       0.0000       352.70      -18.256      -300.94       73.427      -115.33    
  4684.000000       1.0000       0.0000       0.0000       0.0000       0.0000       0.0000       0.0000       352.70      -18.256      -300.94       73.427      -115.33    
  4684.006430       1.0000       0.0000       0.0000       0.0000       0.0000       0.0000       0.0000       352.53      -18.257      -300.89       73.223      -114.99    
  4684.012860       1.0000       0.0000       0.0000       0.0000       0.0000       0.0000       0.0000       352.35      -18.247      -300.84       73.017      -114.65    
  4684.023253       1.0000       0.0000       0.0000       0.0000       0.0000       0.0000       0.0000       352.06      -18.228      -300.76       72.681      -114.08    
  4684.035152       1.0000       0.0000       0.0000       0.0000       0.0000       0.0000       0.0000       351.73      -18.207      -300.67       72.295      -113.43    
  4684.052744       1.0000       0.0000       0.0000       0.0000       0.0000       0.0000       0.0000       351.22      -18.176      -300.53       71.718      -112.45    
  4684.076747       1.0000       0.0000       0.0000       0.0000       0.0000       0.0000       0.0000       350.53      -18.134      -300.35       70.922      -111.10    
  4684.097601       1.0000       0.0000       0.0000       0.0000       0.0000       0.0000       0.0000       349.91      -18.099      -300.19       70.221      -109.91    
  4684.120210       1.0000       0.0000       0.0000       0.0000       0.0000       0.0000       0.0000       349.22      -18.061      -300.02       69.454      -108.60    
  4684.139000       1.0000       0.0000       0.0000       0.0000       0.0000       0.0000       0.0000       348.65      -18.029      -299.87       68.809      -107.49    
  4684.157579       1.0000       0.0000       0.0000       0.0000       0.0000       0.0000       0.0000       348.07      -17.998      -299.73       68.167      -106.39    
  4684.174684       1.0000       0.0000       0.0000       0.0000       0.0000       0.0000       0.0000       347.53      -17.970      -299.61       67.571      -105.36    
  4684.191659       1.0000       0.0000       0.0000       0.0000       0.0000       0.0000       0.0000       346.99      -17.943      -299.48       66.975      -104.33    
  4684.208147       1.0000       0.0000       0.0000       0.0000       0.0000       0.0000       0.0000       346.46      -17.916      -299.36       66.393      -103.31    
  4684.224654       1.0000       0.0000       0.0000       0.0000       0.0000       0.0000       0.0000       345.92      -17.890      -299.24       65.806      -102.29    
  4684.241752       1.0000       0.0000       0.0000       0.0000       0.0000       0.0000       0.0000       345.36      -17.863      -299.12       65.194      -101.23    
  4684.260203       1.0000       0.0000       0.0000       0.0000       0.0000       0.0000       0.0000       344.75      -17.834      -298.98       64.529      -100.06    
  4684.280277       1.0000       0.0000       0.0000       0.0000       0.0000       0.0000       0.0000       344.08      -17.803      -298.84       63.801      -98.786    
  4684.302422       1.0000       0.0000       0.0000       0.0000       0.0000       0.0000       0.0000       343.33      -17.770      -298.68       62.993      -97.365    
  4684.327206       1.0000       0.0000       0.0000       0.0000       0.0000       0.0000       0.0000       342.49      -17.732      -298.51       62.081      -95.759    
  4684.355250       1.0000       0.0000       0.0000       0.0000       0.0000       0.0000       0.0000       341.52      -17.691      -298.31       61.042      -93.923    
  4684.387527       1.0000       0.0000       0.0000       0.0000       0.0000       0.0000       0.0000       340.39      -17.644      -298.09       59.837      -91.788    
  4684.425324       1.0000       0.0000       0.0000       0.0000       0.0000       0.0000       0.0000       339.06      -17.590      -297.83       58.414      -89.261    
  4684.470682       1.0000       0.0000       0.0000       0.0000       0.0000       0.0000       0.0000       337.44      -17.526      -297.53       56.691      -86.195    
  4684.526668       1.0000       0.0000       0.0000       0.0000       0.0000       0.0000       0.0000       335.41      -17.450      -297.15       54.545      -82.368    
  4684.598608       1.0000       0.0000       0.0000       0.0000       0.0000       0.0000       0.0000       332.79      -17.355      -296.68       51.762      -77.392    
  4684.598608       1.0000       0.0000       0.0000       0.0000       0.0000       0.0000       0.0000       332.79      -17.355      -296.68       51.762      -77.392    
  4684.606922       1.0000       0.0000       0.0000       0.0000       0.0000       0.0000       0.0000       332.48      -17.344      -296.63       51.439      -76.815    
  4684.615236       1.0000       0.0000       0.0000       0.0000       0.0000       0.0000       0.0000       332.18      -17.333      -296.58       51.116      -76.237    
  4684.631864       1.0000       0.0000       0.0000       0.0000       0.0000       0.0000       0.0000       331.57      -17.311      -296.47       50.469      -75.079    
  4684.665121       1.0000       0.0000       0.0000       0.0000       0.0000       0.0000       0.0000       330.34      -17.269      -296.26       49.172      -72.755    
  4684.731633       1.0000       0.0000       0.0000       0.0000       0.0000       0.0000       0.0000       327.87      -17.186      -295.84       46.563      -68.079    
  4684.864659       1.0000       0.0000      0.89934       0.0000       2.2002       0.0000       1.0519       321.20      -17.034      -295.16       40.224      -58.722    
  4685.000000       1.0000       0.0000       2.7818       0.0000       6.8054       0.0000       3.2537       312.24      -16.895      -294.73       32.402      -49.232    
  4685.000000       1.0000       0.0000       2.7818       0.0000       6.8054       0.0000       3.2537       312.24      -16.895      -294.73       32.402      -49.232    
  4685.106421       1.0000       0.0000       7.2223       0.0000       17.669       0.0000       8.4490       299.27      -16.564      -294.93       22.517      -41.763    
  4685.212841       1.0000       0.0000       12.020       0.0000       29.406       0.0000       14.065       284.41      -16.243      -295.48       11.473      -34.158    
  4685.425683       1.0000       0.0000       27.536       0.0000       67.361       0.0000       32.249       240.31      -15.720      -298.45      -19.629      -18.984    
  4685.756025       1.0000       0.0000       64.040       0.0000       156.63       0.0000       75.155       134.28      -15.179      -307.45      -90.974       12.167    
  4686.000000       1.0000       0.0000       100.14       0.0000       244.91       0.0000       117.76       39.377      -14.952      -317.38      -155.91       28.906    
  4686.000000       1.0000       0.0000       100.14       0.0000       244.91       0.0000       117.76       39.381      -14.952      -317.38      -155.91       28.906    
  4686.034055       1.0000       0.0000       105.35       0.0000       257.64       0.0000       123.92       26.330      -14.782      -318.86      -165.00       31.261    
  4686.068109       1.0000       0.0000       110.56       0.0000       270.38       0.0000       130.09       13.015      -14.580      -320.43      -174.25       33.643    
  4686.136219       1.0000       0.0000       120.98       0.0000       295.85       0.0000       142.45      -14.313      -14.289      -323.80      -193.28       38.513    
  4686.216293       1.0000       0.0000       132.78       0.0000       324.69       0.0000       156.46      -46.251      -14.172      -327.93      -215.60       44.406    
  4686.308038       1.0000       0.0000       144.27       0.0000       352.75       0.0000       170.14      -79.522      -14.029      -332.56      -239.18       51.455    
  4686.427983       1.0000       0.0000       158.50       0.0000       387.53       0.0000       187.12      -121.19      -13.828      -338.45      -268.86       60.872    
  4686.602839       1.0000       0.0000       175.45       0.0000       428.91       0.0000       207.42      -173.08      -13.487      -346.24      -306.86       74.958    
  4686.906805       1.0000       0.0000       193.62       0.0000       473.22       0.0000       229.36      -234.17      -12.729      -356.82      -355.83       100.05    
  4686.912496       1.0000       0.0000       193.85       0.0000       473.80       0.0000       229.65      -235.42      -12.716      -343.64      -356.82       100.51    
  4686.912496       1.0000       0.0000       193.85       0.0000       473.80       0.0000       229.65      -235.42      -12.931      -356.31      -356.82       100.51    
  4686.929004       1.0000       0.0000       194.54       0.0000       475.47       0.0000       230.49      -238.23      -12.938      -356.90      -359.17       101.90    
  4686.945513       1.0000       0.0000       195.23       0.0000       477.15       0.0000       231.32      -240.97      -12.934      -357.46      -361.48       103.28    
  4686.978529       1.0000       0.0000       196.61       0.0000       480.51       0.0000       232.99      -246.22      -12.919      -358.49      -365.96       106.03    
  4687.000000       1.0000       0.0000       197.51       0.0000       482.69       0.0000       234.07      -249.55      -12.906      -359.13      -368.83       107.81    
  4687.000000       1.0000       0.0000       197.51       0.0000       482.69       0.0000       234.07      -249.55      -12.906      -359.13      -368.83       107.81    
  4687.026413       1.0000       0.0000       197.87       0.0000       483.58       0.0000       234.53      -252.47      -12.880      -359.86      -371.61       110.06    
  4687.052827       1.0000       0.0000       198.24       0.0000       484.46       0.0000       234.99      -255.17      -12.847      -360.54      -374.27       112.31    
  4687.063392       1.0000       0.0000       198.39       0.0000       484.82       0.0000       235.17      -256.22      -12.832      -360.81      -375.32       113.20    
  4687.084523       1.0000       0.0000       198.68       0.0000       485.53       0.0000       235.53      -258.24      -12.801      -361.31      -377.36       114.99    
  4687.092975       1.0000       0.0000       198.80       0.0000       485.81       0.0000       235.68      -259.02      -12.787      -361.51      -378.16       115.71    
  4687.109880       1.0000       0.0000       199.03       0.0000       486.38       0.0000       235.96      -260.53      -12.758      -361.89      -379.73       117.14    
  4687.143689       1.0000       0.0000       199.50       0.0000       487.52       0.0000       236.54      -263.33      -12.693      -362.60      -382.75       120.00    
  4687.189019       1.0000       0.0000       200.13       0.0000       489.04       0.0000       237.30      -266.83      -12.592      -363.49      -386.64       123.81    
  4687.241589       1.0000       0.0000       200.29       0.0000       489.40       0.0000       237.49      -269.70      -12.458      -364.40      -390.41       128.26    
  4687.299583       1.0000       0.0000       200.29       0.0000       489.37       0.0000       237.49      -272.19      -12.291      -365.30      -394.16       133.15    
  4687.365131       1.0000       0.0000       200.29       0.0000       489.35       0.0000       237.48      -274.58      -12.082      -366.21      -398.16       138.65    
  4687.442218       1.0000       0.0000       200.29       0.0000       489.32       0.0000       237.46      -277.02      -11.818      -367.19      -402.63       145.04    
  4687.543623       1.0000       0.0000       200.29       0.0000       489.28       0.0000       237.41      -279.81      -11.449      -368.38      -408.26       153.35    
  4687.668103       1.0000       0.0000       200.29       0.0000       489.23       0.0000       237.33      -282.87      -10.970      -369.76      -414.91       163.37    
  4687.831894       1.0000       0.0000       200.29       0.0000       489.17       0.0000       237.20      -286.55      -10.303      -371.49      -423.35       176.26    
  4687.966248       1.0000       0.0000       200.29       0.0000       489.11       0.0000       237.07      -289.41      -9.7275      -372.88      -430.06       186.57    
  4688.000000       1.0000       0.0000       200.29       0.0000       489.10       0.0000       237.03      -290.11      -9.5804      -373.23      -431.73       189.13    
  4688.000000       1.0000       0.0000       200.29       0.0000       489.10       0.0000       237.03      -290.11      -9.5804      -373.23      -431.73       189.13    
  4688.021131       1.0000       0.0000       200.29       0.0000       489.09       0.0000       237.01      -290.54      -9.4937      -373.45      -432.76       190.71    
  4688.042261       1.0000       0.0000       200.29       0.0000       489.08       0.0000       236.99      -290.96      -9.4096      -373.66      -433.79       192.28    
  4688.084523       1.0000       0.0000       200.29       0.0000       489.07       0.0000       236.94      -291.80      -9.2398      -374.09      -435.83       195.41    
  4688.169046       1.0000       0.0000       200.29       0.0000       489.03       0.0000       236.85      -293.43      -8.8943      -374.94      -439.83       201.54    
  4688.169046       1.0000       0.0000       200.29       0.0000       489.03       0.0000       236.85      -293.43      -8.8943      -374.94      -439.83       201.54    
  4688.202855       1.0000       0.0000       200.29       0.0000       489.02       0.0000       236.81      -294.07      -8.7544      -375.28      -441.41       203.96    
  4688.236664       1.0000       0.0000       200.29       0.0000       489.01       0.0000       236.77      -294.70      -8.6132      -375.61      -442.97       206.36    
  4688.304282       1.0000       0.0000       200.29       0.0000       488.98       0.0000       236.70      -295.93      -8.3267      -376.28      -446.04       211.08    
  4688.381898       1.0000       0.0000       200.29       0.0000       488.95       0.0000       236.60      -297.32      -7.9921      -377.04      -449.49       216.40    
  4688.381898       1.0000       0.0000       200.29       0.0000       488.95       0.0000       236.60      -297.32      -7.9921      -377.05      -449.49       216.40    
  4688.435992       1.0000       0.0000       200.29       0.0000       488.81       0.0000       236.54      -304.68      -7.7571      -377.61      -455.89       231.30    
  4688.490087       1.0000       0.0000       200.29       0.0000       488.78       0.0000       236.47      -305.83      -7.5195      -378.17      -458.30       235.19    
  4688.598276       1.0000       0.0000       200.29       0.0000       488.74       0.0000       236.34      -308.04      -7.0369      -379.29      -463.01       242.95    
  4688.814654       1.0000       0.0000       200.29       0.0000       488.66       0.0000       236.07      -312.10      -6.0482      -381.45      -471.72       256.87    
  4689.000000       1.0000       0.0000       200.29       0.0000       488.59       0.0000       235.85      -315.38      -5.1858      -383.26      -478.63       268.05    
  4689.000000       1.0000       0.0000       200.29       0.0000       488.59       0.0000       235.85      -315.38      -5.1858      -383.26      -478.63       268.05    
  4689.173103       1.0000       0.0000       200.29       0.0000       488.53       0.0000       235.65      -318.24      -4.4570      -384.93      -484.58       277.93    
  4689.346205       1.0000       0.0000       200.29       0.0000       488.47       0.0000       235.45      -320.98      -3.7305      -386.59      -490.07       287.30    
  4689.676165       1.0000       0.0000       200.29       0.0000       488.37       0.0000       235.11      -326.38      -2.3499      -389.89      -499.26       304.66    
  4689.676165       1.0000       0.0000       200.29       0.0000       488.37       0.0000       235.11      -326.38      -2.3499      -389.89      -499.26       304.66    
  4689.814647       1.0000       0.0000       200.29       0.0000       488.33       0.0000       234.97      -328.56      -1.7303      -391.28      -502.81       311.43    
  4689.953129       1.0000       0.0000       200.29       0.0000       488.29       0.0000       234.84      -330.74      -1.1322      -392.69      -506.12       317.97    
  4690.000000       1.0000       0.0000       200.29       0.0000       488.28       0.0000       234.80      -331.47     -0.93002      -393.16      -507.21       320.14    
  4690.000000       1.0000       0.0000       200.29       0.0000       488.28       0.0000       234.80      -331.47     -0.93002      -393.16      -507.21       320.14    
  4690.110786       1.0000       0.0000       200.29       0.0000       488.25       0.0000       234.71      -333.07     -0.59729      -394.29      -509.53       324.91    
  4690.221571       1.0000       0.0000       200.29       0.0000       488.23       0.0000       234.62      -334.55     -0.27655      -395.40      -511.64       329.36    
  4690.265886       1.0000       0.0000       200.29       0.0000       488.22       0.0000       234.58      -335.12     -0.14851      -395.85      -512.44       331.07    
  4690.354514       1.0000       0.0000       200.29       0.0000       488.20       0.0000       234.51      -336.22      0.10694      -396.73      -513.92       334.36    
  4690.531771       1.0000       0.0000       200.29       0.0000       488.17       0.0000       234.39      -338.32      0.61425      -398.51      -516.43       340.34    
  4690.886285       1.0000       0.0000       200.29       0.0000       488.11       0.0000       234.18      -342.42       1.6136      -402.05      -519.99       350.86    
  4690.886285       1.0000       0.0000       200.29       0.0000       488.11       0.0000       234.18      -342.42       1.6137      -402.05      -519.99       350.86    
  4690.898828       1.0000       0.0000       200.29       0.0000       488.11       0.0000       234.17      -342.55       1.6490      -402.18      -520.11       351.21    
  4690.911371       1.0000       0.0000       200.29       0.0000       488.11       0.0000       234.16      -342.69       1.6843      -402.31      -520.23       351.56    
  4690.936458       1.0000       0.0000       200.29       0.0000       488.10       0.0000       234.15      -342.96       1.7549      -402.56      -520.45       352.26    
  4690.986630       1.0000       0.0000       200.29       0.0000       488.10       0.0000       234.12      -343.49       1.8959      -403.06      -520.88       353.63    
  4691.000000       1.0000       0.0000       200.29       0.0000       488.09       0.0000       234.11      -343.64       1.9334      -403.19      -520.99       353.98    
  4691.000000       1.0000       0.0000       200.29       0.0000       488.09       0.0000       234.11      -343.64       1.9334      -403.19      -520.99       353.98    
  4691.040138       1.0000       0.0000       200.29       0.0000       488.09       0.0000       234.09      -344.05       2.0275      -403.60      -521.29       355.03    
  4691.080275       1.0000       0.0000       200.29       0.0000       488.09       0.0000       234.07      -344.46       2.1175      -404.00      -521.57       356.04    
  4691.160551       1.0000       0.0000       200.29       0.0000       488.08       0.0000       234.03      -345.25       2.2962      -404.80      -522.05       357.96    
  4691.321102       1.0000       0.0000       200.29       0.0000       488.06       0.0000       233.95      -346.76       2.6496      -406.40      -522.72       361.44    
  4691.642204       1.0000       0.0000       200.29       0.0000       488.04       0.0000       233.82      -349.71       3.3431      -409.60      -523.02       367.34    
  4692.000000       1.0000       0.0000       200.29       0.0000       488.03       0.0000       233.70      -352.88       4.1027      -413.18      -522.19       372.66    
  4692.000000       1.0000       0.0000       200.29       0.0000       488.03       0.0000       233.70      -352.88       4.1027      -413.18      -522.19       372.66    
  4692.256882       1.0000       0.0000       200.29       0.0000       489.90       0.0000       233.62      -243.38       4.4700      -414.57      -451.49       186.87    
  4692.513763       1.0000       0.0000       200.29       0.0000       489.87       0.0000       233.55      -258.65       4.7923      -416.98      -457.45       214.46    
  4693.000000       1.0000       0.0000       200.29       0.0000       489.80       0.0000       233.44      -293.34       5.3480      -422.85      -469.77       269.82    
  4693.000000       1.0000       0.0000       200.29       0.0000       489.80       0.0000       233.44      -293.34       5.3480      -422.85      -469.77       269.82    
  4693.205505       1.0000       0.0000       200.29       0.0000       489.77       0.0000       233.40      -307.09       5.2991      -425.45      -474.19       291.26    
  4693.411010       1.0000       0.0000       200.29       0.0000       489.74       0.0000       233.36      -320.39       5.2345      -428.10      -478.18       311.65    
  4693.822021       1.0000       0.0000       200.29       0.0000       489.68       0.0000       233.31      -345.09       5.0935      -433.55      -484.87       349.12    
  4694.000000       1.0000       0.0000       200.29       0.0000       489.65       0.0000       233.29      -355.33       5.0306      -435.93      -487.51       364.62    
  4694.000000       1.0000       0.0000       200.29       0.0000       489.65       0.0000       233.29      -355.33       5.0306      -435.93      -487.51       364.62    
  4694.328808       1.0000       0.0000       200.29       0.0000       489.60       0.0000       233.26      -371.73       4.3725      -440.23      -490.97       389.16    
  4694.657617       1.0000       0.0000       200.29       0.0000       489.55       0.0000       233.25      -385.71       3.7061      -444.41      -493.19       409.94    
  4695.000000       1.0000       0.0000       200.29       0.0000       489.50       0.0000       233.24      -397.77       3.0146      -448.66      -494.34       427.78    
  4695.000000       1.0000       0.0000       200.29       0.0000       489.50       0.0000       233.24      -397.77       3.0142      -448.66      -494.34       427.78    
  4695.263047       1.0000       0.0000       200.29       0.0000       489.46       0.0000       233.25      -405.34       2.3379      -451.80      -494.45       438.83    
  4695.526093       1.0000       0.0000       200.29       0.0000       489.44       0.0000       233.26      -411.18       1.6594      -454.83      -493.78       447.25    
  4696.000000       1.0000       0.0000       197.51       0.0000       482.51       0.0000       230.06      -418.90      0.45896      -459.43      -491.73       469.73    
  4696.000000       1.0000       0.0000       197.51       0.0000       482.51       0.0000       230.06      -418.90      0.45732      -459.43      -491.73       469.73    
  4696.026105       1.0000       0.0000       196.42       0.0000       479.85       0.0000       228.79      -417.52      0.38290      -459.63      -490.46       470.23    
  4696.052211       1.0000       0.0000       195.33       0.0000       477.18       0.0000       227.52      -415.96      0.30629      -459.78      -489.08       470.70    
  4696.104422       1.0000       0.0000       193.15       0.0000       471.86       0.0000       224.99      -412.30      0.15841      -459.95      -486.00       471.49    
  4696.104422       1.0000       0.0000       193.15       0.0000       471.86       0.0000       224.99      -412.30      0.15857      -459.95      -486.00       471.49    
  4696.125306       1.0000       0.0000       192.28       0.0000       469.73       0.0000       223.97      -410.76      0.10022      -460.00      -484.71       471.77    
  4696.146190       1.0000       0.0000       191.41       0.0000       467.60       0.0000       222.96      -409.14      4.25470E-02  -460.03      -483.38       472.02    
  4696.187959       1.0000       0.0000       189.66       0.0000       463.34       0.0000       220.93      -405.68     -7.04065E-02  -460.03      -480.58       472.42    
  4696.271496       1.0000       0.0000       184.19       0.0000       449.96       0.0000       214.55      -394.69     -0.27984      -459.61      -472.38       472.98    
  4696.438571       1.0000       0.0000       171.50       0.0000       418.96       0.0000       199.75      -366.15     -0.64622      -457.55      -451.75       472.88    
  4696.772720       1.0000       0.0000       134.16       0.0000       327.70       0.0000       156.20      -284.67      -1.1848      -449.44      -404.92       496.56    
  4696.818176       1.0000       0.0000       127.96       0.0000       312.56       0.0000       148.97      -271.60      -1.2527      -448.21      -397.82       501.00    
  4696.909088       1.0000       0.0000       114.05       0.0000       278.57       0.0000       132.76      -241.38      -1.3650      -445.26      -381.22       509.60    
  4697.000000       1.0000       0.0000       100.14       0.0000       244.59       0.0000       116.55      -210.00      -1.4596      -441.96      -363.75       517.62    
  4697.000000       1.0000       0.0000       100.14       0.0000       244.59       0.0000       116.55      -210.00      -1.4596      -441.96      -363.75       517.62    
  4697.004461       1.0000       0.0000       99.461       0.0000       242.92       0.0000       115.75      -208.52      -1.4642      -441.79      -362.88       518.00    
  4697.008921       1.0000       0.0000       98.779       0.0000       241.25       0.0000       114.96      -207.04      -1.4714      -441.63      -362.01       518.38    
  4697.013149       1.0000       0.0000       98.132       0.0000       239.67       0.0000       114.20      -205.63      -1.4814      -441.47      -361.18       518.74    
  4697.017907       1.0000       0.0000       97.404       0.0000       237.89       0.0000       113.35      -204.04      -1.4925      -441.30      -360.25       519.13    
  4697.023074       1.0000       0.0000       96.614       0.0000       235.96       0.0000       112.43      -202.31      -1.5046      -441.10      -359.23       519.56    
  4697.029092       1.0000       0.0000       95.693       0.0000       233.71       0.0000       111.36      -200.28      -1.5185      -440.87      -358.03       520.06    
  4697.036243       1.0000       0.0000       94.599       0.0000       231.04       0.0000       110.09      -197.87      -1.5348      -440.60      -356.60       520.64    
  4697.045507       1.0000       0.0000       93.181       0.0000       227.58       0.0000       108.43      -194.72      -1.5559      -440.24      -354.74       521.40    
  4697.060682       1.0000       0.0000       90.859       0.0000       221.90       0.0000       105.73      -189.52      -1.5898      -439.65      -351.66       522.61    
  4697.076057       1.0000       0.0000       88.507       0.0000       216.16       0.0000       102.99      -184.22      -1.6237      -439.04      -348.51       523.82    
  4697.092711       1.0000       0.0000       85.959       0.0000       209.93       0.0000       100.02      -178.44      -1.6599      -438.36      -345.07       525.10    
  4697.109222       1.0000       0.0000       83.433       0.0000       203.76       0.0000       97.076      -172.66      -1.6953      -437.69      -341.62       526.34    
  4697.127327       1.0000       0.0000       80.663       0.0000       197.00       0.0000       93.849      -166.29      -1.7243      -436.94      -337.80       527.67    
  4697.127327       1.0000       0.0000       80.663       0.0000       197.00       0.0000       93.849      -166.29      -1.7241      -436.94      -337.80       527.67    
  4697.130709       1.0000       0.0000       80.146       0.0000       195.73       0.0000       93.246      -165.10      -1.7347      -436.80      -337.08       527.91    
  4697.134091       1.0000       0.0000       79.628       0.0000       194.47       0.0000       92.644      -163.90      -1.7411      -436.66      -336.37       528.16    
  4697.140855       1.0000       0.0000       78.593       0.0000       191.94       0.0000       91.438      -161.51      -1.7532      -436.38      -334.93       528.64    
  4697.154383       1.0000       0.0000       76.524       0.0000       186.89       0.0000       89.027      -156.70      -1.7772      -435.81      -332.04       529.60    
  4697.175577       1.0000       0.0000       73.281       0.0000       178.96       0.0000       85.251      -149.13      -1.8143      -434.91      -327.47       531.05    
  4697.180235       1.0000       0.0000       72.568       0.0000       177.22       0.0000       84.421      -147.46      -1.8224      -434.71      -326.46       531.36    
  4697.189553       1.0000       0.0000       71.143       0.0000       173.74       0.0000       82.760      -144.12      -1.8386      -434.31      -324.44       531.98    
  4697.193280       1.0000       0.0000       70.572       0.0000       172.35       0.0000       82.096      -142.78      -1.8450      -434.15      -323.63       532.22    
  4697.200734       1.0000       0.0000       69.452       0.0000       169.61       0.0000       80.792      -140.12      -1.8579      -433.83      -322.02       532.71    
  4697.215642       1.0000       0.0000       67.586       0.0000       165.06       0.0000       78.618      -135.30      -1.8840      -433.20      -319.12       533.63    
  4697.245380       1.0000       0.0000       63.864       0.0000       155.96       0.0000       74.283      -125.83      -1.9369      -431.97      -313.39       535.38    
  4697.280250       1.0000       0.0000       59.499       0.0000       145.30       0.0000       69.200      -114.84      -1.9997      -430.55      -306.70       537.31    
  4697.326977       1.0000       0.0000       53.649       0.0000       131.01       0.0000       62.390      -100.27      -2.0850      -428.69      -297.75       539.68    
  4697.384277       1.0000       0.0000       46.477       0.0000       113.50       0.0000       54.042      -82.516      -2.1902      -426.43      -286.73       542.27    
  4697.460941       1.0000       0.0000       38.575       0.0000       94.200       0.0000       44.847      -61.789      -2.3384      -423.61      -273.71       545.06    
  4697.565750       1.0000       0.0000       28.371       0.0000       69.280       0.0000       32.976      -36.376      -2.5509      -420.01      -255.72       547.82    
  4697.723028       1.0000       0.0000       16.480       0.0000       40.244       0.0000       19.151      -6.8728      -2.9014      -415.34      -231.56       549.51    
  4697.946924       1.0000       0.0000       4.9965       0.0000       12.201       0.0000       5.8049       21.730      -3.4657      -410.07      -202.85       546.86    
  4698.000000       1.0000       0.0000       2.7818       0.0000       6.7933       0.0000       3.2318       27.457      -3.6027      -408.91      -196.25       545.47    
  4698.000000       1.0000       0.0000       2.7818       0.0000       6.7933       0.0000       3.2318       27.457      -3.6029      -408.91      -196.25       545.47    
  4698.010822       1.0000       0.0000       2.6312       0.0000       6.4257       0.0000       3.0569       28.215      -3.6275      -408.68      -195.15       545.13    
  4698.021645       1.0000       0.0000       2.4807       0.0000       6.0581       0.0000       2.8820       28.928      -3.6463      -408.47      -194.08       544.78    
  4698.043289       1.0000       0.0000       2.1797       0.0000       5.3229       0.0000       2.5322       30.206      -3.6852      -408.07      -192.00       544.05    
  4698.086579       1.0000       0.0000       1.5776       0.0000       3.8526       0.0000       1.8327       32.359      -3.7667      -407.36      -188.03       542.41    
  4698.173157       1.0000       0.0000      0.37335       0.0000      0.91181       0.0000      0.43372       35.789      -3.9406      -406.17      -180.39       538.50    
  4698.346314       1.0000       0.0000       0.0000       0.0000       0.0000       0.0000       0.0000       37.994      -4.3255      -404.47      -167.43       527.89    
  4698.572309       1.0000       0.0000       0.0000       0.0000       0.0000       0.0000       0.0000       32.758      -4.8687      -402.88      -156.39       523.95    
  4698.873218       1.0000       0.0000       0.0000       0.0000       0.0000       0.0000       0.0000       34.887      -5.6228      -400.88      -139.47       504.06    
  4699.000000       1.0000       0.0000       0.0000       0.0000       0.0000       0.0000       0.0000       38.841      -5.9411      -400.01      -130.59       490.40    
  4699.000000       1.0000       0.0000       0.0000       0.0000       0.0000       0.0000       0.0000       38.841      -5.9409      -400.01      -130.59       490.40    
  4699.138526       1.0000       0.0000       0.0000       0.0000       0.0000       0.0000       0.0000       45.825      -6.2347      -398.99      -119.83       471.50    
  4699.277051       1.0000       0.0000       0.0000       0.0000       0.0000       0.0000       0.0000       55.860      -6.5250      -397.90      -108.01       448.25    
  4699.554103       1.0000       0.0000       0.0000       0.0000       0.0000       0.0000       0.0000       97.468      -7.0950      -395.05      -78.429       372.26    
  4700.000000       1.0000       0.0000       0.0000       0.0000       0.0000       0.0000       0.0000       238.47      -7.9273      -387.22      -5.2853       143.43    
  4700.000000       1.0000       0.0000       0.0000       0.0000       0.0000       0.0000       0.0000       238.47      -7.9273      -387.22      -5.2853       143.43    
  4700.221641       1.0000       0.0000       0.0000       0.0000       0.0000       0.0000       0.0000       234.58      -8.3508      -383.77     -0.38576       141.50    
  4700.443282       1.0000       0.0000       0.0000       0.0000       0.0000       0.0000       0.0000       321.27      -8.7520      -379.56       46.006       1.0221    
  4700.886565       1.0000       0.0000       0.0000       0.0000       0.0000       0.0000       0.0000       362.82      -9.5876      -372.07       82.723      -81.720    
  4701.000000       1.0000       0.0000       0.0000       0.0000       0.0000       0.0000       0.0000       365.45      -9.7999      -370.27       87.266      -89.354    
  4701.000000       1.0000       0.0000       0.0000       0.0000       0.0000       0.0000       0.0000       365.45      -9.7999      -370.27       87.266      -89.354    
  4701.354626       1.0000       0.0000       0.0000       0.0000       0.0000       0.0000       0.0000       366.57      -10.363      -365.50       96.318      -101.23    
  4701.709252       1.0000       0.0000       0.0000       0.0000       0.0000       0.0000       0.0000       364.86      -10.924      -361.26       102.50      -107.81    
  4701.848517       1.0000       0.0000       0.0000       0.0000       0.0000       0.0000       0.0000       363.96      -11.141      -359.66       104.60      -109.95    
  4701.848517       1.0000       0.0000       0.0000       0.0000       0.0000       0.0000       0.0000       363.96      -11.141      -359.66       104.60      -109.95    
  4701.924259       1.0000       0.0000       0.0000       0.0000       0.0000       0.0000       0.0000       363.43      -11.259      -358.80       105.66      -111.01    
  4702.000000       1.0000       0.0000       0.0000       0.0000       0.0000       0.0000       0.0000       362.88      -11.376      -357.95       106.65      -111.99    
  4702.000000       1.0000       0.0000       0.0000       0.0000       0.0000       0.0000       0.0000       362.88      -11.376      -357.95       106.65      -111.99    
  4702.060593       1.0000       0.0000       0.0000       0.0000       0.0000       0.0000       0.0000       362.42      -11.470      -357.28       107.39      -112.74    
  4702.121186       1.0000       0.0000       0.0000       0.0000       0.0000       0.0000       0.0000       361.97      -11.563      -356.62       108.10      -113.46    
  4702.242372       1.0000       0.0000       0.0000       0.0000       0.0000       0.0000       0.0000       361.09      -11.750      -355.31       109.39      -114.81    
  4702.319484       1.0000       0.0000       0.0000       0.0000       0.0000       0.0000       0.0000       360.55      -11.868      -354.49       110.16      -115.65    
  4702.319484       1.0000       0.0000       0.0000       0.0000       0.0000       0.0000       0.0000       360.55      -11.896      -356.12       110.16      -115.65    
  4702.416433       1.0000       0.0000       0.0000       0.0000       0.0000       0.0000       0.0000       360.10      -12.144      -354.09       111.17      -116.67    
  4702.513382       1.0000       0.0000       0.0000       0.0000       0.0000       0.0000       0.0000       359.62      -12.384      -353.04       112.07      -117.68    
  4702.637292       1.0000       0.0000       0.0000       0.0000       0.0000       0.0000       0.0000       359.05      -12.681      -351.72       113.08      -118.95    
  4702.791747       1.0000       0.0000       0.0000       0.0000       0.0000       0.0000       0.0000       358.43      -13.037      -350.10       114.17      -120.51    
  4703.000000       1.0000       0.0000       0.0000       0.0000       0.0000       0.0000       0.0000       357.79      -13.495      -347.94       115.34      -122.61    
