#      time         order        q_cool       q_equip      q_heat       q_light      q_loss       q_occ        qintw        ql_a         qventil      qwcb         qwind     
  4679.000000       1.0000       0.0000       0.0000      3.82262E-20   0.0000       0.0000       0.0000       210.44      -11.306      -274.98       70.036       0.0000    
  4679.400000       1.0000       0.0000       0.0000      3.28077E-18   0.0000       0.0000       0.0000       212.47      -12.067      -272.78       66.556       0.0000    
  4679.800000       1.0000       0.0000       0.0000     -9.72382E-17   0.0000       0.0000       0.0000       214.93      -12.787      -270.56       62.572       0.0000    
  4680.000000       1.0000       0.0000       0.0000      3.92731E-17   0.0000       0.0000       0.0000       216.25      -13.139      -269.45       60.487       0.0000    
  4680.000000       1.0000       0.0000       0.0000      4.20264E-20   0.0000       0.0000       0.0000       216.25      -13.136      -269.45       60.487       0.0000    
  4680.002746       1.0000       0.0000       0.0000     -1.16209E-15   0.0000       0.0000       0.0000       216.27      -13.141      -269.43       60.459       0.0000    
  4680.005491       1.0000       0.0000       0.0000     -2.06563E-18   0.0000       0.0000       0.0000       216.28      -13.145      -269.42       60.430       0.0000    
  4680.007168       1.0000       0.0000       0.0000      3.75172E-19   0.0000       0.0000       0.0000       216.30      -13.148      -269.41       60.413       0.0000    
  4680.007168       1.0000       0.0000       0.0000     -6.43428E-23   0.0000       0.0000       0.0000       216.30      -13.148      -269.41       60.413       0.0000    
  4680.009364       1.0000       0.0000       0.0000      3.15435E-15   0.0000       0.0000       0.0000       216.31      -13.151      -269.40       60.390       0.0000    
  4680.011560       1.0000       0.0000       0.0000     -5.07294E-20   0.0000       0.0000       0.0000       216.32      -13.153      -269.39       60.367       0.0000    
  4680.015953       1.0000       0.0000       0.0000      3.09049E-18   0.0000       0.0000       0.0000       216.35      -13.159      -269.36       60.322       0.0000    
  4680.024739       1.0000       0.0000       0.0000      1.74793E-17   0.0000       0.0000       0.0000       216.41      -13.169      -269.31       60.230       0.0000    
  4680.042311       1.0000       0.0000       0.0000      2.42076E-17   0.0000       0.0000       0.0000       216.53      -13.190      -269.21       60.046       0.0000    
  4680.077454       1.0000       0.0000       0.0000     -1.94047E-17   0.0000       0.0000       0.0000       216.76      -13.231      -269.02       59.674       0.0000    
  4680.147740       1.0000       0.0000       0.0000     -1.06498E-17   0.0000       0.0000       0.0000       217.23      -13.312      -268.63       58.911       0.0000    
  4680.288312       1.0000       0.0000       0.0000      2.35135E-16   0.0000       0.0000       0.0000       218.21      -13.472      -267.86       57.338       0.0000    
  4680.569457       1.0000       0.0000       0.0000      1.31611E-19   0.0000       0.0000       0.0000       220.31      -13.978      -266.30       54.143       0.0000    
  4680.676971       1.0000       0.0000       0.0000     -5.04784E-16   0.0000       0.0000       0.0000       221.18      -14.167      -265.70       52.926       0.0000    
  4680.676971       1.0000       0.0000       0.0000     -5.07484E-22   0.0000       0.0000       0.0000       221.18      -14.167      -265.70       52.926       0.0000    
  4680.726028       1.0000       0.0000       0.0000     -3.45028E-19   0.0000       0.0000       0.0000       221.54      -14.252      -265.43       52.353       0.0000    
  4680.775084       1.0000       0.0000       0.0000     -1.87460E-16   0.0000       0.0000       0.0000       221.92      -14.335      -265.16       51.776       0.0000    
  4680.873198       1.0000       0.0000       0.0000     -6.36355E-17   0.0000       0.0000       0.0000       222.71      -14.493      -264.61       50.611       0.0000    
  4681.000000       1.0000       0.0000       0.0000      5.48914E-17   0.0000       0.0000       0.0000       223.75      -14.690      -263.90       49.069       0.0000    
  4681.000000       1.0000       0.0000       0.0000     -3.62242E-17   0.0000       0.0000       0.0000       223.76      -14.690      -263.90       49.068       0.0000    
  4681.078491       1.0000       0.0000       0.0000      8.52294E-18   0.0000       0.0000       0.0000       224.37      -14.772      -263.47       48.086       0.0000    
  4681.156982       1.0000       0.0000       0.0000     -9.19960E-17   0.0000       0.0000       0.0000       225.00      -14.847      -263.04       47.092       0.0000    
  4681.313963       1.0000       0.0000       0.0000     -2.50172E-18   0.0000       0.0000       0.0000       226.28      -14.992      -262.17       45.064       0.0000    
  4681.627927       1.0000       0.0000       0.0000     -2.38559E-16   0.0000       0.0000       0.0000       228.96      -15.266      -260.41       40.882       0.0000    
  4682.000000       1.0000       0.0000       0.0000      1.08762E-17   0.0000       0.0000       0.0000       232.05      -15.565      -258.29       35.792       0.0000    
  4682.000000       1.0000       0.0000       0.0000      9.47222E-20   0.0000       0.0000       0.0000       232.05      -15.565      -258.29       35.792       0.0000    
  4682.251171       1.0000       0.0000       0.0000     -4.65980E-17   0.0000       0.0000       0.0000       234.22      -15.758      -256.84       32.310       0.0000    
  4682.502341       1.0000       0.0000       0.0000      2.56850E-19   0.0000       0.0000       0.0000       236.43      -15.946      -255.38       28.780       0.0000    
  4683.000000       1.0000       0.0000       0.0000      1.00838E-17   0.0000       0.0000       0.0000       240.90      -16.303      -252.45       21.655       0.0000    
  4683.000000       1.0000       0.0000       0.0000      6.53447E-21   0.0000       0.0000       0.0000       240.90      -16.303      -252.45       21.655       0.0000    
  4683.200936       1.0000       0.0000       0.0000      3.89759E-18   0.0000       0.0000       0.0000       242.68      -16.354      -251.27       18.749       0.0000    
  4683.401873       1.0000       0.0000       0.0000      8.75982E-20   0.0000       0.0000       0.0000       244.45      -16.406      -250.08       15.828       0.0000    
  4683.803746       1.0000       0.0000       0.0000     -1.87979E-20   0.0000       0.0000       0.0000       247.97      -16.524      -247.69       9.9744       0.0000    
  4684.000000       1.0000       0.0000       0.0000     -4.73585E-27   0.0000       0.0000       0.0000       249.68      -16.584      -246.51       7.1198       0.0000    
  4684.000000       1.0000       0.0000       0.0000      6.33305E-22   0.0000       0.0000       0.0000       249.68      -16.584      -246.51       7.1198       0.0000    
  4684.006430       1.0000       0.0000       0.0000     -2.21659E-21   0.0000       0.0000       0.0000       249.74      -16.586      -246.47       7.0263       0.0000    
  4684.012860       1.0000       0.0000       0.0000     -1.23698E-22   0.0000       0.0000       0.0000       249.79      -16.576      -246.44       6.9327       0.0000    
  4684.023253       1.0000       0.0000       0.0000      8.43227E-20   0.0000       0.0000       0.0000       249.88      -16.559      -246.37       6.7809       0.0000    
  4684.035152       1.0000       0.0000       0.0000      8.29246E-27   0.0000       0.0000       0.0000       249.98      -16.539      -246.30       6.6067       0.0000    
  4684.052744       1.0000       0.0000       0.0000     -1.41472E-20   0.0000       0.0000       0.0000       250.13      -16.510      -246.20       6.3483       0.0000    
  4684.076747       1.0000       0.0000       0.0000     -1.33047E-18   0.0000       0.0000       0.0000       250.32      -16.470      -246.06       5.9946       0.0000    
  4684.097601       1.0000       0.0000       0.0000     -8.52796E-19   0.0000       0.0000       0.0000       250.49      -16.436      -245.94       5.6866       0.0000    
  4684.120210       1.0000       0.0000       0.0000     -1.06810E-20   0.0000       0.0000       0.0000       250.67      -16.400      -245.81       5.3522       0.0000    
  4684.139000       1.0000       0.0000       0.0000      5.27086E-19   0.0000       0.0000       0.0000       250.82      -16.370      -245.70       5.0738       0.0000    
  4684.157579       1.0000       0.0000       0.0000      5.72427E-19   0.0000       0.0000       0.0000       250.96      -16.341      -245.59       4.7984       0.0000    
  4684.174684       1.0000       0.0000       0.0000      4.52043E-19   0.0000       0.0000       0.0000       251.10      -16.314      -245.49       4.5447       0.0000    
  4684.191659       1.0000       0.0000       0.0000      6.56828E-19   0.0000       0.0000       0.0000       251.23      -16.288      -245.39       4.2928       0.0000    
  4684.208147       1.0000       0.0000       0.0000     -1.17032E-19   0.0000       0.0000       0.0000       251.35      -16.263      -245.29       4.0481       0.0000    
  4684.224654       1.0000       0.0000       0.0000      7.29466E-19   0.0000       0.0000       0.0000       251.48      -16.238      -245.20       3.8030       0.0000    
  4684.241752       1.0000       0.0000       0.0000     -1.77150E-19   0.0000       0.0000       0.0000       251.61      -16.212      -245.10       3.5492       0.0000    
  4684.260203       1.0000       0.0000       0.0000     -1.82729E-19   0.0000       0.0000       0.0000       251.75      -16.185      -244.99       3.2753       0.0000    
  4684.280277       1.0000       0.0000       0.0000      4.59709E-19   0.0000       0.0000       0.0000       251.90      -16.155      -244.87       2.9774       0.0000    
  4684.302422       1.0000       0.0000       0.0000      1.14592E-19   0.0000       0.0000       0.0000       252.07      -16.123      -244.74       2.6490       0.0000    
  4684.327206       1.0000       0.0000       0.0000     -1.89292E-18   0.0000       0.0000       0.0000       252.26      -16.087      -244.60       2.2817       0.0000    
  4684.355250       1.0000       0.0000       0.0000      1.31811E-19   0.0000       0.0000       0.0000       252.47      -16.047      -244.43       1.8664       0.0000    
  4684.387527       1.0000       0.0000       0.0000     -4.02298E-18   0.0000       0.0000       0.0000       252.71      -16.002      -244.25       1.3891       0.0000    
  4684.425324       1.0000       0.0000       0.0000     -7.81956E-19   0.0000       0.0000       0.0000       252.99      -15.950      -244.03      0.83124       0.0000    
  4684.470682       1.0000       0.0000       0.0000      3.10741E-18   0.0000       0.0000       0.0000       253.33      -15.889      -243.76      0.16347       0.0000    
  4684.526668       1.0000       0.0000       0.0000     -5.22539E-19   0.0000       0.0000       0.0000       253.74      -15.815      -243.43     -0.65798       0.0000    
  4684.598608       1.0000       0.0000       0.0000     -2.07511E-17   0.0000       0.0000       0.0000       254.27      -15.723      -243.01      -1.7079       0.0000    
  4684.598608       1.0000       0.0000       0.0000      1.95781E-21   0.0000       0.0000       0.0000       254.27      -15.723      -243.01      -1.7079       0.0000    
  4684.606922       1.0000       0.0000       0.0000     -9.44177E-21   0.0000       0.0000       0.0000       254.33      -15.712      -242.97      -1.8291       0.0000    
  4684.615236       1.0000       0.0000       0.0000      1.60043E-18   0.0000       0.0000       0.0000       254.39      -15.702      -242.92      -1.9503       0.0000    
  4684.631864       1.0000       0.0000       0.0000     -2.05768E-19   0.0000       0.0000       0.0000       254.52      -15.681      -242.82      -2.1924       0.0000    
  4684.665121       1.0000       0.0000       0.0000     -2.51366E-19   0.0000       0.0000       0.0000       254.76      -15.639      -242.62      -2.6752       0.0000    
  4684.731633       1.0000       0.0000       0.0000     -3.14710E-17   0.0000       0.0000       0.0000       255.24      -15.559      -242.23      -3.6354       0.0000    
  4684.864659       1.0000       0.0000      0.89934     -3.85740E-20   2.2002       0.0000       1.0519       254.05      -15.410      -241.59      -6.2950       0.0000    
  4685.000000       1.0000       0.0000       2.7818      1.63846E-19   6.8056       0.0000       3.2541       250.17      -15.273      -241.16      -9.9348       0.0000    
  4685.000000       1.0000       0.0000       2.7818     -4.84663E-19   6.8056       0.0000       3.2537       250.17      -15.273      -241.16      -9.9349       0.0000    
  4685.106421       1.0000       0.0000       7.2223      3.44067E-21   17.669       0.0000       8.4490       239.90      -14.946      -241.33      -15.375       0.0000    
  4685.212841       1.0000       0.0000       12.020      3.35823E-20   29.407       0.0000       14.065       227.47      -14.627      -241.82      -21.626       0.0000    
  4685.425683       1.0000       0.0000       27.536      9.38655E-20   67.368       0.0000       32.249       185.73      -14.104      -244.57      -40.661       0.0000    
  4685.756025       1.0000       0.0000       64.040      1.87429E-19   156.67       0.0000       75.155       86.521      -13.573      -253.71      -85.966       0.0000    
  4686.000000       1.0000       0.0000       100.14      1.42885E-20   245.00       0.0000       117.76      -9.8232      -13.359      -264.05      -131.00       0.0000    
  4686.000000       1.0000       0.0000       100.14     -9.69996E-23   245.00       0.0000       117.76      -9.8232      -13.359      -264.05      -131.00       0.0000    
  4686.034055       1.0000       0.0000       105.35      1.31805E-21   257.75       0.0000       123.92      -23.755      -13.192      -265.58      -137.52       0.0000    
  4686.068109       1.0000       0.0000       110.56      4.29584E-19   270.49       0.0000       130.09      -37.882      -12.994      -267.16      -144.15       0.0000    
  4686.136219       1.0000       0.0000       120.98      3.58412E-21   295.99       0.0000       142.45      -66.608      -12.704      -270.51      -157.75       0.0000    
  4686.216293       1.0000       0.0000       132.78      7.93337E-18   324.85       0.0000       156.46      -99.750      -12.580      -274.57      -173.71       0.0000    
  4686.308038       1.0000       0.0000       144.27     -1.25785E-21   352.95       0.0000       170.14      -133.32      -12.428      -279.09      -190.57       0.0000    
  4686.427983       1.0000       0.0000       158.50      6.81072E-18   387.78       0.0000       187.12      -174.25      -12.213      -284.81      -211.81       0.0000    
  4686.602839       1.0000       0.0000       175.45     -7.45742E-19   429.23       0.0000       207.42      -223.04      -11.856      -292.39      -239.12       0.0000    
  4686.906805       1.0000       0.0000       193.62      8.83215E-24   473.68       0.0000       229.36      -274.10      -11.066      -302.43      -274.21       0.0000    
  4686.912496       1.0000       0.0000       193.85     -7.56114E-21   474.26       0.0000       229.65      -275.14      -11.053      -289.25      -274.94       0.0000    
  4686.912496       1.0000       0.0000       193.85     -1.79710E-29   474.26       0.0000       229.65      -275.14      -11.260      -301.93      -274.94       0.0000    
  4686.929004       1.0000       0.0000       194.54     -1.79710E-29   475.95       0.0000       230.49      -277.33      -11.263      -302.48      -276.64       0.0000    
  4686.945513       1.0000       0.0000       195.23     -1.01330E-20   477.63       0.0000       231.32      -279.45      -11.256      -303.00      -278.30       0.0000    
  4686.978529       1.0000       0.0000       196.61     -1.10829E-21   481.00       0.0000       232.99      -283.44      -11.234      -303.97      -281.52       0.0000    
  4687.000000       1.0000       0.0000       197.51     -4.43348E-18   483.19       0.0000       234.07      -285.95      -11.218      -304.57      -283.57       0.0000    
  4687.000000       1.0000       0.0000       197.51      2.38552E-21   483.19       0.0000       234.07      -285.95      -11.218      -304.57      -283.57       0.0000    
  4687.026413       1.0000       0.0000       197.87     -1.41434E-21   484.09       0.0000       234.53      -287.60      -11.186      -305.24      -285.57       0.0000    
  4687.052827       1.0000       0.0000       198.24      4.91876E-21   484.99       0.0000       234.99      -289.02      -11.148      -305.86      -287.46       0.0000    
  4687.063392       1.0000       0.0000       198.39      7.45200E-21   485.35       0.0000       235.17      -289.56      -11.132      -306.10      -288.21       0.0000    
  4687.084523       1.0000       0.0000       198.68      1.25185E-20   486.07       0.0000       235.53      -290.54      -11.096      -306.55      -289.65       0.0000    
  4687.092975       1.0000       0.0000       198.80      9.56088E-20   486.36       0.0000       235.68      -290.91      -11.081      -306.73      -290.21       0.0000    
  4687.109880       1.0000       0.0000       199.03      5.86044E-19   486.93       0.0000       235.96      -291.58      -11.048      -307.07      -291.32       0.0000    
  4687.143689       1.0000       0.0000       199.50     -6.77364E-29   488.08       0.0000       236.54      -292.71      -10.976      -307.68      -293.42       0.0000    
  4687.189019       1.0000       0.0000       200.13     -3.80425E-19   489.63       0.0000       237.30      -293.95      -10.867      -308.44      -296.09       0.0000    
  4687.241589       1.0000       0.0000       200.29      2.24720E-22   490.00       0.0000       237.49      -293.98      -10.723      -309.20      -298.64       0.0000    
  4687.299583       1.0000       0.0000       200.29      5.82275E-19   490.00       0.0000       237.49      -293.26      -10.546      -309.91      -301.10       0.0000    
  4687.365131       1.0000       0.0000       200.29     -5.57181E-21   490.00       0.0000       237.48      -292.04      -10.326      -310.60      -303.67       0.0000    
  4687.442218       1.0000       0.0000       200.29      1.13749E-19   490.00       0.0000       237.46      -290.24      -10.048      -311.31      -306.45       0.0000    
  4687.543623       1.0000       0.0000       200.29      3.00537E-20   490.00       0.0000       237.41      -287.55      -9.6612      -312.12      -309.85       0.0000    
  4687.668103       1.0000       0.0000       200.29      1.95391E-18   490.00       0.0000       237.34      -284.04      -9.1618      -313.02      -313.72       0.0000    
  4687.831894       1.0000       0.0000       200.29      7.16247E-21   490.00       0.0000       237.20      -279.40      -8.4670      -314.12      -318.42       0.0000    
  4687.966248       1.0000       0.0000       200.29     -8.60141E-19   490.00       0.0000       237.07      -275.68      -7.8702      -314.98      -322.03       0.0000    
  4688.000000       1.0000       0.0000       200.29      5.68692E-20   490.00       0.0000       237.03      -274.75      -7.7178      -315.19      -322.92       0.0000    
  4688.000000       1.0000       0.0000       200.29     -1.02721E-22   490.00       0.0000       237.03      -274.75      -7.7178      -315.19      -322.92       0.0000    
  4688.021131       1.0000       0.0000       200.29     -1.13313E-25   490.00       0.0000       237.01      -274.18      -7.6279      -315.33      -323.47       0.0000    
  4688.042261       1.0000       0.0000       200.29      4.58731E-22   490.00       0.0000       236.99      -273.60      -7.5407      -315.46      -324.02       0.0000    
  4688.084523       1.0000       0.0000       200.29      1.37642E-21   490.00       0.0000       236.94      -272.47      -7.3646      -315.72      -325.09       0.0000    
  4688.169046       1.0000       0.0000       200.29      3.21180E-21   490.00       0.0000       236.85      -270.26      -7.0068      -316.24      -327.15       0.0000    
  4688.169046       1.0000       0.0000       200.29     -1.06272E-28   490.00       0.0000       236.85      -270.26      -7.0068      -316.24      -327.15       0.0000    
  4688.202855       1.0000       0.0000       200.29      3.41987E-20   490.00       0.0000       236.81      -269.39      -6.8620      -316.44      -327.95       0.0000    
  4688.236664       1.0000       0.0000       200.29      5.14564E-22   490.00       0.0000       236.77      -268.53      -6.7161      -316.65      -328.74       0.0000    
  4688.304282       1.0000       0.0000       200.29     -1.47918E-19   490.00       0.0000       236.70      -266.87      -6.4202      -317.06      -330.27       0.0000    
  4688.381898       1.0000       0.0000       200.29     -1.77744E-18   490.00       0.0000       236.60      -265.02      -6.0752      -317.52      -331.95       0.0000    
  4688.381898       1.0000       0.0000       200.29      8.93044E-22   490.00       0.0000       236.60      -265.02      -6.0752      -317.52      -331.95       0.0000    
  4688.435992       1.0000       0.0000       200.29      4.92503E-24   490.00       0.0000       236.54      -263.77      -5.8319      -317.84      -333.08       0.0000    
  4688.490087       1.0000       0.0000       200.29      1.23466E-23   490.00       0.0000       236.47      -262.55      -5.5862      -318.16      -334.17       0.0000    
  4688.598276       1.0000       0.0000       200.29     -1.21568E-19   490.00       0.0000       236.34      -260.26      -5.0876      -318.80      -336.22       0.0000    
  4688.814654       1.0000       0.0000       200.29     -7.98472E-18   490.00       0.0000       236.07      -256.25      -4.0701      -320.07      -339.75       0.0000    
  4689.000000       1.0000       0.0000       200.29     -4.52947E-19   490.00       0.0000       235.85      -253.24      -3.1849      -321.16      -342.34       0.0000    
  4689.000000       1.0000       0.0000       200.29      1.18519E-22   490.00       0.0000       235.85      -253.24      -3.1849      -321.16      -342.34       0.0000    
  4689.173103       1.0000       0.0000       200.29      1.97683E-22   490.00       0.0000       235.65      -250.77      -2.4360      -322.17      -344.38       0.0000    
  4689.346205       1.0000       0.0000       200.29      1.95642E-23   490.00       0.0000       235.45      -248.64      -1.6898      -323.18      -346.06       0.0000    
  4689.676165       1.0000       0.0000       200.29     -2.35117E-18   490.00       0.0000       235.11      -245.78     -0.26799      -325.12      -348.03       0.0000    
  4689.676165       1.0000       0.0000       200.29     -2.27926E-21   490.00       0.0000       235.11      -245.78     -0.26799      -325.12      -348.03       0.0000    
  4689.814647       1.0000       0.0000       200.29     -2.30927E-23   490.00       0.0000       234.97      -244.80      0.36733      -325.94      -348.64       0.0000    
  4689.953129       1.0000       0.0000       200.29     -7.89989E-21   490.00       0.0000       234.84      -244.02      0.98224      -326.76      -349.05       0.0000    
  4690.000000       1.0000       0.0000       200.29     -7.13636E-20   490.00       0.0000       234.80      -243.78       1.1901      -327.04      -349.16       0.0000    
  4690.000000       1.0000       0.0000       200.29     -1.63252E-22   490.00       0.0000       234.80      -243.78       1.1901      -327.04      -349.16       0.0000    
  4690.110786       1.0000       0.0000       200.29     -3.56286E-20   490.00       0.0000       234.71      -243.31       1.5361      -327.70      -349.29       0.0000    
  4690.221571       1.0000       0.0000       200.29     -8.40879E-23   490.00       0.0000       234.62      -242.94       1.8700      -328.35      -349.28       0.0000    
  4690.265886       1.0000       0.0000       200.29     -3.71480E-18   490.00       0.0000       234.58      -242.80       2.0033      -328.61      -349.25       0.0000    
  4690.354514       1.0000       0.0000       200.29     -4.43813E-19   490.00       0.0000       234.51      -242.60       2.2693      -329.13      -349.12       0.0000    
  4690.531771       1.0000       0.0000       200.29     -1.03545E-18   490.00       0.0000       234.39      -242.48       2.7973      -330.18      -348.56       0.0000    
  4690.886285       1.0000       0.0000       200.29      2.80722E-18   490.00       0.0000       234.18      -243.23       3.8378      -332.31      -346.40       0.0000    
  4690.886285       1.0000       0.0000       200.29     -1.06920E-20   490.00       0.0000       234.18      -243.23       3.8378      -332.31      -346.40       0.0000    
  4690.898828       1.0000       0.0000       200.29     -4.45053E-23   490.00       0.0000       234.17      -243.26       3.8746      -332.39      -346.32       0.0000    
  4690.911371       1.0000       0.0000       200.29     -1.51524E-19   490.00       0.0000       234.16      -243.29       3.9114      -332.47      -346.24       0.0000    
  4690.936458       1.0000       0.0000       200.29     -1.02193E-18   490.00       0.0000       234.15      -243.35       3.9849      -332.62      -346.07       0.0000    
  4690.986630       1.0000       0.0000       200.29     -6.55085E-19   490.00       0.0000       234.12      -243.50       4.1317      -332.92      -345.73       0.0000    
  4691.000000       1.0000       0.0000       200.29     -1.61115E-18   490.00       0.0000       234.11      -243.54       4.1708      -333.00      -345.63       0.0000    
  4691.000000       1.0000       0.0000       200.29     -1.29283E-24   490.00       0.0000       234.11      -243.54       4.1708      -333.00      -345.63       0.0000    
  4691.040138       1.0000       0.0000       200.29     -1.17175E-20   490.00       0.0000       234.09      -243.67       4.2695      -333.24      -345.34       0.0000    
  4691.080275       1.0000       0.0000       200.29     -4.56300E-18   490.00       0.0000       234.07      -243.82       4.3641      -333.49      -345.03       0.0000    
  4691.160551       1.0000       0.0000       200.29     -7.76440E-19   490.00       0.0000       234.03      -244.14       4.5519      -333.98      -344.35       0.0000    
  4691.321102       1.0000       0.0000       200.29      6.83962E-20   490.00       0.0000       233.95      -244.95       4.9236      -334.95      -342.82       0.0000    
  4691.642204       1.0000       0.0000       200.29     -8.61809E-18   490.00       0.0000       233.82      -247.19       5.6529      -336.95      -339.09       0.0000    
  4692.000000       1.0000       0.0000       200.29     -1.79489E-19   490.00       0.0000       233.70      -250.35       6.4519      -339.21      -334.22       0.0000    
  4692.000000       1.0000       0.0000       200.29     -2.62455E-22   490.00       0.0000       233.70      -250.35       6.4519      -339.21      -334.22       0.0000    
  4692.256882       1.0000       0.0000       200.29      6.57828E-24   490.00       0.0000       233.62      -252.84       6.8100      -340.84      -330.36       0.0000    
  4692.513763       1.0000       0.0000       200.29     -3.60959E-23   490.00       0.0000       233.55      -255.56       7.1553      -342.48      -326.21       0.0000    
  4693.000000       1.0000       0.0000       200.29     -4.45967E-19   490.00       0.0000       233.44      -261.39       7.7944      -345.66      -317.58       0.0000    
  4693.000000       1.0000       0.0000       200.29      1.14975E-21   490.00       0.0000       233.44      -261.39       7.7944      -345.66      -317.58       0.0000    
  4693.205505       1.0000       0.0000       200.29     -4.13736E-22   490.00       0.0000       233.40      -263.86       7.7843      -347.00      -313.77       0.0000    
  4693.411010       1.0000       0.0000       200.29     -1.02103E-20   490.00       0.0000       233.36      -266.37       7.7605      -348.33      -309.86       0.0000    
  4693.822021       1.0000       0.0000       200.29     -7.81192E-18   490.00       0.0000       233.31      -271.50       7.7047      -351.04      -301.84       0.0000    
  4694.000000       1.0000       0.0000       200.29     -9.76253E-19   490.00       0.0000       233.29      -273.73       7.6793      -352.21      -298.34       0.0000    
  4694.000000       1.0000       0.0000       200.29     -4.59407E-26   490.00       0.0000       233.29      -273.73       7.6793      -352.21      -298.34       0.0000    
  4694.328808       1.0000       0.0000       200.29     -2.96910E-22   490.00       0.0000       233.26      -277.61       7.0875      -354.35      -291.83       0.0000    
  4694.657617       1.0000       0.0000       200.29     -4.11256E-20   490.00       0.0000       233.25      -281.27       6.4840      -356.49      -285.43       0.0000    
  4695.000000       1.0000       0.0000       200.29     -9.81128E-18   490.00       0.0000       233.24      -284.84       5.8543      -358.71      -279.00       0.0000    
  4695.000000       1.0000       0.0000       200.29      2.87166E-23   490.00       0.0000       233.24      -284.84       5.8539      -358.71      -279.00       0.0000    
  4695.263047       1.0000       0.0000       200.29     -8.10350E-20   490.00       0.0000       233.25      -287.35       5.2218      -360.40      -274.23       0.0000    
  4695.526093       1.0000       0.0000       200.29     -1.01042E-20   490.00       0.0000       233.27      -289.62       4.5842      -362.09      -269.67       0.0000    
  4696.000000       1.0000       0.0000       197.51      2.79812E-19   483.19       0.0000       230.06      -285.70       3.4570      -364.29      -259.34       0.0000    
  4696.000000       1.0000       0.0000       197.51      3.24757E-22   483.19       0.0000       230.06      -285.70       3.4554      -364.29      -259.34       0.0000    
  4696.026105       1.0000       0.0000       196.42      3.24757E-22   480.53       0.0000       228.79      -283.79       3.3849      -364.36      -258.15       0.0000    
  4696.052211       1.0000       0.0000       195.33      1.14077E-20   477.86       0.0000       227.52      -281.71       3.3121      -364.39      -256.89       0.0000    
  4696.104422       1.0000       0.0000       193.15      4.44127E-21   472.53       0.0000       224.99      -277.04       3.1716      -364.31      -254.13       0.0000    
  4696.104422       1.0000       0.0000       193.15     -2.47357E-25   472.53       0.0000       224.99      -277.04       3.1718      -364.31      -254.13       0.0000    
  4696.125306       1.0000       0.0000       192.28     -2.47357E-25   470.40       0.0000       223.97      -275.10       3.1163      -364.26      -253.00       0.0000    
  4696.146190       1.0000       0.0000       191.41     -1.03762E-17   468.27       0.0000       222.96      -273.10       3.0615      -364.19      -251.84       0.0000    
  4696.187959       1.0000       0.0000       189.66      1.01327E-20   464.01       0.0000       220.93      -268.91       2.9540      -364.00      -249.42       0.0000    
  4696.271496       1.0000       0.0000       184.19      3.27295E-18   450.61       0.0000       214.55      -255.92       2.7549      -363.23      -242.80       0.0000    
  4696.438571       1.0000       0.0000       171.50     -2.53349E-21   419.56       0.0000       199.75      -223.25       2.4059      -360.51      -226.58       0.0000    
  4696.772720       1.0000       0.0000       134.16     -4.44913E-17   328.22       0.0000       156.20      -123.95       1.9271      -350.15      -179.06       0.0000    
  4696.818176       1.0000       0.0000       127.96      5.15733E-22   313.06       0.0000       148.97      -108.13       1.8687      -348.58      -171.68       0.0000    
  4696.909088       1.0000       0.0000       114.05      7.24750E-21   279.03       0.0000       132.76      -71.975       1.7792      -344.77      -154.94       0.0000    
  4697.000000       1.0000       0.0000       100.14      1.25605E-22   245.00       0.0000       116.55      -32.977       1.7062      -340.65      -137.56       0.0000    
  4697.000000       1.0000       0.0000       100.14      6.30274E-22   245.00       0.0000       116.55      -32.977       1.7062      -340.65      -137.56       0.0000    
  4697.004461       1.0000       0.0000       99.461      2.69126E-20   243.33       0.0000       115.75      -30.977       1.7027      -340.45      -136.70       0.0000    
  4697.008921       1.0000       0.0000       98.779      7.92200E-23   241.66       0.0000       114.96      -28.975       1.6964      -340.24      -135.85       0.0000    
  4697.013149       1.0000       0.0000       98.132     -1.92351E-23   240.08       0.0000       114.20      -27.075       1.6873      -340.05      -135.03       0.0000    
  4697.017907       1.0000       0.0000       97.404     -1.30060E-22   238.30       0.0000       113.35      -24.933       1.6772      -339.83      -134.11       0.0000    
  4697.023074       1.0000       0.0000       96.614     -5.00021E-21   236.36       0.0000       112.43      -22.605       1.6662      -339.60      -133.12       0.0000    
  4697.029092       1.0000       0.0000       95.693      4.34746E-20   234.11       0.0000       111.36      -19.890       1.6535      -339.32      -131.96       0.0000    
  4697.036243       1.0000       0.0000       94.599      2.27771E-21   231.43       0.0000       110.09      -16.658       1.6385      -338.99      -130.58       0.0000    
  4697.045507       1.0000       0.0000       93.181      3.44094E-19   227.97       0.0000       108.43      -12.465       1.6191      -338.56      -128.78       0.0000    
  4697.060682       1.0000       0.0000       90.859     -1.49814E-19   222.29       0.0000       105.73      -5.5796       1.5877      -337.86      -125.84       0.0000    
  4697.076057       1.0000       0.0000       88.507     -4.22385E-20   216.53       0.0000       102.99       1.4144       1.5562      -337.15      -122.86       0.0000    
  4697.092711       1.0000       0.0000       85.959      1.79689E-18   210.30       0.0000       100.02       9.0309       1.5223      -336.37      -119.62       0.0000    
  4697.109222       1.0000       0.0000       83.433     -6.81688E-20   204.12       0.0000       97.076       16.619       1.4889      -335.60      -116.40       0.0000    
  4697.127327       1.0000       0.0000       80.663      1.33194E-18   197.34       0.0000       93.849       24.957       1.4613      -334.75      -112.86       0.0000    
  4697.127327       1.0000       0.0000       80.663     -1.70399E-22   197.34       0.0000       93.849       24.957       1.4615      -334.75      -112.86       0.0000    
  4697.130709       1.0000       0.0000       80.146      1.16992E-19   196.07       0.0000       93.247       26.518       1.4515      -334.59      -112.20       0.0000    
  4697.134091       1.0000       0.0000       79.628     -3.11409E-22   194.81       0.0000       92.644       28.080       1.4454      -334.43      -111.54       0.0000    
  4697.140855       1.0000       0.0000       78.593      5.42302E-21   192.28       0.0000       91.438       31.204       1.4339      -334.11      -110.22       0.0000    
  4697.154383       1.0000       0.0000       76.524     -4.18826E-19   187.21       0.0000       89.027       37.456       1.4108      -333.48      -107.57       0.0000    
  4697.175577       1.0000       0.0000       73.281      7.67407E-20   179.28       0.0000       85.251       47.253       1.3748      -332.49      -103.43       0.0000    
  4697.180235       1.0000       0.0000       72.568      7.07401E-22   177.54       0.0000       84.421       49.412       1.3670      -332.27      -102.51       0.0000    
  4697.189553       1.0000       0.0000       71.143     -1.67273E-26   174.05       0.0000       82.760       53.729       1.3513      -331.83      -100.69       0.0000    
  4697.193280       1.0000       0.0000       70.572      2.59585E-25   172.65       0.0000       82.096       55.457       1.3450      -331.65      -99.958       0.0000    
  4697.200734       1.0000       0.0000       69.452      4.10868E-20   169.91       0.0000       80.792       58.880       1.3324      -331.30      -98.510       0.0000    
  4697.215642       1.0000       0.0000       67.586     -3.00631E-21   165.35       0.0000       78.618       65.079       1.3068      -330.62      -95.847       0.0000    
  4697.245380       1.0000       0.0000       63.864     -3.09275E-21   156.24       0.0000       74.283       77.193       1.2545      -329.29      -90.605       0.0000    
  4697.280250       1.0000       0.0000       59.499      1.50927E-20   145.56       0.0000       69.200       91.134       1.1917      -327.78      -84.536       0.0000    
  4697.326977       1.0000       0.0000       53.649      1.79294E-20   131.25       0.0000       62.390       109.04       1.1063      -325.79      -76.493       0.0000    
  4697.384277       1.0000       0.0000       46.477     -1.34757E-17   113.70       0.0000       54.042       129.74       1.0021      -323.34      -66.659       0.0000    
  4697.460941       1.0000       0.0000       38.575     -3.29807E-21   94.373       0.0000       44.847       153.72      0.85622      -320.24      -54.760       0.0000    
  4697.565750       1.0000       0.0000       28.371      5.00086E-19   69.408       0.0000       32.976       183.96      0.64711      -316.24      -39.278       0.0000    
  4697.723028       1.0000       0.0000       16.480     -4.15487E-20   40.318       0.0000       19.151       219.33      0.30053      -311.03      -19.429       0.0000    
  4697.946924       1.0000       0.0000       4.9965     -8.12603E-19   12.224       0.0000       5.8049       252.17     -0.26276      -305.19       2.7464       0.0000    
  4698.000000       1.0000       0.0000       2.7818     -3.02220E-20   6.8056       0.0000       3.2318       258.60     -0.40002      -303.91       7.5296       0.0000    
  4698.000000       1.0000       0.0000       2.7818     -1.70059E-21   6.8056       0.0000       3.2318       258.60     -0.40024      -303.91       7.5297       0.0000    
  4698.010822       1.0000       0.0000       2.6312      5.05601E-19   6.4373       0.0000       3.0569       259.39     -0.42494      -303.66       8.3379       0.0000    
  4698.021645       1.0000       0.0000       2.4807     -9.83220E-21   6.0690       0.0000       2.8820       260.12     -0.44366      -303.42       9.1265       0.0000    
  4698.043289       1.0000       0.0000       2.1797     -1.09426E-23   5.3325       0.0000       2.5322       261.38     -0.48250      -302.98       10.634       0.0000    
  4698.086579       1.0000       0.0000       1.5776      6.50408E-19   3.8595       0.0000       1.8327       263.32     -0.56436      -302.21       13.445       0.0000    
  4698.173157       1.0000       0.0000      0.37335      1.34379E-19  0.91340       0.0000      0.43372       265.76     -0.73981      -300.92       18.536       0.0000    
  4698.346314       1.0000       0.0000       0.0000     -6.08576E-18   0.0000       0.0000       0.0000       263.56      -1.1301      -299.15       25.893       0.0000    
  4698.572309       1.0000       0.0000       0.0000     -3.82777E-18   0.0000       0.0000       0.0000       257.42      -1.6783      -297.43       33.684       0.0000    
  4698.873218       1.0000       0.0000       0.0000      1.77274E-18   0.0000       0.0000       0.0000       248.74      -2.4449      -295.52       42.532       0.0000    
  4699.000000       1.0000       0.0000       0.0000     -8.29060E-20   0.0000       0.0000       0.0000       245.13      -2.7706      -294.76       46.038       0.0000    
  4699.000000       1.0000       0.0000       0.0000     -1.52565E-21   0.0000       0.0000       0.0000       245.13      -2.7704      -294.76       46.038       0.0000    
  4699.138526       1.0000       0.0000       0.0000     -2.46449E-17   0.0000       0.0000       0.0000       241.33      -3.0734      -293.96       49.606       0.0000    
  4699.277051       1.0000       0.0000       0.0000     -1.63653E-19   0.0000       0.0000       0.0000       237.71      -3.3758      -293.18       52.927       0.0000    
  4699.554103       1.0000       0.0000       0.0000      7.29421E-18   0.0000       0.0000       0.0000       231.32      -3.9907      -291.68       58.635       0.0000    
  4700.000000       1.0000       0.0000       0.0000     -6.12380E-21   0.0000       0.0000       0.0000       223.13      -4.9933      -289.32       65.585       0.0000    
  4700.000000       1.0000       0.0000       0.0000     -1.37398E-21   0.0000       0.0000       0.0000       223.13      -4.9933      -289.32       65.585       0.0000    
  4700.221641       1.0000       0.0000       0.0000     -1.37398E-21   0.0000       0.0000       0.0000       219.60      -5.4885      -288.16       68.504       0.0000    
  4700.443282       1.0000       0.0000       0.0000      8.22239E-26   0.0000       0.0000       0.0000       216.56      -5.9840      -287.00       70.907       0.0000    
  4700.886565       1.0000       0.0000       0.0000     -5.54565E-19   0.0000       0.0000       0.0000       212.32      -6.9800      -284.69       73.845       0.0000    
  4701.000000       1.0000       0.0000       0.0000     -6.96477E-19   0.0000       0.0000       0.0000       211.35      -7.2300      -284.10       74.477       0.0000    
  4701.000000       1.0000       0.0000       0.0000     -5.29824E-21   0.0000       0.0000       0.0000       211.35      -7.2300      -284.10       74.477       0.0000    
  4701.354626       1.0000       0.0000       0.0000     -3.29553E-19   0.0000       0.0000       0.0000       209.26      -7.8809      -282.26       75.389       0.0000    
  4701.709252       1.0000       0.0000       0.0000     -2.89021E-19   0.0000       0.0000       0.0000       208.03      -8.5153      -280.41       75.372       0.0000    
  4701.848517       1.0000       0.0000       0.0000     -2.73104E-19   0.0000       0.0000       0.0000       207.68      -8.7595      -279.68       75.232       0.0000    
  4701.848517       1.0000       0.0000       0.0000     -6.00831E-27   0.0000       0.0000       0.0000       207.68      -8.7595      -279.68       75.232       0.0000    
  4701.924259       1.0000       0.0000       0.0000      3.24255E-19   0.0000       0.0000       0.0000       207.52      -8.8912      -279.28       75.117       0.0000    
  4702.000000       1.0000       0.0000       0.0000      3.24255E-19   0.0000       0.0000       0.0000       207.40      -9.0224      -278.89       74.965       0.0000    
  4702.000000       1.0000       0.0000       0.0000     -2.05826E-21   0.0000       0.0000       0.0000       207.40      -9.0224      -278.89       74.965       0.0000    
  4702.060593       1.0000       0.0000       0.0000     -1.62333E-18   0.0000       0.0000       0.0000       207.32      -9.1269      -278.57       74.819       0.0000    
  4702.121186       1.0000       0.0000       0.0000     -3.75236E-20   0.0000       0.0000       0.0000       207.27      -9.2311      -278.25       74.651       0.0000    
  4702.242372       1.0000       0.0000       0.0000     -7.24206E-18   0.0000       0.0000       0.0000       207.25      -9.4390      -277.61       74.226       0.0000    
  4702.319484       1.0000       0.0000       0.0000     -1.45023E-18   0.0000       0.0000       0.0000       207.27      -9.5703      -277.21       73.922       0.0000    
  4702.319484       1.0000       0.0000       0.0000      1.10829E-21   0.0000       0.0000       0.0000       207.27      -9.5970      -278.84       73.922       0.0000    
  4702.416433       1.0000       0.0000       0.0000      1.13600E-18   0.0000       0.0000       0.0000       207.55      -9.8552      -277.32       73.584       0.0000    
  4702.513382       1.0000       0.0000       0.0000      8.21720E-20   0.0000       0.0000       0.0000       207.81      -10.107      -276.77       73.162       0.0000    
  4702.637292       1.0000       0.0000       0.0000      4.02399E-17   0.0000       0.0000       0.0000       208.16      -10.418      -276.09       72.517       0.0000    
  4702.791747       1.0000       0.0000       0.0000     -3.08856E-18   0.0000       0.0000       0.0000       208.66      -10.792      -275.24       71.580       0.0000    
  4703.000000       1.0000       0.0000       0.0000      2.15004E-17   0.0000       0.0000       0.0000       209.48      -11.276      -274.10       70.105       0.0000    
