#      time         order        tairma       togactive    togpassiv    toper        tug       
  4679.000000       1.0000       19.378       26.500       28.195       22.595       20.695    
  4679.400000       1.0000       19.388       26.500       28.198       22.529       20.698    
  4679.800000       1.0000       19.394       26.500       28.200       22.463       20.700    
  4680.000000       1.0000       19.397       26.500       28.201       22.430       20.701    
  4680.000000       1.0000       19.397       26.500       28.201       22.430       20.701    
  4680.002746       1.0000       19.397       26.500       28.201       22.430       20.701    
  4680.005491       1.0000       19.397       26.500       28.201       22.429       20.701    
  4680.007168       1.0000       19.397       26.500       28.201       22.429       20.701    
  4680.007168       1.0000       19.397       26.500       28.201       22.429       20.701    
  4680.009364       1.0000       19.397       26.500       28.201       22.429       20.701    
  4680.011560       1.0000       19.397       26.500       28.201       22.428       20.701    
  4680.015953       1.0000       19.397       26.500       28.201       22.428       20.701    
  4680.024739       1.0000       19.397       26.500       28.201       22.426       20.701    
  4680.042311       1.0000       19.397       26.500       28.201       22.423       20.701    
  4680.077454       1.0000       19.397       26.500       28.201       22.418       20.701    
  4680.147740       1.0000       19.398       26.500       28.201       22.406       20.701    
  4680.288312       1.0000       19.399       26.500       28.202       22.384       20.702    
  4680.569457       1.0000       19.400       26.500       28.202       22.339       20.702    
  4680.676971       1.0000       19.401       26.500       28.202       22.321       20.702    
  4680.676971       1.0000       19.401       26.500       28.202       22.321       20.702    
  4680.726028       1.0000       19.401       26.500       28.202       22.314       20.702    
  4680.775084       1.0000       19.401       26.500       28.202       22.306       20.702    
  4680.873198       1.0000       19.401       26.500       28.202       22.290       20.702    
  4681.000000       1.0000       19.400       26.500       28.202       22.270       20.702    
  4681.000000       1.0000       19.400       26.500       28.202       22.270       20.702    
  4681.078491       1.0000       19.400       26.500       28.202       22.258       20.702    
  4681.156982       1.0000       19.400       26.500       28.202       22.245       20.702    
  4681.313963       1.0000       19.399       26.500       28.202       22.221       20.702    
  4681.627927       1.0000       19.397       26.500       28.201       22.172       20.701    
  4682.000000       1.0000       19.394       26.500       28.200       22.114       20.700    
  4682.000000       1.0000       19.394       26.500       28.200       22.114       20.700    
  4682.251171       1.0000       19.391       26.500       28.199       22.075       20.699    
  4682.502341       1.0000       19.387       26.500       28.198       22.036       20.698    
  4683.000000       1.0000       19.378       26.500       28.195       21.958       20.695    
  4683.000000       1.0000       19.378       26.500       28.195       21.958       20.695    
  4683.200936       1.0000       19.375       26.500       28.194       21.927       20.694    
  4683.401873       1.0000       19.372       26.500       28.193       21.896       20.693    
  4683.803746       1.0000       19.366       26.500       28.191       21.841       20.691    
  4684.000000       1.0000       19.362       26.500       28.190       21.815       20.690    
  4684.000000       1.0000       19.362       26.500       28.190       21.815       20.690    
  4684.006430       1.0000       19.362       26.500       28.190       21.814       20.690    
  4684.012860       1.0000       19.362       26.500       28.189       21.813       20.690    
  4684.023253       1.0000       19.362       26.500       28.189       21.812       20.689    
  4684.035152       1.0000       19.362       26.500       28.189       21.810       20.689    
  4684.052744       1.0000       19.361       26.500       28.189       21.808       20.689    
  4684.076747       1.0000       19.361       26.500       28.189       21.805       20.689    
  4684.097601       1.0000       19.360       26.500       28.189       21.802       20.689    
  4684.120210       1.0000       19.360       26.500       28.189       21.800       20.689    
  4684.139000       1.0000       19.360       26.500       28.189       21.797       20.689    
  4684.157579       1.0000       19.359       26.500       28.189       21.795       20.689    
  4684.174684       1.0000       19.359       26.500       28.189       21.793       20.689    
  4684.191659       1.0000       19.359       26.500       28.188       21.791       20.688    
  4684.208147       1.0000       19.359       26.500       28.188       21.789       20.688    
  4684.224654       1.0000       19.358       26.500       28.188       21.787       20.688    
  4684.241752       1.0000       19.358       26.500       28.188       21.784       20.688    
  4684.260203       1.0000       19.358       26.500       28.188       21.782       20.688    
  4684.280277       1.0000       19.357       26.500       28.188       21.780       20.688    
  4684.302422       1.0000       19.357       26.500       28.188       21.777       20.688    
  4684.327206       1.0000       19.357       26.500       28.188       21.774       20.688    
  4684.355250       1.0000       19.356       26.500       28.187       21.771       20.688    
  4684.387527       1.0000       19.356       26.500       28.187       21.767       20.687    
  4684.425324       1.0000       19.355       26.500       28.187       21.763       20.687    
  4684.470682       1.0000       19.354       26.500       28.187       21.757       20.687    
  4684.526668       1.0000       19.353       26.500       28.187       21.751       20.687    
  4684.598608       1.0000       19.352       26.500       28.186       21.743       20.686    
  4684.598608       1.0000       19.352       26.500       28.186       21.743       20.686    
  4684.606922       1.0000       19.352       26.500       28.186       21.742       20.686    
  4684.615236       1.0000       19.352       26.500       28.186       21.741       20.686    
  4684.631864       1.0000       19.352       26.500       28.186       21.739       20.686    
  4684.665121       1.0000       19.351       26.500       28.186       21.736       20.686    
  4684.731633       1.0000       19.350       26.500       28.186       21.729       20.686    
  4684.864659       1.0000       19.348       26.500       28.185       21.717       20.685    
  4685.000000       1.0000       19.347       26.500       28.184       21.708       20.684    
  4685.000000       1.0000       19.347       26.500       28.184       21.708       20.684    
  4685.106421       1.0000       19.345       26.500       28.184       21.709       20.684    
  4685.212841       1.0000       19.344       26.500       28.184       21.713       20.684    
  4685.425683       1.0000       19.343       26.500       28.183       21.746       20.683    
  4685.756025       1.0000       19.343       26.500       28.183       21.855       20.683    
  4686.000000       1.0000       19.344       26.500       28.184       21.977       20.684    
  4686.000000       1.0000       19.344       26.500       28.184       21.977       20.684    
  4686.034055       1.0000       19.345       26.500       28.184       21.995       20.684    
  4686.068109       1.0000       19.345       26.500       28.184       22.013       20.684    
  4686.136219       1.0000       19.346       26.500       28.184       22.053       20.684    
  4686.216293       1.0000       19.347       26.500       28.185       22.102       20.685    
  4686.308038       1.0000       19.349       26.500       28.185       22.156       20.685    
  4686.427983       1.0000       19.352       26.500       28.186       22.225       20.686    
  4686.602839       1.0000       19.358       26.500       28.188       22.318       20.688    
  4686.906805       1.0000       19.373       26.500       28.193       22.448       20.693    
  4686.912496       1.0000       19.373       26.500       28.193       22.451       20.693    
  4686.912496       1.0000       19.373       26.500       28.193       22.451       20.693    
  4686.929004       1.0000       19.374       26.500       28.193       22.457       20.693    
  4686.945513       1.0000       19.375       26.500       28.194       22.464       20.694    
  4686.978529       1.0000       19.377       26.500       28.194       22.476       20.694    
  4687.000000       1.0000       19.378       26.500       28.195       22.484       20.695    
  4687.000000       1.0000       19.378       26.500       28.195       22.484       20.695    
  4687.026413       1.0000       19.375       26.500       28.194       22.493       20.694    
  4687.052827       1.0000       19.373       26.500       28.193       22.501       20.693    
  4687.063392       1.0000       19.371       26.500       28.193       22.504       20.693    
  4687.084523       1.0000       19.369       26.500       28.192       22.511       20.692    
  4687.092975       1.0000       19.369       26.500       28.192       22.513       20.692    
  4687.109880       1.0000       19.367       26.500       28.191       22.518       20.691    
  4687.143689       1.0000       19.364       26.500       28.190       22.527       20.690    
  4687.189019       1.0000       19.360       26.500       28.189       22.539       20.689    
  4687.241589       1.0000       19.355       26.500       28.187       22.551       20.687    
  4687.299583       1.0000       19.350       26.500       28.185       22.564       20.685    
  4687.365131       1.0000       19.344       26.500       28.184       22.577       20.684    
  4687.442218       1.0000       19.338       26.500       28.182       22.592       20.682    
  4687.543623       1.0000       19.331       26.500       28.179       22.610       20.679    
  4687.668103       1.0000       19.322       26.500       28.176       22.632       20.676    
  4687.831894       1.0000       19.312       26.500       28.173       22.661       20.673    
  4687.966248       1.0000       19.305       26.500       28.171       22.684       20.671    
  4688.000000       1.0000       19.304       26.500       28.170       22.690       20.670    
  4688.000000       1.0000       19.304       26.500       28.170       22.690       20.670    
  4688.021131       1.0000       19.303       26.500       28.170       22.693       20.670    
  4688.042261       1.0000       19.302       26.500       28.170       22.697       20.670    
  4688.084523       1.0000       19.300       26.500       28.169       22.704       20.669    
  4688.169046       1.0000       19.297       26.500       28.168       22.718       20.668    
  4688.169046       1.0000       19.297       26.500       28.168       22.718       20.668    
  4688.202855       1.0000       19.296       26.500       28.168       22.724       20.668    
  4688.236664       1.0000       19.295       26.500       28.167       22.729       20.667    
  4688.304282       1.0000       19.292       26.500       28.167       22.741       20.667    
  4688.381898       1.0000       19.290       26.500       28.166       22.753       20.666    
  4688.381898       1.0000       19.290       26.500       28.166       22.753       20.666    
  4688.435992       1.0000       19.289       26.500       28.165       22.764       20.665    
  4688.490087       1.0000       19.288       26.500       28.165       22.773       20.665    
  4688.598276       1.0000       19.286       26.500       28.164       22.792       20.664    
  4688.814654       1.0000       19.284       26.500       28.164       22.829       20.664    
  4689.000000       1.0000       19.284       26.500       28.164       22.860       20.664    
  4689.000000       1.0000       19.284       26.500       28.164       22.860       20.664    
  4689.173103       1.0000       19.286       26.500       28.164       22.889       20.664    
  4689.346205       1.0000       19.289       26.500       28.165       22.918       20.665    
  4689.676165       1.0000       19.298       26.500       28.168       22.974       20.668    
  4689.676165       1.0000       19.298       26.500       28.168       22.974       20.668    
  4689.814647       1.0000       19.304       26.500       28.170       22.998       20.670    
  4689.953129       1.0000       19.310       26.500       28.172       23.021       20.672    
  4690.000000       1.0000       19.312       26.500       28.173       23.029       20.673    
  4690.000000       1.0000       19.312       26.500       28.173       23.029       20.673    
  4690.110786       1.0000       19.318       26.500       28.175       23.048       20.675    
  4690.221571       1.0000       19.324       26.500       28.177       23.067       20.677    
  4690.265886       1.0000       19.327       26.500       28.178       23.074       20.678    
  4690.354514       1.0000       19.332       26.500       28.180       23.089       20.680    
  4690.531771       1.0000       19.343       26.500       28.183       23.119       20.683    
  4690.886285       1.0000       19.369       26.500       28.192       23.179       20.692    
  4690.886285       1.0000       19.369       26.500       28.192       23.179       20.692    
  4690.898828       1.0000       19.370       26.500       28.192       23.181       20.692    
  4690.911371       1.0000       19.371       26.500       28.192       23.183       20.692    
  4690.936458       1.0000       19.373       26.500       28.193       23.187       20.693    
  4690.986630       1.0000       19.377       26.500       28.194       23.195       20.694    
  4691.000000       1.0000       19.378       26.500       28.195       23.198       20.695    
  4691.000000       1.0000       19.378       26.500       28.195       23.198       20.695    
  4691.040138       1.0000       19.377       26.500       28.194       23.204       20.694    
  4691.080275       1.0000       19.376       26.500       28.194       23.211       20.694    
  4691.160551       1.0000       19.374       26.500       28.193       23.225       20.693    
  4691.321102       1.0000       19.370       26.500       28.192       23.251       20.692    
  4691.642204       1.0000       19.365       26.500       28.190       23.305       20.690    
  4692.000000       1.0000       19.362       26.500       28.189       23.365       20.689    
  4692.000000       1.0000       19.362       26.500       28.189       23.365       20.689    
  4692.256882       1.0000       19.361       26.500       28.189       23.375       20.689    
  4692.513763       1.0000       19.361       26.500       28.189       23.417       20.689    
  4693.000000       1.0000       19.365       26.500       28.190       23.512       20.690    
  4693.000000       1.0000       19.365       26.500       28.190       23.512       20.690    
  4693.205505       1.0000       19.367       26.500       28.191       23.554       20.691    
  4693.411010       1.0000       19.369       26.500       28.192       23.596       20.692    
  4693.822021       1.0000       19.374       26.500       28.193       23.683       20.693    
  4694.000000       1.0000       19.376       26.500       28.194       23.721       20.694    
  4694.000000       1.0000       19.376       26.500       28.194       23.721       20.694    
  4694.328808       1.0000       19.378       26.500       28.195       23.790       20.695    
  4694.657617       1.0000       19.379       26.500       28.195       23.858       20.695    
  4695.000000       1.0000       19.378       26.500       28.195       23.928       20.695    
  4695.000000       1.0000       19.378       26.500       28.195       23.928       20.695    
  4695.263047       1.0000       19.393       26.500       28.200       23.980       20.700    
  4695.526093       1.0000       19.406       26.500       28.204       24.031       20.704    
  4696.000000       1.0000       19.427       26.500       28.211       24.113       20.711    
  4696.000000       1.0000       19.427       26.500       28.211       24.113       20.711    
  4696.026105       1.0000       19.428       26.500       28.211       24.116       20.711    
  4696.052211       1.0000       19.428       26.500       28.211       24.119       20.711    
  4696.104422       1.0000       19.430       26.500       28.212       24.123       20.712    
  4696.104422       1.0000       19.430       26.500       28.212       24.123       20.712    
  4696.125306       1.0000       19.431       26.500       28.212       24.124       20.712    
  4696.146190       1.0000       19.432       26.500       28.212       24.126       20.712    
  4696.187959       1.0000       19.433       26.500       28.213       24.128       20.713    
  4696.271496       1.0000       19.435       26.500       28.214       24.126       20.714    
  4696.438571       1.0000       19.440       26.500       28.215       24.110       20.715    
  4696.772720       1.0000       19.446       26.500       28.217       24.027       20.717    
  4696.818176       1.0000       19.447       26.500       28.217       24.014       20.717    
  4696.909088       1.0000       19.448       26.500       28.218       23.981       20.718    
  4697.000000       1.0000       19.448       26.500       28.218       23.944       20.718    
  4697.000000       1.0000       19.448       26.500       28.218       23.944       20.718    
  4697.004461       1.0000       19.448       26.500       28.218       23.942       20.718    
  4697.008921       1.0000       19.448       26.500       28.218       23.940       20.718    
  4697.013149       1.0000       19.448       26.500       28.218       23.938       20.718    
  4697.017907       1.0000       19.448       26.500       28.218       23.936       20.718    
  4697.023074       1.0000       19.448       26.500       28.218       23.934       20.718    
  4697.029092       1.0000       19.448       26.500       28.218       23.932       20.718    
  4697.036243       1.0000       19.449       26.500       28.218       23.929       20.718    
  4697.045507       1.0000       19.449       26.500       28.218       23.925       20.718    
  4697.060682       1.0000       19.449       26.500       28.218       23.918       20.718    
  4697.076057       1.0000       19.449       26.500       28.218       23.911       20.718    
  4697.092711       1.0000       19.449       26.500       28.218       23.904       20.718    
  4697.109222       1.0000       19.449       26.500       28.218       23.896       20.718    
  4697.127327       1.0000       19.449       26.500       28.218       23.888       20.718    
  4697.127327       1.0000       19.449       26.500       28.218       23.888       20.718    
  4697.130709       1.0000       19.449       26.500       28.218       23.887       20.718    
  4697.134091       1.0000       19.449       26.500       28.218       23.885       20.718    
  4697.140855       1.0000       19.449       26.500       28.218       23.882       20.718    
  4697.154383       1.0000       19.449       26.500       28.218       23.876       20.718    
  4697.175577       1.0000       19.449       26.500       28.218       23.866       20.718    
  4697.180235       1.0000       19.449       26.500       28.218       23.863       20.718    
  4697.189553       1.0000       19.449       26.500       28.218       23.859       20.718    
  4697.193280       1.0000       19.449       26.500       28.218       23.857       20.718    
  4697.200734       1.0000       19.449       26.500       28.218       23.854       20.718    
  4697.215642       1.0000       19.449       26.500       28.218       23.847       20.718    
  4697.245380       1.0000       19.449       26.500       28.218       23.833       20.718    
  4697.280250       1.0000       19.448       26.500       28.218       23.818       20.718    
  4697.326977       1.0000       19.448       26.500       28.218       23.797       20.718    
  4697.384277       1.0000       19.448       26.500       28.218       23.772       20.718    
  4697.460941       1.0000       19.447       26.500       28.217       23.741       20.717    
  4697.565750       1.0000       19.445       26.500       28.217       23.700       20.717    
  4697.723028       1.0000       19.441       26.500       28.216       23.646       20.716    
  4697.946924       1.0000       19.435       26.500       28.213       23.584       20.713    
  4698.000000       1.0000       19.433       26.500       28.213       23.570       20.713    
  4698.000000       1.0000       19.433       26.500       28.213       23.570       20.713    
  4698.010822       1.0000       19.432       26.500       28.213       23.568       20.713    
  4698.021645       1.0000       19.432       26.500       28.212       23.566       20.713    
  4698.043289       1.0000       19.431       26.500       28.212       23.561       20.712    
  4698.086579       1.0000       19.429       26.500       28.212       23.553       20.712    
  4698.173157       1.0000       19.426       26.500       28.210       23.539       20.710    
  4698.346314       1.0000       19.417       26.500       28.208       23.517       20.708    
  4698.572309       1.0000       19.405       26.500       28.204       23.497       20.704    
  4698.873218       1.0000       19.387       26.500       28.198       23.468       20.698    
  4699.000000       1.0000       19.378       26.500       28.195       23.454       20.695    
  4699.000000       1.0000       19.378       26.500       28.195       23.454       20.695    
  4699.138526       1.0000       19.385       26.500       28.197       23.439       20.697    
  4699.277051       1.0000       19.391       26.500       28.199       23.421       20.699    
  4699.554103       1.0000       19.402       26.500       28.203       23.375       20.703    
  4700.000000       1.0000       19.415       26.500       28.207       23.243       20.707    
  4700.000000       1.0000       19.415       26.500       28.207       23.243       20.707    
  4700.221641       1.0000       19.420       26.500       28.209       23.188       20.709    
  4700.443282       1.0000       19.423       26.500       28.210       23.111       20.710    
  4700.886565       1.0000       19.426       26.500       28.211       22.990       20.711    
  4701.000000       1.0000       19.426       26.500       28.211       22.962       20.711    
  4701.000000       1.0000       19.426       26.500       28.211       22.962       20.711    
  4701.354626       1.0000       19.424       26.500       28.210       22.887       20.710    
  4701.709252       1.0000       19.418       26.500       28.208       22.819       20.708    
  4701.848517       1.0000       19.416       26.500       28.207       22.794       20.707    
  4701.848517       1.0000       19.416       26.500       28.207       22.794       20.707    
  4701.924259       1.0000       19.414       26.500       28.207       22.780       20.707    
  4702.000000       1.0000       19.412       26.500       28.206       22.766       20.706    
  4702.000000       1.0000       19.412       26.500       28.206       22.766       20.706    
  4702.060593       1.0000       19.411       26.500       28.206       22.755       20.706    
  4702.121186       1.0000       19.409       26.500       28.205       22.744       20.705    
  4702.242372       1.0000       19.406       26.500       28.204       22.723       20.704    
  4702.319484       1.0000       19.404       26.500       28.203       22.709       20.703    
  4702.319484       1.0000       19.404       26.500       28.203       22.709       20.703    
  4702.416433       1.0000       19.401       26.500       28.202       22.692       20.702    
  4702.513382       1.0000       19.397       26.500       28.201       22.675       20.701    
  4702.637292       1.0000       19.393       26.500       28.200       22.654       20.700    
  4702.791747       1.0000       19.387       26.500       28.198       22.627       20.698    
  4703.000000       1.0000       19.378       26.500       28.195       22.592       20.695    
