#      time         order        anzahl_ka1   anzahl_kal   anzahl_wa1   anzahl_war   pmv_1        ppd_1     
  4679.000000       1.0000       0.0000       0.0000       0.0000       0.0000       0.0000       0.0000    
  4679.400000       1.0000       0.0000       0.0000       0.0000       0.0000       0.0000       0.0000    
  4679.800000       1.0000       0.0000       0.0000       0.0000       0.0000       0.0000       0.0000    
  4680.000000       1.0000       0.0000       0.0000       0.0000       0.0000       0.0000       0.0000    
  4680.000000       1.0000       0.0000       0.0000       0.0000       0.0000       0.0000       0.0000    
  4680.002746       1.0000       0.0000       0.0000       0.0000       0.0000       0.0000       0.0000    
  4680.005491       1.0000       0.0000       0.0000       0.0000       0.0000       0.0000       0.0000    
  4680.007168       1.0000       0.0000       0.0000       0.0000       0.0000       0.0000       0.0000    
  4680.007168       1.0000       0.0000       0.0000       0.0000       0.0000       0.0000       0.0000    
  4680.009364       1.0000       0.0000       0.0000       0.0000       0.0000       0.0000       0.0000    
  4680.011560       1.0000       0.0000       0.0000       0.0000       0.0000       0.0000       0.0000    
  4680.015953       1.0000       0.0000       0.0000       0.0000       0.0000       0.0000       0.0000    
  4680.024739       1.0000       0.0000       0.0000       0.0000       0.0000       0.0000       0.0000    
  4680.042311       1.0000       0.0000       0.0000       0.0000       0.0000       0.0000       0.0000    
  4680.077454       1.0000       0.0000       0.0000       0.0000       0.0000       0.0000       0.0000    
  4680.147740       1.0000       0.0000       0.0000       0.0000       0.0000       0.0000       0.0000    
  4680.288312       1.0000       0.0000       0.0000       0.0000       0.0000       0.0000       0.0000    
  4680.569457       1.0000       0.0000       0.0000       0.0000       0.0000       0.0000       0.0000    
  4680.676971       1.0000       0.0000       0.0000       0.0000       0.0000       0.0000       0.0000    
  4680.676971       1.0000       0.0000       0.0000       0.0000       0.0000       0.0000       0.0000    
  4680.726028       1.0000       0.0000       0.0000       0.0000       0.0000       0.0000       0.0000    
  4680.775084       1.0000       0.0000       0.0000       0.0000       0.0000       0.0000       0.0000    
  4680.873198       1.0000       0.0000       0.0000       0.0000       0.0000       0.0000       0.0000    
  4681.000000       1.0000       0.0000       0.0000       0.0000       0.0000       0.0000       0.0000    
  4681.000000       1.0000       0.0000       0.0000       0.0000       0.0000       0.0000       0.0000    
  4681.078491       1.0000       0.0000       0.0000       0.0000       0.0000       0.0000       0.0000    
  4681.156982       1.0000       0.0000       0.0000       0.0000       0.0000       0.0000       0.0000    
  4681.313963       1.0000       0.0000       0.0000       0.0000       0.0000       0.0000       0.0000    
  4681.627927       1.0000       0.0000       0.0000       0.0000       0.0000       0.0000       0.0000    
  4682.000000       1.0000       0.0000       0.0000       0.0000       0.0000       0.0000       0.0000    
  4682.000000       1.0000       0.0000       0.0000       0.0000       0.0000       0.0000       0.0000    
  4682.251171       1.0000       0.0000       0.0000       0.0000       0.0000       0.0000       0.0000    
  4682.502341       1.0000       0.0000       0.0000       0.0000       0.0000       0.0000       0.0000    
  4683.000000       1.0000       0.0000       0.0000       0.0000       0.0000       0.0000       0.0000    
  4683.000000       1.0000       0.0000       0.0000       0.0000       0.0000       0.0000       0.0000    
  4683.200936       1.0000       0.0000       0.0000       0.0000       0.0000       0.0000       0.0000    
  4683.401873       1.0000       0.0000       0.0000       0.0000       0.0000       0.0000       0.0000    
  4683.803746       1.0000       0.0000       0.0000       0.0000       0.0000       0.0000       0.0000    
  4684.000000       1.0000       0.0000       0.0000       0.0000       0.0000       0.0000       0.0000    
  4684.000000       1.0000       0.0000       0.0000       0.0000       0.0000       0.0000       0.0000    
  4684.006430       1.0000       0.0000       0.0000       0.0000       0.0000       0.0000       0.0000    
  4684.012860       1.0000       0.0000       0.0000       0.0000       0.0000       0.0000       0.0000    
  4684.023253       1.0000       0.0000       0.0000       0.0000       0.0000       0.0000       0.0000    
  4684.035152       1.0000       0.0000       0.0000       0.0000       0.0000       0.0000       0.0000    
  4684.052744       1.0000       0.0000       0.0000       0.0000       0.0000       0.0000       0.0000    
  4684.076747       1.0000       0.0000       0.0000       0.0000       0.0000       0.0000       0.0000    
  4684.097601       1.0000       0.0000       0.0000       0.0000       0.0000       0.0000       0.0000    
  4684.120210       1.0000       0.0000       0.0000       0.0000       0.0000       0.0000       0.0000    
  4684.139000       1.0000       0.0000       0.0000       0.0000       0.0000       0.0000       0.0000    
  4684.157579       1.0000       0.0000       0.0000       0.0000       0.0000       0.0000       0.0000    
  4684.174684       1.0000       0.0000       0.0000       0.0000       0.0000       0.0000       0.0000    
  4684.191659       1.0000       0.0000       0.0000       0.0000       0.0000       0.0000       0.0000    
  4684.208147       1.0000       0.0000       0.0000       0.0000       0.0000       0.0000       0.0000    
  4684.224654       1.0000       0.0000       0.0000       0.0000       0.0000       0.0000       0.0000    
  4684.241752       1.0000       0.0000       0.0000       0.0000       0.0000       0.0000       0.0000    
  4684.260203       1.0000       0.0000       0.0000       0.0000       0.0000       0.0000       0.0000    
  4684.280277       1.0000       0.0000       0.0000       0.0000       0.0000       0.0000       0.0000    
  4684.302422       1.0000       0.0000       0.0000       0.0000       0.0000       0.0000       0.0000    
  4684.327206       1.0000       0.0000       0.0000       0.0000       0.0000       0.0000       0.0000    
  4684.355250       1.0000       0.0000       0.0000       0.0000       0.0000       0.0000       0.0000    
  4684.387527       1.0000       0.0000       0.0000       0.0000       0.0000       0.0000       0.0000    
  4684.425324       1.0000       0.0000       0.0000       0.0000       0.0000       0.0000       0.0000    
  4684.470682       1.0000       0.0000       0.0000       0.0000       0.0000       0.0000       0.0000    
  4684.526668       1.0000       0.0000       0.0000       0.0000       0.0000       0.0000       0.0000    
  4684.598608       1.0000       0.0000       0.0000       0.0000       0.0000       0.0000       0.0000    
  4684.598608       1.0000       0.0000       0.0000       0.0000       0.0000       0.0000       0.0000    
  4684.606922       1.0000       0.0000       0.0000       0.0000       0.0000       0.0000       0.0000    
  4684.615236       1.0000       0.0000       0.0000       0.0000       0.0000       0.0000       0.0000    
  4684.631864       1.0000       0.0000       0.0000       0.0000       0.0000       0.0000       0.0000    
  4684.665121       1.0000       0.0000       0.0000       0.0000       0.0000       0.0000       0.0000    
  4684.731633       1.0000       0.0000       0.0000       0.0000       0.0000       0.0000       0.0000    
  4684.864659       1.0000       0.0000       0.0000       0.0000       0.0000     -0.18592       5.7166    
  4685.000000       1.0000       0.0000       0.0000       0.0000       0.0000     -0.18704       5.7253    
  4685.000000       1.0000       0.0000       0.0000       0.0000       0.0000     -0.18700       5.7250    
  4685.106421       1.0000       0.0000       0.0000       0.0000       0.0000     -0.18665       5.7223    
  4685.212841       1.0000       0.0000       0.0000       0.0000       0.0000     -0.18562       5.7143    
  4685.425683       1.0000       0.0000       0.0000       0.0000       0.0000     -0.17978       5.6700    
  4685.756025       1.0000       0.0000       0.0000       0.0000       0.0000     -0.16143       5.5400    
  4686.000000       1.0000       0.0000       0.0000       0.0000       0.0000     -0.14160       5.4154    
  4686.000000       1.0000       0.0000       0.0000       0.0000       0.0000     -0.14160       5.4154    
  4686.034055       1.0000       0.0000       0.0000       0.0000       0.0000     -0.13866       5.3983    
  4686.068109       1.0000       0.0000       0.0000       0.0000       0.0000     -0.13557       5.3808    
  4686.136219       1.0000       0.0000       0.0000       0.0000       0.0000     -0.12898       5.3446    
  4686.216293       1.0000       0.0000       0.0000       0.0000       0.0000     -0.12103       5.3034    
  4686.308038       1.0000       0.0000       0.0000       0.0000       0.0000     -0.11225       5.2610    
  4686.427983       1.0000       0.0000       0.0000       0.0000       0.0000     -0.10098       5.2112    
  4686.602839       1.0000       0.0000       0.0000       0.0000       0.0000     -8.58292E-02   5.1525    
  4686.906805       1.0000       0.0000       0.0000       0.0000       0.0000     -6.45363E-02   5.0862    
  4686.912496       1.0000       0.0000       0.0000       0.0000       0.0000     -6.40750E-02   5.0850    
  4686.912496       1.0000       0.0000       0.0000       0.0000       0.0000     -6.40750E-02   5.0850    
  4686.929004       1.0000       0.0000       0.0000       0.0000       0.0000     -6.30211E-02   5.0822    
  4686.945513       1.0000       0.0000       0.0000       0.0000       0.0000     -6.19917E-02   5.0796    
  4686.978529       1.0000       0.0000       0.0000       0.0000       0.0000     -6.00145E-02   5.0746    
  4687.000000       1.0000       0.0000       0.0000       0.0000       0.0000     -5.87599E-02   5.0715    
  4687.000000       1.0000       0.0000       0.0000       0.0000       0.0000     -5.87599E-02   5.0715    
  4687.026413       1.0000       0.0000       0.0000       0.0000       0.0000     -5.74002E-02   5.0682    
  4687.052827       1.0000       0.0000       0.0000       0.0000       0.0000     -5.61171E-02   5.0652    
  4687.063392       1.0000       0.0000       0.0000       0.0000       0.0000     -5.56153E-02   5.0640    
  4687.084523       1.0000       0.0000       0.0000       0.0000       0.0000     -5.46433E-02   5.0618    
  4687.092975       1.0000       0.0000       0.0000       0.0000       0.0000     -5.42650E-02   5.0610    
  4687.109880       1.0000       0.0000       0.0000       0.0000       0.0000     -5.35285E-02   5.0593    
  4687.143689       1.0000       0.0000       0.0000       0.0000       0.0000     -5.21378E-02   5.0563    
  4687.189019       1.0000       0.0000       0.0000       0.0000       0.0000     -5.03837E-02   5.0526    
  4687.241589       1.0000       0.0000       0.0000       0.0000       0.0000     -4.86085E-02   5.0489    
  4687.299583       1.0000       0.0000       0.0000       0.0000       0.0000     -4.68611E-02   5.0455    
  4687.365131       1.0000       0.0000       0.0000       0.0000       0.0000     -4.50681E-02   5.0420    
  4687.442218       1.0000       0.0000       0.0000       0.0000       0.0000     -4.31451E-02   5.0385    
  4687.543623       1.0000       0.0000       0.0000       0.0000       0.0000     -4.08528E-02   5.0346    
  4687.668103       1.0000       0.0000       0.0000       0.0000       0.0000     -3.82973E-02   5.0304    
  4687.831894       1.0000       0.0000       0.0000       0.0000       0.0000     -3.52537E-02   5.0257    
  4687.966248       1.0000       0.0000       0.0000       0.0000       0.0000     -3.29178E-02   5.0224    
  4688.000000       1.0000       0.0000       0.0000       0.0000       0.0000     -3.23401E-02   5.0217    
  4688.000000       1.0000       0.0000       0.0000       0.0000       0.0000     -3.23401E-02   5.0217    
  4688.021131       1.0000       0.0000       0.0000       0.0000       0.0000     -3.19820E-02   5.0212    
  4688.042261       1.0000       0.0000       0.0000       0.0000       0.0000     -3.16271E-02   5.0207    
  4688.084523       1.0000       0.0000       0.0000       0.0000       0.0000     -3.09290E-02   5.0198    
  4688.169046       1.0000       0.0000       0.0000       0.0000       0.0000     -2.95669E-02   5.0181    
  4688.169046       1.0000       0.0000       0.0000       0.0000       0.0000     -2.95669E-02   5.0181    
  4688.202855       1.0000       0.0000       0.0000       0.0000       0.0000     -2.90302E-02   5.0174    
  4688.236664       1.0000       0.0000       0.0000       0.0000       0.0000     -2.84988E-02   5.0168    
  4688.304282       1.0000       0.0000       0.0000       0.0000       0.0000     -2.74534E-02   5.0156    
  4688.381898       1.0000       0.0000       0.0000       0.0000       0.0000     -2.62710E-02   5.0143    
  4688.381898       1.0000       0.0000       0.0000       0.0000       0.0000     -2.62710E-02   5.0143    
  4688.435992       1.0000       0.0000       0.0000       0.0000       0.0000     -2.52426E-02   5.0132    
  4688.490087       1.0000       0.0000       0.0000       0.0000       0.0000     -2.43641E-02   5.0123    
  4688.598276       1.0000       0.0000       0.0000       0.0000       0.0000     -2.26244E-02   5.0106    
  4688.814654       1.0000       0.0000       0.0000       0.0000       0.0000     -1.92265E-02   5.0077    
  4689.000000       1.0000       0.0000       0.0000       0.0000       0.0000     -1.63312E-02   5.0055    
  4689.000000       1.0000       0.0000       0.0000       0.0000       0.0000     -1.63312E-02   5.0055    
  4689.173103       1.0000       0.0000       0.0000       0.0000       0.0000     -1.36086E-02   5.0038    
  4689.346205       1.0000       0.0000       0.0000       0.0000       0.0000     -1.08466E-02   5.0024    
  4689.676165       1.0000       0.0000       0.0000       0.0000       0.0000     -5.26421E-03   5.0006    
  4689.676165       1.0000       0.0000       0.0000       0.0000       0.0000     -5.26421E-03   5.0006    
  4689.814647       1.0000       0.0000       0.0000       0.0000       0.0000     -2.82952E-03   5.0002    
  4689.953129       1.0000       0.0000       0.0000       0.0000       0.0000     -3.26316E-04   5.0000    
  4690.000000       1.0000       0.0000       0.0000       0.0000       0.0000      5.28986E-04   5.0000    
  4690.000000       1.0000       0.0000       0.0000       0.0000       0.0000      5.28986E-04   5.0000    
  4690.110786       1.0000       0.0000       0.0000       0.0000       0.0000      2.56969E-03   5.0001    
  4690.221571       1.0000       0.0000       0.0000       0.0000       0.0000      4.63130E-03   5.0004    
  4690.265886       1.0000       0.0000       0.0000       0.0000       0.0000      5.45886E-03   5.0006    
  4690.354514       1.0000       0.0000       0.0000       0.0000       0.0000      7.12621E-03   5.0011    
  4690.531771       1.0000       0.0000       0.0000       0.0000       0.0000      1.05356E-02   5.0023    
  4690.886285       1.0000       0.0000       0.0000       0.0000       0.0000      1.76425E-02   5.0064    
  4690.886285       1.0000       0.0000       0.0000       0.0000       0.0000      1.76425E-02   5.0064    
  4690.898828       1.0000       0.0000       0.0000       0.0000       0.0000      1.78950E-02   5.0066    
  4690.911371       1.0000       0.0000       0.0000       0.0000       0.0000      1.81479E-02   5.0068    
  4690.936458       1.0000       0.0000       0.0000       0.0000       0.0000      1.86549E-02   5.0072    
  4690.986630       1.0000       0.0000       0.0000       0.0000       0.0000      1.96724E-02   5.0080    
  4691.000000       1.0000       0.0000       0.0000       0.0000       0.0000      1.99448E-02   5.0082    
  4691.000000       1.0000       0.0000       0.0000       0.0000       0.0000      1.99448E-02   5.0082    
  4691.040138       1.0000       0.0000       0.0000       0.0000       0.0000      2.07644E-02   5.0089    
  4691.080275       1.0000       0.0000       0.0000       0.0000       0.0000      2.15864E-02   5.0096    
  4691.160551       1.0000       0.0000       0.0000       0.0000       0.0000      2.32400E-02   5.0112    
  4691.321102       1.0000       0.0000       0.0000       0.0000       0.0000      2.65833E-02   5.0146    
  4691.642204       1.0000       0.0000       0.0000       0.0000       0.0000      3.34330E-02   5.0231    
  4692.000000       1.0000       0.0000       0.0000       0.0000       0.0000      4.12500E-02   5.0352    
  4692.000000       1.0000       0.0000       0.0000       0.0000       0.0000      4.12500E-02   5.0352    
  4692.256882       1.0000       0.0000       0.0000       0.0000       0.0000      4.22208E-02   5.0369    
  4692.513763       1.0000       0.0000       0.0000       0.0000       0.0000      4.77912E-02   5.0473    
  4693.000000       1.0000       0.0000       0.0000       0.0000       0.0000      6.09064E-02   5.0768    
  4693.000000       1.0000       0.0000       0.0000       0.0000       0.0000      6.09065E-02   5.0768    
  4693.205505       1.0000       0.0000       0.0000       0.0000       0.0000      6.66822E-02   5.0921    
  4693.411010       1.0000       0.0000       0.0000       0.0000       0.0000      7.26299E-02   5.1092    
  4693.822021       1.0000       0.0000       0.0000       0.0000       0.0000      8.50469E-02   5.1498    
  4694.000000       1.0000       0.0000       0.0000       0.0000       0.0000      9.05142E-02   5.1697    
  4694.000000       1.0000       0.0000       0.0000       0.0000       0.0000      9.05142E-02   5.1697    
  4694.328808       1.0000       0.0000       0.0000       0.0000       0.0000      0.10060       5.2096    
  4694.657617       1.0000       0.0000       0.0000       0.0000       0.0000      0.11066       5.2536    
  4695.000000       1.0000       0.0000       0.0000       0.0000       0.0000      0.12109       5.3037    
  4695.000000       1.0000       0.0000       0.0000       0.0000       0.0000      0.12109       5.3037    
  4695.263047       1.0000       0.0000       0.0000       0.0000       0.0000      0.12898       5.3446    
  4695.526093       1.0000       0.0000       0.0000       0.0000       0.0000      0.13671       5.3872    
  4696.000000       1.0000       0.0000       0.0000       0.0000       0.0000      0.14936       5.4623    
  4696.000000       1.0000       0.0000       0.0000       0.0000       0.0000      0.14936       5.4623    
  4696.026105       1.0000       0.0000       0.0000       0.0000       0.0000      0.14984       5.4653    
  4696.052211       1.0000       0.0000       0.0000       0.0000       0.0000      0.15026       5.4679    
  4696.104422       1.0000       0.0000       0.0000       0.0000       0.0000      0.15091       5.4719    
  4696.104422       1.0000       0.0000       0.0000       0.0000       0.0000      0.15091       5.4719    
  4696.125306       1.0000       0.0000       0.0000       0.0000       0.0000      0.15114       5.4733    
  4696.146190       1.0000       0.0000       0.0000       0.0000       0.0000      0.15134       5.4746    
  4696.187959       1.0000       0.0000       0.0000       0.0000       0.0000      0.15167       5.4767    
  4696.271496       1.0000       0.0000       0.0000       0.0000       0.0000      0.15145       5.4753    
  4696.438571       1.0000       0.0000       0.0000       0.0000       0.0000      0.14889       5.4594    
  4696.772720       1.0000       0.0000       0.0000       0.0000       0.0000      0.13584       5.3823    
  4696.818176       1.0000       0.0000       0.0000       0.0000       0.0000      0.13374       5.3705    
  4696.909088       1.0000       0.0000       0.0000       0.0000       0.0000      0.12853       5.3422    
  4697.000000       1.0000       0.0000       0.0000       0.0000       0.0000      0.12274       5.3121    
  4697.000000       1.0000       0.0000       0.0000       0.0000       0.0000      0.12274       5.3121    
  4697.004461       1.0000       0.0000       0.0000       0.0000       0.0000      0.12245       5.3106    
  4697.008921       1.0000       0.0000       0.0000       0.0000       0.0000      0.12217       5.3092    
  4697.013149       1.0000       0.0000       0.0000       0.0000       0.0000      0.12190       5.3078    
  4697.017907       1.0000       0.0000       0.0000       0.0000       0.0000      0.12159       5.3062    
  4697.023074       1.0000       0.0000       0.0000       0.0000       0.0000      0.12125       5.3045    
  4697.029092       1.0000       0.0000       0.0000       0.0000       0.0000      0.12085       5.3025    
  4697.036243       1.0000       0.0000       0.0000       0.0000       0.0000      0.12038       5.3002    
  4697.045507       1.0000       0.0000       0.0000       0.0000       0.0000      0.11975       5.2971    
  4697.060682       1.0000       0.0000       0.0000       0.0000       0.0000      0.11872       5.2919    
  4697.076057       1.0000       0.0000       0.0000       0.0000       0.0000      0.11766       5.2867    
  4697.092711       1.0000       0.0000       0.0000       0.0000       0.0000      0.11649       5.2811    
  4697.109222       1.0000       0.0000       0.0000       0.0000       0.0000      0.11532       5.2754    
  4697.127327       1.0000       0.0000       0.0000       0.0000       0.0000      0.11401       5.2692    
  4697.127327       1.0000       0.0000       0.0000       0.0000       0.0000      0.11401       5.2692    
  4697.130709       1.0000       0.0000       0.0000       0.0000       0.0000      0.11377       5.2681    
  4697.134091       1.0000       0.0000       0.0000       0.0000       0.0000      0.11353       5.2669    
  4697.140855       1.0000       0.0000       0.0000       0.0000       0.0000      0.11303       5.2646    
  4697.154383       1.0000       0.0000       0.0000       0.0000       0.0000      0.11204       5.2600    
  4697.175577       1.0000       0.0000       0.0000       0.0000       0.0000      0.11047       5.2528    
  4697.180235       1.0000       0.0000       0.0000       0.0000       0.0000      0.11013       5.2512    
  4697.189553       1.0000       0.0000       0.0000       0.0000       0.0000      0.10943       5.2480    
  4697.193280       1.0000       0.0000       0.0000       0.0000       0.0000      0.10915       5.2467    
  4697.200734       1.0000       0.0000       0.0000       0.0000       0.0000      0.10859       5.2442    
  4697.215642       1.0000       0.0000       0.0000       0.0000       0.0000      0.10754       5.2395    
  4697.245380       1.0000       0.0000       0.0000       0.0000       0.0000      0.10546       5.2303    
  4697.280250       1.0000       0.0000       0.0000       0.0000       0.0000      0.10304       5.2199    
  4697.326977       1.0000       0.0000       0.0000       0.0000       0.0000      9.98061E-02   5.2063    
  4697.384277       1.0000       0.0000       0.0000       0.0000       0.0000      9.58380E-02   5.1902    
  4697.460941       1.0000       0.0000       0.0000       0.0000       0.0000      9.09624E-02   5.1713    
  4697.565750       1.0000       0.0000       0.0000       0.0000       0.0000      8.46039E-02   5.1482    
  4697.723028       1.0000       0.0000       0.0000       0.0000       0.0000      7.63229E-02   5.1206    
  4697.946924       1.0000       0.0000       0.0000       0.0000       0.0000      6.69442E-02   5.0928    
  4698.000000       1.0000       0.0000       0.0000       0.0000       0.0000      6.49006E-02   5.0872    
  4698.000000       1.0000       0.0000       0.0000       0.0000       0.0000      6.49006E-02   5.0872    
  4698.010822       1.0000       0.0000       0.0000       0.0000       0.0000      6.45376E-02   5.0862    
  4698.021645       1.0000       0.0000       0.0000       0.0000       0.0000      6.41869E-02   5.0853    
  4698.043289       1.0000       0.0000       0.0000       0.0000       0.0000      6.35262E-02   5.0836    
  4698.086579       1.0000       0.0000       0.0000       0.0000       0.0000      6.23211E-02   5.0804    
  4698.173157       1.0000       0.0000       0.0000       0.0000       0.0000      6.02031E-02   5.0750    
  4698.346314       1.0000       0.0000       0.0000       0.0000       0.0000       0.0000       0.0000    
  4698.572309       1.0000       0.0000       0.0000       0.0000       0.0000       0.0000       0.0000    
  4698.873218       1.0000       0.0000       0.0000       0.0000       0.0000       0.0000       0.0000    
  4699.000000       1.0000       0.0000       0.0000       0.0000       0.0000       0.0000       0.0000    
  4699.000000       1.0000       0.0000       0.0000       0.0000       0.0000       0.0000       0.0000    
  4699.138526       1.0000       0.0000       0.0000       0.0000       0.0000       0.0000       0.0000    
  4699.277051       1.0000       0.0000       0.0000       0.0000       0.0000       0.0000       0.0000    
  4699.554103       1.0000       0.0000       0.0000       0.0000       0.0000       0.0000       0.0000    
  4700.000000       1.0000       0.0000       0.0000       0.0000       0.0000       0.0000       0.0000    
  4700.000000       1.0000       0.0000       0.0000       0.0000       0.0000       0.0000       0.0000    
  4700.221641       1.0000       0.0000       0.0000       0.0000       0.0000       0.0000       0.0000    
  4700.443282       1.0000       0.0000       0.0000       0.0000       0.0000       0.0000       0.0000    
  4700.886565       1.0000       0.0000       0.0000       0.0000       0.0000       0.0000       0.0000    
  4701.000000       1.0000       0.0000       0.0000       0.0000       0.0000       0.0000       0.0000    
  4701.000000       1.0000       0.0000       0.0000       0.0000       0.0000       0.0000       0.0000    
  4701.354626       1.0000       0.0000       0.0000       0.0000       0.0000       0.0000       0.0000    
  4701.709252       1.0000       0.0000       0.0000       0.0000       0.0000       0.0000       0.0000    
  4701.848517       1.0000       0.0000       0.0000       0.0000       0.0000       0.0000       0.0000    
  4701.848517       1.0000       0.0000       0.0000       0.0000       0.0000       0.0000       0.0000    
  4701.924259       1.0000       0.0000       0.0000       0.0000       0.0000       0.0000       0.0000    
  4702.000000       1.0000       0.0000       0.0000       0.0000       0.0000       0.0000       0.0000    
  4702.000000       1.0000       0.0000       0.0000       0.0000       0.0000       0.0000       0.0000    
  4702.060593       1.0000       0.0000       0.0000       0.0000       0.0000       0.0000       0.0000    
  4702.121186       1.0000       0.0000       0.0000       0.0000       0.0000       0.0000       0.0000    
  4702.242372       1.0000       0.0000       0.0000       0.0000       0.0000       0.0000       0.0000    
  4702.319484       1.0000       0.0000       0.0000       0.0000       0.0000       0.0000       0.0000    
  4702.319484       1.0000       0.0000       0.0000       0.0000       0.0000       0.0000       0.0000    
  4702.416433       1.0000       0.0000       0.0000       0.0000       0.0000       0.0000       0.0000    
  4702.513382       1.0000       0.0000       0.0000       0.0000       0.0000       0.0000       0.0000    
  4702.637292       1.0000       0.0000       0.0000       0.0000       0.0000       0.0000       0.0000    
  4702.791747       1.0000       0.0000       0.0000       0.0000       0.0000       0.0000       0.0000    
  4703.000000       1.0000       0.0000       0.0000       0.0000       0.0000       0.0000       0.0000    
