#      time         order        q_cool       q_equip      q_heat       q_light      q_loss       q_occ        qintw        ql_a         qventil      qwcb         qwind     
  336.0000000       1.0000       0.0000       0.0000       2595.5       0.0000       0.0000       0.0000       213.41      -64.509      -132.35      -1625.5      -986.52    
  336.0277111       1.0000       0.0000       0.0000       2597.3       0.0000       0.0000       0.0000       212.32      -64.526      -132.35      -1626.0      -986.74    
  336.0554222       1.0000       0.0000       0.0000       2599.1       0.0000       0.0000       0.0000       211.23      -64.543      -132.35      -1626.4      -986.95    
  336.0682198       1.0000       0.0000       0.0000       2599.9       0.0000       0.0000       0.0000       210.73      -64.550      -132.35      -1626.6      -987.05    
  336.0682198       1.0000       0.0000       0.0000       2599.9       0.0000       0.0000       0.0000       210.73      -64.550      -132.35      -1626.6      -987.05    
  336.0903887       1.0000       0.0000       0.0000       2601.3       0.0000       0.0000       0.0000       209.87      -64.559      -132.35      -1627.0      -987.22    
  336.1125575       1.0000       0.0000       0.0000       2602.7       0.0000       0.0000       0.0000       209.02      -64.567      -132.35      -1627.4      -987.39    
  336.1568953       1.0000       0.0000       0.0000       2605.4       0.0000       0.0000       0.0000       207.34      -64.584      -132.35      -1628.1      -987.71    
  336.2455708       1.0000       0.0000       0.0000       2610.8       0.0000       0.0000       0.0000       204.03      -64.618      -132.35      -1629.5      -988.33    
  336.4229219       1.0000       0.0000       0.0000       2621.0       0.0000       0.0000       0.0000       197.82      -64.685      -132.35      -1632.4      -989.40    
  336.7776240       1.0000       0.0000       0.0000       2640.1       0.0000       0.0000       0.0000       186.54      -64.822      -132.36      -1638.1      -991.33    
  337.0000000       1.0000       0.0000       0.0000       2651.5       0.0000       0.0000       0.0000       179.90      -64.908      -132.36      -1641.7      -992.50    
  337.0000000       1.0000       0.0000       0.0000       2651.5       0.0000       0.0000       0.0000       179.90      -64.908      -132.36      -1641.7      -992.50    
  337.2837617       1.0000       0.0000       0.0000       2665.4       0.0000       0.0000       0.0000       172.05      -64.994      -132.36      -1646.2      -993.82    
  337.5675234       1.0000       0.0000       0.0000       2678.5       0.0000       0.0000       0.0000       164.75      -65.075      -132.36      -1650.8      -995.01    
  338.0000000       1.0000       0.0000       0.0000       2697.2       0.0000       0.0000       0.0000       154.72      -65.198      -132.36      -1657.7      -996.70    
  338.0000000       1.0000       0.0000       0.0000       2697.2       0.0000       0.0000       0.0000       154.72      -65.198      -132.36      -1657.7      -996.70    
  338.2270094       1.0000       0.0000       0.0000       2706.8       0.0000       0.0000       0.0000       149.74      -65.264      -132.36      -1661.3      -997.56    
  338.4540187       1.0000       0.0000       0.0000       2716.0       0.0000       0.0000       0.0000       145.02      -65.329      -132.36      -1664.9      -998.43    
  338.9080375       1.0000       0.0000       0.0000       2733.6       0.0000       0.0000       0.0000       136.47      -65.461      -132.36      -1672.1      -1000.1    
  339.0000000       1.0000       0.0000       0.0000       2737.1       0.0000       0.0000       0.0000       134.77      -65.488      -132.36      -1673.5      -1000.5    
  339.0000000       1.0000       0.0000       0.0000       2737.1       0.0000       0.0000       0.0000       134.77      -65.488      -132.36      -1673.5      -1000.5    
  339.3632150       1.0000       0.0000       0.0000       2750.1       0.0000       0.0000       0.0000       128.57      -65.562      -132.36      -1679.2      -1001.6    
  339.7264300       1.0000       0.0000       0.0000       2762.6       0.0000       0.0000       0.0000       122.81      -65.630      -132.36      -1684.8      -1002.6    
  340.0000000       1.0000       0.0000       0.0000       2771.6       0.0000       0.0000       0.0000       118.70      -65.682      -132.36      -1688.9      -1003.3    
  340.0000000       1.0000       0.0000       0.0000       2771.6       0.0000       0.0000       0.0000       118.70      -65.682      -132.36      -1688.9      -1003.3    
  340.2001218       1.0000       0.0000       0.0000       2777.7       0.0000       0.0000       0.0000       115.81      -65.663      -132.36      -1692.0      -1003.5    
  340.4002436       1.0000       0.0000       0.0000       2783.4       0.0000       0.0000       0.0000       113.02      -65.616      -132.36      -1695.0      -1003.4    
  340.4264857       1.0000       0.0000       0.0000       2784.1       0.0000       0.0000       0.0000       112.66      -65.610      -132.36      -1695.4      -1003.4    
  340.4789699       1.0000       0.0000       0.0000       2785.5       0.0000       0.0000       0.0000       111.94      -65.598      -132.36      -1696.2      -1003.3    
  340.4789699       1.0000       0.0000       0.0000       2785.5       0.0000       0.0000       0.0000       111.94      -65.598      -132.36      -1696.2      -1003.3    
  340.6390673       1.0000       0.0000       0.0000       2789.7       0.0000       0.0000       0.0000       109.80      -65.562      -132.36      -1698.6      -1003.0    
  340.7991647       1.0000       0.0000       0.0000       2793.7       0.0000       0.0000       0.0000       107.72      -65.526      -132.37      -1700.9      -1002.6    
  341.0000000       1.0000       0.0000       0.0000       2798.6       0.0000       0.0000       0.0000       105.21      -65.482      -132.37      -1703.9      -1002.1    
  341.0000000       1.0000       0.0000       0.0000       2798.6       0.0000       0.0000       0.0000       105.21      -65.482      -132.37      -1703.9      -1002.1    
  341.0334978       1.0000       0.0000       0.0000       2799.4       0.0000       0.0000       0.0000       104.79      -65.475      -132.37      -1704.4      -1002.0    
  341.0669955       1.0000       0.0000       0.0000       2800.2       0.0000       0.0000       0.0000       104.37      -65.468      -132.37      -1704.9      -1001.9    
  341.0986329       1.0000       0.0000       0.0000       2801.0       0.0000       0.0000       0.0000       103.98      -65.444      -132.37      -1705.3      -1001.8    
  341.1209903       1.0000       0.0000       0.0000       2801.5       0.0000       0.0000       0.0000       103.71      -65.427      -132.37      -1705.7      -1001.7    
  341.1405617       1.0000       0.0000       0.0000       2801.9       0.0000       0.0000       0.0000       103.47      -65.413      -132.37      -1705.9      -1001.6    
  341.1612116       1.0000       0.0000       0.0000       2802.3       0.0000       0.0000       0.0000       103.22      -65.397      -132.37      -1706.2      -1001.5    
  341.1798055       1.0000       0.0000       0.0000       2802.7       0.0000       0.0000       0.0000       103.00      -65.383      -132.37      -1706.5      -1001.4    
  341.1984890       1.0000       0.0000       0.0000       2803.1       0.0000       0.0000       0.0000       102.77      -65.369      -132.37      -1706.8      -1001.3    
  341.2164927       1.0000       0.0000       0.0000       2803.4       0.0000       0.0000       0.0000       102.56      -65.355      -132.37      -1707.0      -1001.2    
  341.2347019       1.0000       0.0000       0.0000       2803.8       0.0000       0.0000       0.0000       102.34      -65.342      -132.37      -1707.3      -1001.1    
  341.2529417       1.0000       0.0000       0.0000       2804.2       0.0000       0.0000       0.0000       102.12      -65.328      -132.37      -1707.6      -1001.0    
  341.2719537       1.0000       0.0000       0.0000       2804.5       0.0000       0.0000       0.0000       101.89      -65.314      -132.37      -1707.8      -1000.9    
  341.2926427       1.0000       0.0000       0.0000       2804.9       0.0000       0.0000       0.0000       101.65      -65.298      -132.37      -1708.1      -1000.8    
  341.3153501       1.0000       0.0000       0.0000       2805.4       0.0000       0.0000       0.0000       101.38      -65.281      -132.37      -1708.5      -1000.6    
  341.3408346       1.0000       0.0000       0.0000       2805.8       0.0000       0.0000       0.0000       101.08      -65.262      -132.37      -1708.8      -1000.4    
  341.3695986       1.0000       0.0000       0.0000       2806.4       0.0000       0.0000       0.0000       100.74      -65.241      -132.37      -1709.3      -1000.2    
  341.4029150       1.0000       0.0000       0.0000       2806.9       0.0000       0.0000       0.0000       100.35      -65.216      -132.37      -1709.7      -999.98    
  341.4420061       1.0000       0.0000       0.0000       2807.6       0.0000       0.0000       0.0000       99.889      -65.187      -132.37      -1710.3      -999.67    
  341.4891999       1.0000       0.0000       0.0000       2808.4       0.0000       0.0000       0.0000       99.342      -65.152      -132.37      -1711.0      -999.27    
  341.5478014       1.0000       0.0000       0.0000       2809.4       0.0000       0.0000       0.0000       98.668      -65.109      -132.37      -1711.8      -998.77    
  341.6239840       1.0000       0.0000       0.0000       2810.6       0.0000       0.0000       0.0000       97.802      -65.053      -132.37      -1712.9      -998.09    
  341.7273979       1.0000       0.0000       0.0000       2812.2       0.0000       0.0000       0.0000       96.642      -64.978      -132.37      -1714.3      -997.13    
  341.8824781       1.0000       0.0000       0.0000       2814.4       0.0000       0.0000      1.18744E-06   94.943      -64.866      -132.37      -1716.5      -995.64    
  342.0000000       1.0000       0.0000       0.0000       2816.1       0.0000       0.0000      2.88736E-06   93.677      -64.782      -132.37      -1718.1      -994.50    
  342.0000000       1.0000       0.0000       0.0000       2816.1       0.0000       0.0000      2.88375E-06   93.677      -64.782      -132.37      -1718.1      -994.50    
  342.0253099       1.0000       0.0000       0.0000       2816.4       0.0000       0.0000      3.97859E-06   93.405      -64.764      -132.37      -1718.4      -994.26    
  342.0506198       1.0000       0.0000       0.0000       2816.8       0.0000       0.0000      5.07346E-06   93.134      -64.745      -132.37      -1718.8      -994.01    
  342.1012396       1.0000       0.0000       0.0000       2817.3       0.0000       0.0000      7.26326E-06   92.594      -64.673      -132.37      -1719.4      -993.44    
  342.2024792       1.0000       0.0000       0.0000       2818.2       0.0000       0.0000      1.17147E-05   91.541      -64.491      -132.37      -1720.8      -992.05    
  342.4049584       1.0000       0.0000       0.0000       2818.8       0.0000       0.0000      2.64599E-05   89.469      -64.131      -132.38      -1723.4      -988.35    
  342.8099168       1.0000       0.0000       0.0000       2818.4       0.0000       0.0000      7.37079E-05   85.419      -63.422      -132.38      -1728.4      -979.60    
  343.0000000       1.0000       0.0000       0.0000       2817.9       0.0000       0.0000      1.03890E-04   83.556      -63.107      -132.38      -1730.7      -975.31    
  343.0000000       1.0000       0.0000       0.0000       2817.9       0.0000       0.0000      1.03890E-04   83.555      -63.107      -132.38      -1730.7      -975.31    
  343.0343945       1.0000       0.0000       0.0000       7741.5       0.0000       0.0000      1.09325E-04  -1413.3      -65.390      -210.65      -2545.0      -1138.9    
  343.0687890       1.0000       0.0000       0.0000       7503.2       0.0000       0.0000      1.14777E-04  -1652.6      -67.009      -266.68      -2667.5      -1154.1    
  343.1011679       1.0000       0.0000       0.0000       5871.1       0.0000       0.0000      1.19958E-04  -1377.3      -67.438      -282.92      -2510.4      -1111.3    
  343.1334259       1.0000       0.0000       0.0000       4680.6       0.0000       0.0000      1.25081E-04  -1080.6      -67.231      -277.87      -2347.9      -1069.6    
  343.1754230       1.0000       0.0000       0.0000       4323.0       0.0000       0.0000      1.31752E-04  -933.00      -66.840      -267.28      -2271.4      -1047.1    
  343.2405886       1.0000       0.0000       0.0000       4518.6       0.0000       0.0000      1.40931E-04  -936.77      -66.597      -262.97      -2279.0      -1042.0    
  343.3211551       1.0000       0.0000       0.0000       4604.5       0.0000       0.0000      1.51403E-04  -940.89      -66.476      -263.70      -2286.3      -1037.8    
  343.4506229       1.0000       0.0000       0.0000       4536.6       0.0000       0.0000      1.66771E-04  -899.91      -66.263      -264.29      -2272.4      -1029.0    
  343.6546876       1.0000       0.0000       0.0000       4435.4       0.0000       0.0000      1.85827E-04  -834.42      -65.896      -264.28      -2251.6      -1019.3    
  344.0000000       1.0000       0.0000       0.0000       4306.9       0.0000       0.0000      2.05000E-04  -742.12      -65.266      -264.23      -2227.1      -1008.2    
  344.0000000       1.0000       0.0000       0.0000       4306.9       0.0000       0.0000      2.05000E-04  -742.12      -65.266      -264.23      -2227.1      -1008.2    
  344.0275156       1.0000       0.0000       0.0000       4296.9       0.0000       0.0000      2.05399E-04  -734.92      -65.216      -264.23      -2225.3      -1007.4    
  344.0550312       1.0000       0.0000       0.0000       4287.1       0.0000       0.0000      2.05798E-04  -727.83      -65.166      -264.23      -2223.5      -1006.6    
  344.1100624       1.0000       0.0000       0.0000       4268.3       0.0000       0.0000      2.06596E-04  -714.04      -65.074      -264.22      -2220.0      -1005.0    
  344.2201247       1.0000       0.0000       0.0000       4232.7       0.0000       0.0000      2.07900E-04  -687.69      -64.894      -264.22      -2213.9      -1002.1    
  344.4402494       1.0000       0.0000       0.0000       4169.6       0.0000       0.0000      2.07910E-04  -640.42      -64.532      -264.20      -2203.6      -996.94    
  344.8804989       1.0000       0.0000       0.0000       4065.3       0.0000       0.0000      2.07924E-04  -562.14      -63.805      -264.18      -2188.0      -987.17    
  345.0000000       1.0000       0.0000       0.0000       4038.5       0.0000       0.0000      2.07928E-04  -542.14      -63.607      -264.18      -2184.1      -984.55    
  345.0000000       1.0000       0.0000       0.0000       4038.5       0.0000       0.0000      2.07928E-04  -542.14      -63.607      -264.18      -2184.1      -984.55    
  345.3521996       1.0000       0.0000       0.0000       3970.2       0.0000       0.0000      2.07935E-04  -491.31      -63.078      -264.17      -2174.3      -977.31    
  345.7043991       1.0000       0.0000       0.0000       3910.1       0.0000       0.0000      2.07940E-04  -447.40      -62.561      -264.16      -2165.7      -970.35    
  346.0000000       1.0000       0.0000       0.0000       3864.6       0.0000       0.0000      2.07943E-04  -414.75      -62.126      -264.15      -2159.0      -964.59    
  346.0000000       1.0000       0.0000       0.0000       3864.6       0.0000       0.0000      2.07943E-04  -414.75      -62.126      -264.15      -2159.0      -964.59    
  346.2817596       1.0000       0.0000       0.0000       3825.2       0.0000       0.0000      2.07946E-04  -386.56      -61.816      -264.15      -2152.8      -959.84    
  346.5635193       1.0000       0.0000       0.0000       3787.8       0.0000       0.0000      2.07948E-04  -359.89      -61.540      -264.15      -2146.6      -955.65    
  347.0000000       1.0000       0.0000       0.0000       3737.4       0.0000       0.0000      2.07950E-04  -325.16      -61.111      -264.14      -2137.3      -949.73    
  347.0000000       1.0000       0.0000       0.0000       3737.4       0.0000       0.0000      2.07950E-04  -325.16      -61.111      -264.14      -2137.3      -949.73    
  347.2254077       1.0000       0.0000       0.0000       3713.4       0.0000       0.0000      2.07951E-04  -308.81      -60.920      -264.14      -2132.6      -946.95    
  347.4508154       1.0000       0.0000       0.0000       3691.0       0.0000       0.0000      2.07952E-04  -293.86      -60.743      -264.13      -2127.9      -944.39    
  347.9016308       1.0000       0.0000       0.0000       3651.2       0.0000       0.0000      2.07953E-04  -268.39      -60.388      -264.13      -2118.7      -939.61    
  348.0000000       1.0000       0.0000       0.0000       3642.7       0.0000       0.0000      2.07953E-04  -263.04      -60.310      -264.13      -2116.7      -938.58    
  348.0000000       1.0000       0.0000       0.0000       3642.7       0.0000       0.0000      2.07953E-04  -263.04      -60.310      -264.13      -2116.7      -938.58    
  348.3606523       1.0000       0.0000       0.0000       3614.8       0.0000       0.0000      2.07953E-04  -245.68      -60.113      -264.12      -2109.3      -935.51    
  348.7213047       1.0000       0.0000       0.0000       3589.3       0.0000       0.0000      2.07954E-04  -230.25      -59.935      -264.12      -2102.0      -932.92    
  349.0000000       1.0000       0.0000       0.0000       3570.7       0.0000       0.0000      2.07954E-04  -219.33      -59.798      -264.12      -2096.4      -931.06    
  349.0000000       1.0000       0.0000       0.0000       3570.7       0.0000       0.0000      2.07954E-04  -219.33      -59.798      -264.12      -2096.4      -931.06    
  349.2885219       1.0000       0.0000       0.0000       3553.4       0.0000       0.0000      2.07954E-04  -208.97      -59.764      -264.12      -2090.6      -929.96    
  349.5770437       1.0000       0.0000       0.0000       3537.6       0.0000       0.0000      2.07954E-04  -199.43      -59.764      -264.12      -2084.8      -929.49    
  350.0000000       1.0000       0.0000       0.0000       3516.5       0.0000       0.0000      2.07954E-04  -186.92      -59.764      -264.11      -2076.3      -929.37    
  350.0000000       1.0000       0.0000       0.0000       3516.5       0.0000       0.0000      2.07954E-04  -186.92      -59.764      -264.11      -2076.3      -929.37    
  350.2308175       1.0000       0.0000       0.0000       3506.2       0.0000       0.0000      2.07954E-04  -180.50      -59.860      -264.11      -2071.8      -929.98    
  350.4616350       1.0000       0.0000       0.0000       3497.0       0.0000       0.0000      2.07954E-04  -174.42      -59.997      -264.11      -2067.2      -931.22    
  350.9232700       1.0000       0.0000       0.0000       3480.9       0.0000       0.0000      2.07954E-04  -163.46      -60.270      -264.11      -2058.4      -934.65    
  351.0000000       1.0000       0.0000       0.0000       3478.2       0.0000       0.0000      2.07954E-04  -161.67      -60.316      -264.11      -2056.9      -935.24    
  351.0000000       1.0000       0.0000       0.0000       3478.2       0.0000       0.0000      2.07954E-04  -161.67      -60.316      -264.11      -2056.9      -935.24    
  351.3693080       1.0000       0.0000       0.0000       3467.2       0.0000       0.0000      2.07955E-04  -153.70      -60.594      -264.11      -2050.0      -938.74    
  351.7386160       1.0000       0.0000       0.0000       3457.3       0.0000       0.0000      2.07955E-04  -146.30      -60.885      -264.11      -2043.3      -942.62    
  352.0000000       1.0000       0.0000       0.0000       3450.7       0.0000       0.0000      2.07955E-04  -141.32      -61.091      -264.11      -2038.7      -945.46    
  352.0000000       1.0000       0.0000       0.0000       3450.7       0.0000       0.0000      2.07955E-04  -141.32      -61.091      -264.11      -2038.7      -945.46    
  352.2954464       1.0000       0.0000       0.0000       3444.2       0.0000       0.0000      2.07955E-04  -135.98      -61.369      -264.10      -2033.7      -949.03    
  352.5908928       1.0000       0.0000       0.0000       3438.3       0.0000       0.0000      2.07955E-04  -130.90      -61.660      -264.10      -2028.8      -952.88    
  353.0000000       1.0000       0.0000       0.0000       3431.3       0.0000       0.0000      2.05066E-04  -124.32      -62.064      -264.10      -2022.4      -958.42    
  353.0000000       1.0000       0.0000       0.0000       3431.3       0.0000       0.0000      2.05066E-04  -124.32      -62.064      -264.10      -2022.4      -958.42    
  353.2363571       1.0000       0.0000       0.0000       3428.1       0.0000       0.0000      1.93776E-04  -120.64      -62.380      -264.10      -2018.8      -962.17    
  353.4727142       1.0000       0.0000       0.0000       3425.7       0.0000       0.0000      1.74610E-04  -117.09      -62.729      -264.10      -2015.3      -966.43    
  353.9454285       1.0000       0.0000       0.0000       3422.6       0.0000       0.0000      1.12646E-04  -110.39      -63.429      -264.10      -2009.0      -975.72    
  354.0000000       1.0000       0.0000       0.0000       3422.4       0.0000       0.0000      1.03977E-04  -109.68      -63.509      -264.10      -2008.3      -976.82    
  354.0000000       1.0000       0.0000       0.0000       3422.4       0.0000       0.0000      1.03977E-04  -109.68      -63.509      -264.10      -2008.3      -976.82    
  354.0046237       1.0000       0.0000       0.0000       1843.7       0.0000       0.0000      1.03243E-04   259.50      -63.389      -259.85      -1802.3      -933.59    
  354.0092474       1.0000       0.0000       0.0000       364.75       0.0000       0.0000      1.02508E-04   627.11      -63.155      -251.80      -1598.6      -890.98    
  354.0134995       1.0000       0.0000       0.0000       0.0000       0.0000       0.0000      1.01833E-04   750.22      -62.920      -243.76      -1532.6      -877.49    
  354.0183217       1.0000       0.0000       0.0000       0.0000       0.0000       0.0000      1.01067E-04   796.22      -62.666      -235.03      -1509.8      -873.30    
  354.0235101       1.0000       0.0000       0.0000       0.0000       0.0000       0.0000      1.00243E-04   842.41      -62.405      -226.05      -1486.5      -869.17    
  354.0295713       1.0000       0.0000       0.0000       0.0000       0.0000       0.0000      9.92798E-05   892.32      -62.115      -216.08      -1460.2      -864.79    
  354.0367419       1.0000       0.0000       0.0000       0.0000       0.0000       0.0000      9.81407E-05   946.27      -61.793      -204.98      -1430.8      -860.18    
  354.0460348       1.0000       0.0000       0.0000       0.0000       0.0000       0.0000      9.66645E-05   1008.8      -61.407      -191.63      -1396.0      -855.05    
  354.0614277       1.0000       0.0000       0.0000       0.0000       0.0000       0.0000      9.42193E-05   1096.0      -60.840      -171.94      -1345.9      -848.39    
  354.0775703       1.0000       0.0000       0.0000       0.0000       0.0000       0.0000      9.16549E-05   1173.3      -60.310      -153.57      -1300.4      -843.03    
  354.0952626       1.0000       0.0000       0.0000       0.0000       0.0000       0.0000      8.88444E-05   1245.5      -59.797      -135.79      -1257.4      -838.69    
  354.1127914       1.0000       0.0000       0.0000       0.0000       0.0000       0.0000      8.60599E-05   1298.7      -59.343      -120.01      -1220.7      -835.62    
  354.1321187       1.0000       0.0000       0.0000       445.40       0.0000       0.0000      8.29897E-05   1232.3      -59.037      -109.08      -1251.0      -846.89    
  354.1528605       1.0000       0.0000       0.0000       1614.6       0.0000       0.0000      7.96948E-05   953.63      -59.127      -111.33      -1402.2      -882.99    
  354.1761060       1.0000       0.0000       0.0000       2294.9       0.0000       0.0000      7.60021E-05   759.74      -59.455      -121.45      -1510.9      -909.67    
  354.2020698       1.0000       0.0000       0.0000       2350.2       0.0000       0.0000      7.19374E-05   709.38      -59.787      -131.58      -1542.6      -919.53    
  354.2319999       1.0000       0.0000       0.0000       2031.5       0.0000       0.0000      6.80474E-05   763.29      -59.962      -136.35      -1515.8      -916.76    
  354.2670234       1.0000       0.0000       0.0000       1731.1       0.0000       0.0000      6.34953E-05   831.60      -59.977      -135.58      -1478.4      -911.79    
  354.3090897       1.0000       0.0000       0.0000       1653.8       0.0000       0.0000      5.80279E-05   853.71      -59.947      -133.06      -1464.8      -911.93    
  354.3608224       1.0000       0.0000       0.0000       1720.8       0.0000       0.0000      5.13041E-05   836.68      -59.968      -131.89      -1472.6      -916.55    
  354.4274250       1.0000       0.0000       0.0000       1785.5       0.0000       0.0000      4.34398E-05   813.80      -60.044      -132.01      -1483.6      -921.66    
  354.5171731       1.0000       0.0000       0.0000       1818.2       0.0000       0.0000      3.43672E-05   794.23      -60.148      -132.24      -1491.5      -925.86    
  354.6460647       1.0000       0.0000       0.0000       1857.9       0.0000       0.0000      2.26682E-05   765.49      -60.289      -132.26      -1500.6      -930.00    
  354.8494441       1.0000       0.0000       0.0000       1921.9       0.0000       0.0000      9.41092E-06   719.08      -60.509      -132.26      -1513.6      -934.65    
  355.0000000       1.0000       0.0000       0.0000       1962.3       0.0000       0.0000      2.88826E-06   689.55      -60.673      -132.28      -1521.5      -937.35    
  355.0000000       1.0000       0.0000       0.0000       1962.3       0.0000       0.0000      2.88826E-06   689.55      -60.673      -132.28      -1521.5      -937.35    
  355.0034017       1.0000       0.0000       0.0000       1963.3       0.0000       0.0000      2.83913E-06   688.88      -60.677      -132.28      -1521.6      -937.41    
  355.0068033       1.0000       0.0000       0.0000       1964.2       0.0000       0.0000      2.79001E-06   688.22      -60.681      -132.28      -1521.8      -937.48    
  355.0136067       1.0000       0.0000       0.0000       1966.0       0.0000       0.0000      2.69176E-06   686.89      -60.688      -132.28      -1522.2      -937.59    
  355.0272133       1.0000       0.0000       0.0000       1969.5       0.0000       0.0000      2.49526E-06   684.24      -60.703      -132.28      -1522.9      -937.83    
  355.0544266       1.0000       0.0000       0.0000       1976.6       0.0000       0.0000      2.10227E-06   678.99      -60.732      -132.28      -1524.2      -938.28    
  355.1088533       1.0000       0.0000       0.0000       1990.4       0.0000       0.0000      1.31628E-06   668.60      -60.783      -132.28      -1526.8      -939.13    
  355.2177065       1.0000       0.0000       0.0000       2016.9       0.0000       0.0000       0.0000       648.46      -60.880      -132.29      -1531.5      -940.62    
  355.4354131       1.0000       0.0000       0.0000       2065.7       0.0000       0.0000       0.0000       610.40      -61.074      -132.29      -1539.5      -943.25    
  355.8708262       1.0000       0.0000       0.0000       2150.1       0.0000       0.0000       0.0000       543.80      -61.460      -132.30      -1552.1      -948.02    
  356.0000000       1.0000       0.0000       0.0000       2174.3       0.0000       0.0000       0.0000       524.64      -61.575      -132.31      -1555.6      -949.42    
  356.0000000       1.0000       0.0000       0.0000       2174.3       0.0000       0.0000       0.0000       524.64      -61.575      -132.31      -1555.6      -949.42    
  356.3483305       1.0000       0.0000       0.0000       2232.6       0.0000       0.0000       0.0000       478.57      -61.885      -132.31      -1563.8      -953.17    
  356.6966609       1.0000       0.0000       0.0000       2285.2       0.0000       0.0000       0.0000       437.42      -62.194      -132.32      -1571.1      -956.94    
  357.0000000       1.0000       0.0000       0.0000       2327.1       0.0000       0.0000       0.0000       405.02      -62.463      -132.33      -1577.0      -960.26    
  357.0000000       1.0000       0.0000       0.0000       2327.1       0.0000       0.0000       0.0000       405.02      -62.463      -132.33      -1577.0      -960.26    
  357.2786644       1.0000       0.0000       0.0000       2362.0       0.0000       0.0000       0.0000       378.01      -62.669      -132.33      -1582.0      -963.05    
  357.5573287       1.0000       0.0000       0.0000       2394.0       0.0000       0.0000       0.0000       353.49      -62.862      -132.33      -1586.7      -965.63    
  358.0000000       1.0000       0.0000       0.0000       2439.1       0.0000       0.0000       0.0000       319.88      -63.167      -132.34      -1593.9      -969.53    
  358.0000000       1.0000       0.0000       0.0000       2439.1       0.0000       0.0000       0.0000       319.88      -63.167      -132.34      -1593.9      -969.53    
  358.2229315       1.0000       0.0000       0.0000       2460.6       0.0000       0.0000       0.0000       304.17      -63.321      -132.34      -1597.6      -971.48    
  358.4458630       1.0000       0.0000       0.0000       2480.9       0.0000       0.0000       0.0000       289.59      -63.485      -132.34      -1601.2      -973.44    
  358.4664371       1.0000       0.0000       0.0000       2482.7       0.0000       0.0000       0.0000       288.26      -63.501      -132.34      -1601.5      -973.62    
  358.5075854       1.0000       0.0000       0.0000       2486.5       0.0000       0.0000       0.0000       285.60      -63.532      -132.34      -1602.2      -973.98    
  358.5075854       1.0000       0.0000       0.0000       2486.5       0.0000       0.0000       0.0000       285.60      -63.532      -132.34      -1602.2      -973.98    
  358.6859306       1.0000       0.0000       0.0000       2501.8       0.0000       0.0000       0.0000       274.86      -63.666      -132.34      -1605.1      -975.56    
  358.8642758       1.0000       0.0000       0.0000       2516.5       0.0000       0.0000       0.0000       264.74      -63.797      -132.35      -1607.9      -977.16    
  359.0000000       1.0000       0.0000       0.0000       2527.4       0.0000       0.0000       0.0000       257.37      -63.896      -132.35      -1610.1      -978.38    
  359.0000000       1.0000       0.0000       0.0000       2527.4       0.0000       0.0000       0.0000       257.37      -63.896      -132.35      -1610.1      -978.38    
  359.1426762       1.0000       0.0000       0.0000       2538.4       0.0000       0.0000       0.0000       249.99      -63.992      -132.35      -1612.4      -979.63    
  359.2853523       1.0000       0.0000       0.0000       2549.0       0.0000       0.0000       0.0000       242.95      -64.079      -132.35      -1614.7      -980.83    
  359.5707046       1.0000       0.0000       0.0000       2569.0       0.0000       0.0000       0.0000       230.07      -64.252      -132.35      -1619.3      -983.14    
  360.0000000       1.0000       0.0000       0.0000       2596.6       0.0000       0.0000       0.0000       212.99      -64.506      -132.35      -1626.2      -986.50    
