#      time         order        tairma       togactive    togpassiv    toper        tug       
  336.0000000       1.0000      -11.982       24.500       25.000       17.988       20.500    
  336.0277111       1.0000      -11.981       24.500       25.000       17.988       20.500    
  336.0554222       1.0000      -11.981       24.500       25.000       17.987       20.500    
  336.0682198       1.0000      -11.981       24.500       25.000       17.987       20.500    
  336.0682198       1.0000      -11.981       24.500       25.000       17.987       20.500    
  336.0903887       1.0000      -11.981       24.500       25.000       17.987       20.500    
  336.1125575       1.0000      -11.981       24.500       25.000       17.987       20.500    
  336.1568953       1.0000      -11.981       24.500       25.000       17.986       20.500    
  336.2455708       1.0000      -11.980       24.500       25.000       17.984       20.500    
  336.4229219       1.0000      -11.979       24.500       25.000       17.982       20.500    
  336.7776240       1.0000      -11.977       24.500       25.000       17.977       20.500    
  337.0000000       1.0000      -11.977       24.500       25.000       17.973       20.500    
  337.0000000       1.0000      -11.977       24.500       25.000       17.973       20.500    
  337.2837617       1.0000      -11.976       24.500       25.000       17.970       20.500    
  337.5675234       1.0000      -11.975       24.500       25.000       17.966       20.500    
  338.0000000       1.0000      -11.975       24.500       25.000       17.961       20.500    
  338.0000000       1.0000      -11.975       24.500       25.000       17.961       20.500    
  338.2270094       1.0000      -11.975       24.500       25.000       17.958       20.500    
  338.4540187       1.0000      -11.976       24.500       25.000       17.955       20.500    
  338.9080375       1.0000      -11.977       24.500       25.000       17.950       20.500    
  339.0000000       1.0000      -11.977       24.500       25.000       17.949       20.500    
  339.0000000       1.0000      -11.977       24.500       25.000       17.949       20.500    
  339.3632150       1.0000      -11.978       24.500       25.000       17.946       20.500    
  339.7264300       1.0000      -11.980       24.500       25.000       17.942       20.500    
  340.0000000       1.0000      -11.982       24.500       25.000       17.939       20.500    
  340.0000000       1.0000      -11.982       24.500       25.000       17.939       20.500    
  340.2001218       1.0000      -11.985       24.500       25.000       17.937       20.500    
  340.4002436       1.0000      -11.987       24.500       25.000       17.935       20.500    
  340.4264857       1.0000      -11.988       24.500       25.000       17.935       20.500    
  340.4789699       1.0000      -11.988       24.500       25.000       17.935       20.500    
  340.4789699       1.0000      -11.988       24.500       25.000       17.935       20.500    
  340.6390673       1.0000      -11.991       24.500       25.000       17.933       20.500    
  340.7991647       1.0000      -11.993       24.500       25.000       17.932       20.500    
  341.0000000       1.0000      -11.995       24.500       25.000       17.930       20.500    
  341.0000000       1.0000      -11.995       24.500       25.000       17.930       20.500    
  341.0334978       1.0000      -11.996       24.500       25.000       17.929       20.500    
  341.0669955       1.0000      -11.996       24.500       25.000       17.929       20.500    
  341.0986329       1.0000      -11.997       24.500       25.000       17.929       20.500    
  341.1209903       1.0000      -11.997       24.500       25.000       17.929       20.500    
  341.1405617       1.0000      -11.997       24.500       25.000       17.929       20.500    
  341.1612116       1.0000      -11.997       24.500       25.000       17.928       20.500    
  341.1798055       1.0000      -11.998       24.500       25.000       17.928       20.500    
  341.1984890       1.0000      -11.998       24.500       25.000       17.928       20.500    
  341.2164927       1.0000      -11.998       24.500       25.000       17.928       20.500    
  341.2347019       1.0000      -11.998       24.500       25.000       17.928       20.500    
  341.2529417       1.0000      -11.998       24.500       25.000       17.928       20.500    
  341.2719537       1.0000      -11.999       24.500       25.000       17.927       20.500    
  341.2926427       1.0000      -11.999       24.500       25.000       17.927       20.500    
  341.3153501       1.0000      -11.999       24.500       25.000       17.927       20.500    
  341.3408346       1.0000      -11.999       24.500       25.000       17.927       20.500    
  341.3695986       1.0000      -12.000       24.500       25.000       17.926       20.500    
  341.4029150       1.0000      -12.000       24.500       25.000       17.926       20.500    
  341.4420061       1.0000      -12.000       24.500       25.000       17.926       20.500    
  341.4891999       1.0000      -12.001       24.500       25.000       17.925       20.500    
  341.5478014       1.0000      -12.001       24.500       25.000       17.925       20.500    
  341.6239840       1.0000      -12.002       24.500       25.000       17.924       20.500    
  341.7273979       1.0000      -12.003       24.500       25.000       17.923       20.500    
  341.8824781       1.0000      -12.004       24.500       25.000       17.922       20.500    
  342.0000000       1.0000      -12.005       24.500       25.000       17.921       20.500    
  342.0000000       1.0000      -12.005       24.500       25.000       17.921       20.500    
  342.0253099       1.0000      -12.005       24.500       25.000       17.921       20.500    
  342.0506198       1.0000      -12.005       24.500       25.000       17.921       20.500    
  342.1012396       1.0000      -12.005       24.500       25.000       17.920       20.500    
  342.2024792       1.0000      -12.006       24.500       25.000       17.920       20.500    
  342.4049584       1.0000      -12.006       24.500       25.000       17.918       20.500    
  342.8099168       1.0000      -12.004       24.500       25.000       17.915       20.500    
  343.0000000       1.0000      -12.003       24.500       25.000       17.914       20.500    
  343.0000000       1.0000      -12.003       24.500       25.000       17.914       20.500    
  343.0343945       1.0000      -12.002       24.500       25.000       19.692       20.500    
  343.0687890       1.0000      -12.002       24.500       25.000       20.124       20.500    
  343.1011679       1.0000      -12.001       24.500       25.000       19.908       20.500    
  343.1334259       1.0000      -12.001       24.500       25.000       19.609       20.500    
  343.1754230       1.0000      -12.000       24.500       25.000       19.451       20.500    
  343.2405886       1.0000      -11.999       24.500       25.000       19.477       20.500    
  343.3211551       1.0000      -11.998       24.500       25.000       19.523       20.500    
  343.4506229       1.0000      -11.996       24.500       25.000       19.542       20.500    
  343.6546876       1.0000      -11.991       24.500       25.000       19.561       20.500    
  344.0000000       1.0000      -11.982       24.500       25.000       19.589       20.500    
  344.0000000       1.0000      -11.982       24.500       25.000       19.589       20.500    
  344.0275156       1.0000      -11.982       24.500       25.000       19.592       20.500    
  344.0550312       1.0000      -11.983       24.500       25.000       19.594       20.500    
  344.1100624       1.0000      -11.985       24.500       25.000       19.598       20.500    
  344.2201247       1.0000      -11.988       24.500       25.000       19.607       20.500    
  344.4402494       1.0000      -11.993       24.500       25.000       19.622       20.500    
  344.8804989       1.0000      -12.002       24.500       25.000       19.647       20.500    
  345.0000000       1.0000      -12.003       24.500       25.000       19.653       20.500    
  345.0000000       1.0000      -12.003       24.500       25.000       19.653       20.500    
  345.3521996       1.0000      -12.007       24.500       25.000       19.670       20.500    
  345.7043991       1.0000      -12.008       24.500       25.000       19.684       20.500    
  346.0000000       1.0000      -12.008       24.500       25.000       19.695       20.500    
  346.0000000       1.0000      -12.008       24.500       25.000       19.695       20.500    
  346.2817596       1.0000      -12.007       24.500       25.000       19.704       20.500    
  346.5635193       1.0000      -12.005       24.500       25.000       19.712       20.500    
  347.0000000       1.0000      -12.000       24.500       25.000       19.723       20.500    
  347.0000000       1.0000      -12.000       24.500       25.000       19.723       20.500    
  347.2254077       1.0000      -11.996       24.500       25.000       19.729       20.500    
  347.4508154       1.0000      -11.993       24.500       25.000       19.734       20.500    
  347.9016308       1.0000      -11.984       24.500       25.000       19.743       20.500    
  348.0000000       1.0000      -11.982       24.500       25.000       19.745       20.500    
  348.0000000       1.0000      -11.982       24.500       25.000       19.745       20.500    
  348.3606523       1.0000      -11.982       24.500       25.000       19.752       20.500    
  348.7213047       1.0000      -11.981       24.500       25.000       19.758       20.500    
  349.0000000       1.0000      -11.981       24.500       25.000       19.763       20.500    
  349.0000000       1.0000      -11.981       24.500       25.000       19.763       20.500    
  349.2885219       1.0000      -11.980       24.500       25.000       19.767       20.500    
  349.5770437       1.0000      -11.978       24.500       25.000       19.772       20.500    
  350.0000000       1.0000      -11.977       24.500       25.000       19.778       20.500    
  350.0000000       1.0000      -11.977       24.500       25.000       19.778       20.500    
  350.2308175       1.0000      -11.976       24.500       25.000       19.781       20.500    
  350.4616350       1.0000      -11.976       24.500       25.000       19.784       20.500    
  350.9232700       1.0000      -11.976       24.500       25.000       19.790       20.500    
  351.0000000       1.0000      -11.976       24.500       25.000       19.791       20.500    
  351.0000000       1.0000      -11.976       24.500       25.000       19.791       20.500    
  351.3693080       1.0000      -11.977       24.500       25.000       19.796       20.500    
  351.7386160       1.0000      -11.979       24.500       25.000       19.800       20.500    
  352.0000000       1.0000      -11.982       24.500       25.000       19.803       20.500    
  352.0000000       1.0000      -11.982       24.500       25.000       19.803       20.500    
  352.2954464       1.0000      -11.975       24.500       25.000       19.806       20.500    
  352.5908928       1.0000      -11.969       24.500       25.000       19.809       20.500    
  353.0000000       1.0000      -11.963       24.500       25.000       19.813       20.500    
  353.0000000       1.0000      -11.963       24.500       25.000       19.813       20.500    
  353.2363571       1.0000      -11.960       24.500       25.000       19.815       20.500    
  353.4727142       1.0000      -11.958       24.500       25.000       19.817       20.500    
  353.9454285       1.0000      -11.956       24.500       25.000       19.821       20.500    
  354.0000000       1.0000      -11.956       24.500       25.000       19.821       20.500    
  354.0000000       1.0000      -11.956       24.500       25.000       19.821       20.500    
  354.0046237       1.0000      -11.956       24.500       25.000       19.433       20.500    
  354.0092474       1.0000      -11.956       24.500       25.000       19.035       20.500    
  354.0134995       1.0000      -11.956       24.500       25.000       18.928       20.500    
  354.0183217       1.0000      -11.956       24.500       25.000       18.858       20.500    
  354.0235101       1.0000      -11.956       24.500       25.000       18.786       20.500    
  354.0295713       1.0000      -11.956       24.500       25.000       18.705       20.500    
  354.0367419       1.0000      -11.956       24.500       25.000       18.616       20.500    
  354.0460348       1.0000      -11.956       24.500       25.000       18.508       20.500    
  354.0614277       1.0000      -11.956       24.500       25.000       18.348       20.500    
  354.0775703       1.0000      -11.956       24.500       25.000       18.199       20.500    
  354.0952626       1.0000      -11.956       24.500       25.000       18.053       20.500    
  354.1127914       1.0000      -11.956       24.500       25.000       17.925       20.500    
  354.1321187       1.0000      -11.957       24.500       25.000       17.798       20.500    
  354.1528605       1.0000      -11.957       24.500       25.000       18.025       20.500    
  354.1761060       1.0000      -11.957       24.500       25.000       18.275       20.500    
  354.2020698       1.0000      -11.957       24.500       25.000       18.403       20.500    
  354.2319999       1.0000      -11.957       24.500       25.000       18.391       20.500    
  354.2670234       1.0000      -11.957       24.500       25.000       18.315       20.500    
  354.3090897       1.0000      -11.957       24.500       25.000       18.259       20.500    
  354.3608224       1.0000      -11.958       24.500       25.000       18.246       20.500    
  354.4274250       1.0000      -11.958       24.500       25.000       18.245       20.500    
  354.5171731       1.0000      -11.959       24.500       25.000       18.236       20.500    
  354.6460647       1.0000      -11.960       24.500       25.000       18.219       20.500    
  354.8494441       1.0000      -11.962       24.500       25.000       18.198       20.500    
  355.0000000       1.0000      -11.964       24.500       25.000       18.183       20.500    
  355.0000000       1.0000      -11.964       24.500       25.000       18.183       20.500    
  355.0034017       1.0000      -11.964       24.500       25.000       18.183       20.500    
  355.0068033       1.0000      -11.964       24.500       25.000       18.183       20.500    
  355.0136067       1.0000      -11.964       24.500       25.000       18.182       20.500    
  355.0272133       1.0000      -11.964       24.500       25.000       18.181       20.500    
  355.0544266       1.0000      -11.964       24.500       25.000       18.178       20.500    
  355.1088533       1.0000      -11.965       24.500       25.000       18.173       20.500    
  355.2177065       1.0000      -11.967       24.500       25.000       18.163       20.500    
  355.4354131       1.0000      -11.970       24.500       25.000       18.145       20.500    
  355.8708262       1.0000      -11.979       24.500       25.000       18.116       20.500    
  356.0000000       1.0000      -11.982       24.500       25.000       18.108       20.500    
  356.0000000       1.0000      -11.982       24.500       25.000       18.108       20.500    
  356.3483305       1.0000      -11.976       24.500       25.000       18.090       20.500    
  356.6966609       1.0000      -11.972       24.500       25.000       18.074       20.500    
  357.0000000       1.0000      -11.970       24.500       25.000       18.062       20.500    
  357.0000000       1.0000      -11.970       24.500       25.000       18.062       20.500    
  357.2786644       1.0000      -11.968       24.500       25.000       18.052       20.500    
  357.5573287       1.0000      -11.967       24.500       25.000       18.042       20.500    
  358.0000000       1.0000      -11.967       24.500       25.000       18.030       20.500    
  358.0000000       1.0000      -11.967       24.500       25.000       18.030       20.500    
  358.2229315       1.0000      -11.967       24.500       25.000       18.024       20.500    
  358.4458630       1.0000      -11.968       24.500       25.000       18.018       20.500    
  358.4664371       1.0000      -11.968       24.500       25.000       18.018       20.500    
  358.5075854       1.0000      -11.968       24.500       25.000       18.017       20.500    
  358.5075854       1.0000      -11.968       24.500       25.000       18.017       20.500    
  358.6859306       1.0000      -11.969       24.500       25.000       18.013       20.500    
  358.8642758       1.0000      -11.970       24.500       25.000       18.009       20.500    
  359.0000000       1.0000      -11.971       24.500       25.000       18.006       20.500    
  359.0000000       1.0000      -11.971       24.500       25.000       18.006       20.500    
  359.1426762       1.0000      -11.972       24.500       25.000       18.003       20.500    
  359.2853523       1.0000      -11.973       24.500       25.000       18.000       20.500    
  359.5707046       1.0000      -11.976       24.500       25.000       17.995       20.500    
  360.0000000       1.0000      -11.982       24.500       25.000       17.988       20.500    
